,blockNumber,timeStamp,hash,nonce,blockHash,from,contractAddress,to,tokenID,tokenName,tokenSymbol,tokenDecimal,transactionIndex,gas,gasPrice,gasUsed,cumulativeGasUsed,input,confirmations
0,11017567,2020-10-08 22:33:51,0xb7a9a71637f760242a5990af0f731992f726424441a30013a80ccb2079499016,60,0xd2d35b09f53a6656ad767e9073295be2577cff8205ada10d0e64a02ec01c9e6d,0x0000000000000000000000000000000000000000,0x60f80121c31a0d46b5279700f9df786054aa5ee5,0x2cad6658ae641a6cee952739323f52eea0a0b730,43400.0,Rarible,RARI,0,62,323334,48000000000,293940,7293554,deprecated,4248573
1,11088697,2020-10-19 20:38:09,0x3817bb1cd5df030adfd88cc37865a03983db4ec2cf576d470440b33c4df55860,144,0xb4b34d48fa1ef17a389c819664459141e4637ba86e2a1fdd8b8460f39d8c6c3d,0x0000000000000000000000000000000000000000,0x60f80121c31a0d46b5279700f9df786054aa5ee5,0x2cad6658ae641a6cee952739323f52eea0a0b730,52881.0,Rarible,RARI,0,43,311427,25000000000,283116,5186861,deprecated,4177443
2,11973913,2021-03-04 20:20:46,0xf7c826593821523e4b8faa5a634726bc9c5a20e1575250da272d3e77e94d5e98,185,0x8ec66e261fc48a7963601de18bd07fec3016a9f68215f470954cb04bb7c43344,0x2cad6658ae641a6cee952739323f52eea0a0b730,0x60f80121c31a0d46b5279700f9df786054aa5ee5,0x9e6582073a20afa8a3160c9a8b8247160d29d2d1,43400.0,Rarible,RARI,0,192,255527,106000000000,217356,10061585,deprecated,3292227
3,11974447,2021-03-04 22:16:46,0xc83c6081a17090d04067a68ca43cc11141ca6aaeaf17979c99ae31313960d7cf,287,0x69fe724a742c7bd672d2ac2fa8f1c45e6e5a9ce96923c9b4309c5ea9e960d0cb,0x2cad6658ae641a6cee952739323f52eea0a0b730,0x60f80121c31a0d46b5279700f9df786054aa5ee5,0x9e6582073a20afa8a3160c9a8b8247160d29d2d1,52881.0,Rarible,RARI,0,36,242491,100000000000,189449,1823246,deprecated,3291693
4,12606738,2021-06-10 12:22:00,0x6493c831cabcb4c613bdcf4ad73a46719a3b11386c00d7926179bb72663f067d,194,0xfd45bca28cfbfadf5df6ad1276192abf6adcd2bc7b07a84b483d68c8518f36a0,0x458893e4b31e3554d69a0b78f3bdcff4458de95b,0xd1e5b0ff1287aa9f9a268759062e4ab08b9dacbe,0x2cad6658ae641a6cee952739323f52eea0a0b730,9.847456713717495e+76,.crypto,UD,0,53,203740,12000000000,181781,5945823,deprecated,2659402
5,12892702,2021-07-25 02:09:30,0xe6671d4a69ff2fb94bf38ffd29720c9461019db132a3ecf3b5314ee16158a03a,195,0x99a3e8b61232e14534f3c26716b764081048450fc0fb807411a8d3b86e564839,0x073ab1c0cad3677cde9bdb0cdeedc2085c029579,0x57f1887a8bf19b14fc0df6fd9b2acc9af147ea85,0x2cad6658ae641a6cee952739323f52eea0a0b730,7.774183944326663e+76,Ethereum Name Service,ENS,0,168,267040,12000000000,248556,12445304,deprecated,2373438
