,blockNumber,timeStamp,hash,nonce,blockHash,from,contractAddress,to,tokenID,tokenName,tokenSymbol,tokenDecimal,transactionIndex,gas,gasPrice,gasUsed,cumulativeGasUsed,input,confirmations
0,9432968,2020-02-07 02:42:51,0x4d355035c92d754100c2e4a2ebd3e6c2c234e652c61bbc9b08970ea332db0505,37362,0x9df863b9797f0397b9fbb9910bd72c7840c33c259c965cb743312e076a21d382,0x6109dd117aa5486605fc85e040ab00163a75c662,0x57f1887a8bf19b14fc0df6fd9b2acc9af147ea85,0xf6dd631279377205818c3a6725eeefb9d0f6b9f3,7.953081785415728e+76,Ethereum Name Service,ENS,0,66,1923494,3010000000,1631277,6975230,deprecated,5832891
1,12459949,2021-05-18 18:15:01,0xe3ff61a3552cb8fa89e102f2ed23cdaf65655784799edbd63547967d1ecd593c,1459,0x0d4b2fb1b9745f470493a704358122aa9b1780bcc4eeaccbe07362e2679e768c,0xf6dd631279377205818c3a6725eeefb9d0f6b9f3,0x57f1887a8bf19b14fc0df6fd9b2acc9af147ea85,0x0000000000000000000000000000000000000000,7.953081785415728e+76,Ethereum Name Service,ENS,0,89,251376,119000000000,195344,5212558,deprecated,2805910
