,blockNumber,timeStamp,hash,nonce,blockHash,from,contractAddress,to,tokenID,tokenName,tokenSymbol,tokenDecimal,transactionIndex,gas,gasPrice,gasUsed,cumulativeGasUsed,input,confirmations
0,13331258,2021-10-01 04:20:26,0xb4b5019034748b4764f55290dd4603114be78eafd8b8e4223e419fea06ae09bd,103,0xd5d72f0b13477fe129783dbf9e37576b1a2e38bb55d23486827d34b77eac7976,0xf175b4f6e1846f3ac7e4b5ad82d551677293ae29,0x3a0335409a0becd0da1ff6e442b9b6874d4e87a1,0x27e6cecf9f1a32adfec4ccafba94907c06ed3ede,4701,Template,TMPLT,0,14,313222,98899523555,226399,1006626,deprecated,1934966
1,13402253,2021-10-12 07:09:37,0xbef9552adfe6aedd30d3e65c8524d9c6c67502d43cd1cc5a50b535bfe4744d4b,113,0x83ab20c5b1073cd536983dc9e5a432cbb17983865ee035e92fc55dbc283874b1,0x27e6cecf9f1a32adfec4ccafba94907c06ed3ede,0x3a0335409a0becd0da1ff6e442b9b6874d4e87a1,0xcac4fcd56cd7772ca89496efa0fd5e17ea2ca364,4701,Template,TMPLT,0,184,94633,77099003864,85033,14606541,deprecated,1863971
