,blockNumber,timeStamp,hash,nonce,blockHash,from,contractAddress,to,tokenID,tokenName,tokenSymbol,tokenDecimal,transactionIndex,gas,gasPrice,gasUsed,cumulativeGasUsed,input,confirmations
0,11154900,2020-10-30 00:22:31,0xb5607f469ca8d2b542780864ad19b11e6bccef9a13db0edf059c1babc947143f,13,0x6e9ca40281cddfd843b665588d6a4079a7aff79dd6f7fabfa76945cae482b563,0x4b20a756626b0a6614b3a1463c164b749e693e11,0x86f76990b265cd5c9789b556d6fe3f8e7f909674,0xe53e7aff40bb7ef958bf98a67b9df8d0016deeaf,817,PG Wendex Badges,WNDX,0,18,11228040,41000000000,8721053,9723447,deprecated,4110891
1,11305643,2020-11-22 03:40:50,0x66f4893ac0e03c2d688fc8fdf195f5aef6d57f5ec0ec0e7d142ef08adf58753f,30,0x632b6e65bae78eca51954fb5d975e4c73f5d450094f476ba4f396aa5f7f1009f,0x429e38081e4b3c227143af9eda6e6776cc2c4cb1,0x0bfa7d593b7a0812f4d11459e77ee868527f53b4,0xe53e7aff40bb7ef958bf98a67b9df8d0016deeaf,51,PolyAnt Queen,ANT,0,7,7693024,57000000000,5113683,5362238,deprecated,3960148
2,11643033,2021-01-12 22:56:37,0xfb52df088ddf7dc15133c4aae1c1c2bc0b19c3638fa222123afedc1d563d6916,775,0xd26d60fe2b45fc8f58ef5600bc5b0721c10cdb18bf4b274e2f8a7ab656bb065a,0xe53e7aff40bb7ef958bf98a67b9df8d0016deeaf,0x9f9c171afde4cc6bbf6d38ae4012c83633653b85,0xc0819e1e01204bcb9cb5a0a3be826afedad6edef,1189,PGFKs,PGFK,0,62,247510,71000000000,165007,4246585,deprecated,3622758
3,11643054,2021-01-12 23:00:32,0x2ac0eae5a994ca8b319ecaa4c275276791cb48d7a8da94652108f71b24c2d9fe,776,0xaa631c58d9e1e489999786b215739ba0170652300dc25ba86ce6de5749a46511,0xe53e7aff40bb7ef958bf98a67b9df8d0016deeaf,0x9f9c171afde4cc6bbf6d38ae4012c83633653b85,0xc0819e1e01204bcb9cb5a0a3be826afedad6edef,1188,PGFKs,PGFK,0,29,225010,57000000000,150007,1691753,deprecated,3622737
4,11643107,2021-01-12 23:14:32,0x832c8ee608301e3bed23d8a74a37bfc33770c00793a2e54ebe5d4b6e8046a1fa,782,0x0e9721cbf8328c4863288802de70339dc6c1a95deddcd93b2ea6bbbfb943cca9,0xe53e7aff40bb7ef958bf98a67b9df8d0016deeaf,0x9f9c171afde4cc6bbf6d38ae4012c83633653b85,0xc0819e1e01204bcb9cb5a0a3be826afedad6edef,1190,PGFKs,PGFK,0,66,225010,65000000000,150007,5078526,deprecated,3622684
5,11643132,2021-01-12 23:19:54,0x94ed5d7f9282bca73f18aa8dadd3ae251ddc40c2af1f4d7fbe23165e04f39bc9,783,0xb5a08023cdbe6a58064fca2fe3462edd994c4cc2ed7c7312e422d8289298653f,0xe53e7aff40bb7ef958bf98a67b9df8d0016deeaf,0x9f9c171afde4cc6bbf6d38ae4012c83633653b85,0xc0819e1e01204bcb9cb5a0a3be826afedad6edef,1187,PGFKs,PGFK,0,32,225010,86000000000,150007,2433435,deprecated,3622659
6,11643154,2021-01-12 23:27:43,0x1a5d3579a0f2ae932d064fe68e6eac62634b42288cf7c3d9aa0ff3ebda3b2730,784,0x53e1b94c01a7fcef3af989da4ad8f9d9cc17621c102360afa28ba6d85da88812,0xe53e7aff40bb7ef958bf98a67b9df8d0016deeaf,0x9f9c171afde4cc6bbf6d38ae4012c83633653b85,0xc0819e1e01204bcb9cb5a0a3be826afedad6edef,1186,PGFKs,PGFK,0,117,225010,73000000000,150007,8133966,deprecated,3622637
7,11643159,2021-01-12 23:29:20,0xb58dcb5a96af2500f83f8461ad5de90506c3cb4565d030d4ca0b1da255a54e46,785,0x28226fc48575abd34e9ad7b19abf4589a942d07868ab5b6f71ece98f568cd3fd,0xe53e7aff40bb7ef958bf98a67b9df8d0016deeaf,0x9f9c171afde4cc6bbf6d38ae4012c83633653b85,0xc0819e1e01204bcb9cb5a0a3be826afedad6edef,1185,PGFKs,PGFK,0,25,225010,77000000000,150007,2967541,deprecated,3622632
8,11643169,2021-01-12 23:30:45,0xf2578e0b9bc06784b11ee5d899e6d658c9b69e33435755f234480cf81d160182,786,0xd90b0d229dbc615180c30a615e3e298d1424361a62294de4f90f6eaa4df01f4d,0xe53e7aff40bb7ef958bf98a67b9df8d0016deeaf,0x9f9c171afde4cc6bbf6d38ae4012c83633653b85,0xc0819e1e01204bcb9cb5a0a3be826afedad6edef,1184,PGFKs,PGFK,0,50,225010,77000000000,150007,5084910,deprecated,3622622
9,11643177,2021-01-12 23:32:10,0x86c9f0c0948307e8c8c4deda24ea6c67d34eb8be22a597269ee977dc499af8e4,787,0x535d9e28c68672669b518d09b4c3b0ddb2a2a07a0b6d21f2150ab7c9f45caf36,0xe53e7aff40bb7ef958bf98a67b9df8d0016deeaf,0x9f9c171afde4cc6bbf6d38ae4012c83633653b85,0xc0819e1e01204bcb9cb5a0a3be826afedad6edef,1183,PGFKs,PGFK,0,21,225010,78000000000,150007,2563890,deprecated,3622614
10,11643184,2021-01-12 23:33:13,0xb1154dae4db9213d9a880c5dab0e6bd6634a716e23b27f341c858d5907fc0e59,788,0x1970f326de126d4e8beb6a8787eccd60542cd3b33f9511f86a120b2bdd5f83f0,0xe53e7aff40bb7ef958bf98a67b9df8d0016deeaf,0x9f9c171afde4cc6bbf6d38ae4012c83633653b85,0xc0819e1e01204bcb9cb5a0a3be826afedad6edef,1182,PGFKs,PGFK,0,60,225010,78000000000,150007,2722223,deprecated,3622607
11,11643190,2021-01-12 23:35:26,0xfc0744ca201374e427bcd760a4475d2f0b712643e7d81d1d7619775b956c07e8,789,0x54c1b077ed9f128e1d85933a16daaaf532dbafcd45b35dcd87c6e8910c637384,0xe53e7aff40bb7ef958bf98a67b9df8d0016deeaf,0x9f9c171afde4cc6bbf6d38ae4012c83633653b85,0xc0819e1e01204bcb9cb5a0a3be826afedad6edef,1181,PGFKs,PGFK,0,19,114676,75000000000,61451,1233079,deprecated,3622601
