,blockNumber,timeStamp,hash,nonce,blockHash,from,contractAddress,to,value,tokenName,tokenSymbol,tokenDecimal,transactionIndex,gas,gasPrice,gasUsed,cumulativeGasUsed,input,confirmations
0,10772797,2020-09-01 03:13:53,0xf29b72287b020eba93f7c51efbdd0c5e69cba33bdf26aafb98924c3dc9197e18,0,0x0ce10d8bf578eccc723392de37d7d023df9a48209d75ac9532339e12cc66155c,0x37adc35f7b12582240818df04aac04ca409d5913,0xa0b86991c6218b36c1d19d4a2e9eb0ce3606eb48,0x10c81cc047525b81a9df079b7c0e549669d286de,2178229798.0,USD Coin,USDC,6,148,311442,272800000000,214034,6568770,deprecated,4411430
1,10772803,2020-09-01 03:15:11,0x47d1eac5e9b3f767a1f74f7a703bb3fab9c8e0f31dd694dd247dceebf728ba31,1,0x9b95de70799406ec22093fb0cfc4f6dc8dd57de015b062c387261820e4c65eaa,0x0000000000000000000000000000000000000000,0xc11eccdee225d644f873776a68a02ecd8c015697,0x10c81cc047525b81a9df079b7c0e549669d286de,4.761648161341437e+18,Wrapped Ether_DODO_LP_TOKEN_,DLP,18,31,238487,272800000000,160197,1486775,deprecated,4411424
2,10772861,2020-09-01 03:28:42,0xb57c39c23357b87c3cb18496588da61b5117a3ffb436b0f14c41f9422a231564,5,0xe362ad23a3457f9553ef931568e937747041d1fac83f3d0bb130e905938253c3,0x10c81cc047525b81a9df079b7c0e549669d286de,0xa0b86991c6218b36c1d19d4a2e9eb0ce3606eb48,0x75c23271661d9d143dcb617222bc4bec783eff34,2178110000.0,USD Coin,USDC,6,159,180248,286000000000,142695,7551985,deprecated,4411366
3,10772861,2020-09-01 03:28:42,0xb57c39c23357b87c3cb18496588da61b5117a3ffb436b0f14c41f9422a231564,5,0xe362ad23a3457f9553ef931568e937747041d1fac83f3d0bb130e905938253c3,0x0000000000000000000000000000000000000000,0x6a5eb3555cbbd29016ba6f6ffbccee28d57b2932,0x10c81cc047525b81a9df079b7c0e549669d286de,2149895184.0,USD//C_DODO_LP_TOKEN_,DLP,6,159,180248,286000000000,142695,7551985,deprecated,4411366
4,10772864,2020-09-01 03:29:18,0x9e032cea00f493fac5a655c836e038647bf4282d91a7727ee37bc1a3fd4ce175,6,0x7bed77ba9f69d4f39071f1f7e840a073b49216841e1c735fa811d978db440936,0x10c81cc047525b81a9df079b7c0e549669d286de,0xa0b86991c6218b36c1d19d4a2e9eb0ce3606eb48,0x75c23271661d9d143dcb617222bc4bec783eff34,10000.0,USD Coin,USDC,6,142,164986,286000000000,127671,7167725,deprecated,4411363
5,10772864,2020-09-01 03:29:18,0x9e032cea00f493fac5a655c836e038647bf4282d91a7727ee37bc1a3fd4ce175,6,0x7bed77ba9f69d4f39071f1f7e840a073b49216841e1c735fa811d978db440936,0x0000000000000000000000000000000000000000,0x6a5eb3555cbbd29016ba6f6ffbccee28d57b2932,0x10c81cc047525b81a9df079b7c0e549669d286de,9870.0,USD//C_DODO_LP_TOKEN_,DLP,6,142,164986,286000000000,127671,7167725,deprecated,4411363
6,10772876,2020-09-01 03:31:48,0xe82b562eca9fadb05b56a6f97258bab483d1b941d14eb8b9ad9ad6cb73243997,7,0x97a9589dda7d5cef95275f5ae1d5b8d07cc4d37ad965ca962a571b206d0900fe,0x10c81cc047525b81a9df079b7c0e549669d286de,0xc11eccdee225d644f873776a68a02ecd8c015697,0x37adc35f7b12582240818df04aac04ca409d5913,4.761648161341437e+18,Wrapped Ether_DODO_LP_TOKEN_,DLP,18,50,309333,286000000000,231131,1730150,deprecated,4411351
7,10772876,2020-09-01 03:31:48,0xe82b562eca9fadb05b56a6f97258bab483d1b941d14eb8b9ad9ad6cb73243997,7,0x97a9589dda7d5cef95275f5ae1d5b8d07cc4d37ad965ca962a571b206d0900fe,0x37adc35f7b12582240818df04aac04ca409d5913,0xc11eccdee225d644f873776a68a02ecd8c015697,0x10c81cc047525b81a9df079b7c0e549669d286de,1.594664917050813e+18,Wrapped Ether_DODO_LP_TOKEN_,DLP,18,50,309333,286000000000,231131,1730150,deprecated,4411351
8,10772885,2020-09-01 03:32:59,0xa1d836b2cebbd5ba2c1f160d5b843c5fe9303e6dd7e17d0345b77db00b2550ac,8,0x366a1bdbd4a72acaeb13c8ed7b43bb9b419f808d809de59217d01e1292afa41d,0x0000000000000000000000000000000000000000,0xc11eccdee225d644f873776a68a02ecd8c015697,0x10c81cc047525b81a9df079b7c0e549669d286de,8.287432788788222e+18,Wrapped Ether_DODO_LP_TOKEN_,DLP,18,17,223487,286000000000,145197,863490,deprecated,4411342
9,10774669,2020-09-01 10:16:22,0x9cbd8d3e3d37a0eb112d7977e7a3e430af358be181c3f12cc6075e2f20604014,712563,0x96a9c7296f20d6a6bdd81858d39505250d9d2e711220209619f42e0a6c2aea2e,0x75e89d5979e4f6fba9f97c104c2f0afb3f1dcb88,0xdac17f958d2ee523a2206206994597c13d831ec7,0x10c81cc047525b81a9df079b7c0e549669d286de,996000000.0,Tether USD,USDT,6,157,56221,490000000000,56197,4787159,deprecated,4409558
10,10775382,2020-09-01 12:52:21,0x44334125f8cf0152e1ed9d72673a108a5c4c1f0ddb58eabffc214fed15115ad9,9,0x290ba9e5e7299cfb8baadfeea31efd3e8637ec3ccc49b3a35b329f1e970e014d,0x0000000000000000000000000000000000000000,0xc11eccdee225d644f873776a68a02ecd8c015697,0x10c81cc047525b81a9df079b7c0e549669d286de,9.86899185035743e+18,Wrapped Ether_DODO_LP_TOKEN_,DLP,18,229,222555,523600000000,144265,10361132,deprecated,4408845
11,10775428,2020-09-01 13:00:39,0x9a040090c47f9df3bff13a769aafb5641e51ad88cac6c5d9d3a43adcdc3a1669,11,0xfaa64e8c3d1f745950c7a8a1ad1a36b6d659b4ba6c08f1cdc446c6c60cbf88fb,0x10c81cc047525b81a9df079b7c0e549669d286de,0xdac17f958d2ee523a2206206994597c13d831ec7,0x0d4a11d5eeaac28ec3f61d100daf4d40471f1852,996000000.0,Tether USD,USDT,6,241,201702,302500000000,157864,12398665,deprecated,4408799
12,10775428,2020-09-01 13:00:39,0x9a040090c47f9df3bff13a769aafb5641e51ad88cac6c5d9d3a43adcdc3a1669,11,0xfaa64e8c3d1f745950c7a8a1ad1a36b6d659b4ba6c08f1cdc446c6c60cbf88fb,0xd2e0c4928789e5db620e53af29f5fc7bca262635,0x6f87d756daf0503d08eb8993686c7fc01dc44fb1,0x10c81cc047525b81a9df079b7c0e549669d286de,9.51321843255443e+20,UniTrade,TRADE,18,241,201702,302500000000,157864,12398665,deprecated,4408799
13,10775711,2020-09-01 14:02:18,0xc9c50dfec8c5b21bc2171db0ab4c598406cdb49e590d8f167330e4a023066c45,12,0x360a0265bb825f9c62007cde2e5a145d899ff737e79e0a982f5e44665061ac4f,0x10c81cc047525b81a9df079b7c0e549669d286de,0xc11eccdee225d644f873776a68a02ecd8c015697,0x37adc35f7b12582240818df04aac04ca409d5913,1.9751089556196463e+19,Wrapped Ether_DODO_LP_TOKEN_,DLP,18,169,271451,523600000000,193249,9204848,deprecated,4408516
14,10775711,2020-09-01 14:02:18,0xc9c50dfec8c5b21bc2171db0ab4c598406cdb49e590d8f167330e4a023066c45,12,0x360a0265bb825f9c62007cde2e5a145d899ff737e79e0a982f5e44665061ac4f,0x37adc35f7b12582240818df04aac04ca409d5913,0xc11eccdee225d644f873776a68a02ecd8c015697,0x10c81cc047525b81a9df079b7c0e549669d286de,9.88215370535943e+18,Wrapped Ether_DODO_LP_TOKEN_,DLP,18,169,271451,523600000000,193249,9204848,deprecated,4408516
15,10778784,2020-09-02 01:15:27,0xd57492c3678f91198de913e3bbd76808ccb9d297020b6553a4d7cd63b236192d,15,0xfd3d037e82bf4bde6c5cf358c2f6cbf94191b84766861f1acfbfe599c9a16f8a,0xd2e0c4928789e5db620e53af29f5fc7bca262635,0x6f87d756daf0503d08eb8993686c7fc01dc44fb1,0x10c81cc047525b81a9df079b7c0e549669d286de,9.87651316048496e+20,UniTrade,TRADE,18,164,148398,480000000000,109575,10687981,deprecated,4405443
16,10778784,2020-09-02 01:15:27,0x23c2cf2546fb6558debac16de5b23b450c482bbd912bf282980ea83214a250af,16,0xfd3d037e82bf4bde6c5cf358c2f6cbf94191b84766861f1acfbfe599c9a16f8a,0xd2e0c4928789e5db620e53af29f5fc7bca262635,0x6f87d756daf0503d08eb8993686c7fc01dc44fb1,0x10c81cc047525b81a9df079b7c0e549669d286de,9.85715457335606e+20,UniTrade,TRADE,18,165,148398,480000001459,97559,10785540,deprecated,4405443
17,10778784,2020-09-02 01:15:27,0x78048b39202354407e216d860edaac8e8b11a9b901032f6c3d8e61df42e5b90e,17,0xfd3d037e82bf4bde6c5cf358c2f6cbf94191b84766861f1acfbfe599c9a16f8a,0xd2e0c4928789e5db620e53af29f5fc7bca262635,0x6f87d756daf0503d08eb8993686c7fc01dc44fb1,0x10c81cc047525b81a9df079b7c0e549669d286de,9.837852874964381e+20,UniTrade,TRADE,18,166,148398,481000000000,97559,10883099,deprecated,4405443
18,10781542,2020-09-02 11:33:48,0x3759d48830650ce4c26612a8722e301a9a11c87ef18ea43c858c0175c63cb78b,39,0x29d86487de84a4bffd3f0445963b599082b612cd7f0440d8e284c457409b3a9f,0x5ca37299a257fd577a580f00dfe3c8d27dc336ac,0x1eddee3fa21591a9637f88dab9615c33ee636b9d,0x10c81cc047525b81a9df079b7c0e549669d286de,8.3333e+22,WeToken,WON,18,185,60000,483000000000,53635,7553342,deprecated,4402685
19,10787340,2020-09-03 08:49:59,0x9a24a1c8779faa7e04d503827779f5fe951e9338bc775084a223874bcbb3381f,18,0x66e1350f85b70903e201705d72f05089237ccabfe75f0c45b8998b8353fbf7b7,0xe275eb6154cb4a73f0ba573e43b2b06e9e78b7f0,0xfffffffff15abf397da76f1dcc1a1604f45126db,0x10c81cc047525b81a9df079b7c0e549669d286de,5.139650856342778e+21,FalconSwap Token,FSW,18,104,165096,250000000000,124517,8593686,deprecated,4396887
20,10787717,2020-09-03 10:10:29,0x78754d9cc24b0ba5ce107aa2eda04a64237581ab90ca0c899a08d17d9ea0c551,5076941,0xe46382508dd8797f4cf125e96f13d9eccd13ebe9fe16024eff6fbb8f84d903a3,0x3f5ce5fbfe3e9af3971dd833d26ba9b5c936f0be,0xdac17f958d2ee523a2206206994597c13d831ec7,0x10c81cc047525b81a9df079b7c0e549669d286de,3777966752.0,Tether USD,USDT,6,147,207128,325000000000,56209,5034466,deprecated,4396510
21,10787783,2020-09-03 10:25:20,0xeb7c6e0cf2f6ca404109df128a6936951d0a240f7867f951a8d2902ce6298f54,18,0x60b28e7614521ad4fcafc412348f1c39724c8d7e46796b10eb4708d1c04b7166,0xe0fc5dbc9e1479e366242a5e8562acb8d5284826,0x175ab41e2cedf3919b2e4426c19851223cf51046,0x10c81cc047525b81a9df079b7c0e549669d286de,1.1863373e+21,BACON,BACON,18,65,100000,300000000000,51179,4060615,deprecated,4396444
22,10792121,2020-09-04 02:31:25,0x93d14490b176431c0486f1d11107f81c871f0135ae940fbb4d24fe2ffba4ada8,39,0x05d1a9e71cd3934e8d655380f172b94faddb8a093031ebb1d1dad598aeffddd8,0x10c81cc047525b81a9df079b7c0e549669d286de,0x6a5eb3555cbbd29016ba6f6ffbccee28d57b2932,0x0000000000000000000000000000000000000000,2149897352.0,USD//C_DODO_LP_TOKEN_,DLP,6,167,203971,278300000000,166052,10652869,deprecated,4392106
23,10792121,2020-09-04 02:31:25,0x93d14490b176431c0486f1d11107f81c871f0135ae940fbb4d24fe2ffba4ada8,39,0x05d1a9e71cd3934e8d655380f172b94faddb8a093031ebb1d1dad598aeffddd8,0x75c23271661d9d143dcb617222bc4bec783eff34,0xa0b86991c6218b36c1d19d4a2e9eb0ce3606eb48,0x10c81cc047525b81a9df079b7c0e549669d286de,2166629611.0,USD Coin,USDC,6,167,203971,278300000000,166052,10652869,deprecated,4392106
24,10792124,2020-09-04 02:33:10,0x17d0ebae260bc3be0b474ed738f56be5d1af74e7c884aa8016b72e61b9f79b6d,40,0x6342de40816f4f74216c69d8ff14dd48200a1d8d6bb2099958a98e963e63056c,0x10c81cc047525b81a9df079b7c0e549669d286de,0xc11eccdee225d644f873776a68a02ecd8c015697,0x37adc35f7b12582240818df04aac04ca409d5913,9.88215370535943e+18,Wrapped Ether_DODO_LP_TOKEN_,DLP,18,42,271451,278300000000,193249,5214785,deprecated,4392103
25,10792124,2020-09-04 02:33:10,0x17d0ebae260bc3be0b474ed738f56be5d1af74e7c884aa8016b72e61b9f79b6d,40,0x6342de40816f4f74216c69d8ff14dd48200a1d8d6bb2099958a98e963e63056c,0x37adc35f7b12582240818df04aac04ca409d5913,0xc11eccdee225d644f873776a68a02ecd8c015697,0x10c81cc047525b81a9df079b7c0e549669d286de,172103560615456.0,Wrapped Ether_DODO_LP_TOKEN_,DLP,18,42,271451,278300000000,193249,5214785,deprecated,4392103
26,10795737,2020-09-04 15:39:24,0x2bc0532fe5ec68e4931a15c0be86ee035a39bd305f8425ee81c66508e733faee,41,0xfb3303d5ec91f7c11aebe60fe3f18de6a71ce71f1dfef61db5397bd6ac99c11e,0x12d4444f96c644385d8ab355f6ddf801315b6254,0x38e4adb44ef08f22f5b5b76a8f0c2d0dcbe7dca1,0x10c81cc047525b81a9df079b7c0e549669d286de,2.7670383288527156e+20,Concentrated Voting Power,CVP,18,67,156901,300000000000,129200,6118594,deprecated,4388490
27,10799104,2020-09-05 04:02:21,0x1bbd945ecf7e00c6389984db3c09a17850a01d11499031ec178f3feba31e5cc5,43,0x250de954e8ec8f64f7df130f303f4e68c4f80c6a7c586f6a141af8ca49b06dab,0x10c81cc047525b81a9df079b7c0e549669d286de,0x38e4adb44ef08f22f5b5b76a8f0c2d0dcbe7dca1,0x12d4444f96c644385d8ab355f6ddf801315b6254,2.7670383288527156e+20,Concentrated Voting Power,CVP,18,164,189827,150000000000,131789,11846511,deprecated,4385123
28,10799104,2020-09-05 04:02:21,0x1bbd945ecf7e00c6389984db3c09a17850a01d11499031ec178f3feba31e5cc5,43,0x250de954e8ec8f64f7df130f303f4e68c4f80c6a7c586f6a141af8ca49b06dab,0x0000000000000000000000000000000000000000,0x12d4444f96c644385d8ab355f6ddf801315b6254,0x10c81cc047525b81a9df079b7c0e549669d286de,3.211551908239159e+19,Uniswap V2,UNI-V2,18,164,189827,150000000000,131789,11846511,deprecated,4385123
29,10805618,2020-09-06 03:51:48,0x0ceef69e3a337cd4cb802323f1bf86bbd28e8a7efc7bf7f6749ae48a038c7b26,47,0x72160ac9440460efc0660b94715e97e670c07e2b19aad0b145af4e73df413d44,0x10c81cc047525b81a9df079b7c0e549669d286de,0xa0b86991c6218b36c1d19d4a2e9eb0ce3606eb48,0xaa840a1d40bebc2fc9c30c2b69bc29a045873ef6,2166739409.0,USD Coin,USDC,6,66,86790,101000000000,42381,3894793,deprecated,4378609
30,10805625,2020-09-06 03:53:17,0xe65f66e23a2ef7386cd28108995b6a15fca92fd889e6e3abd2e2dafd5d6f531e,48,0x7a345df27f1b7f6aec0e438de6997d87d84e7e33fd466084faae47a200683c77,0x10c81cc047525b81a9df079b7c0e549669d286de,0xdac17f958d2ee523a2206206994597c13d831ec7,0xaa840a1d40bebc2fc9c30c2b69bc29a045873ef6,3777966752.0,Tether USD,USDT,6,75,84313,101000000000,41209,7305041,deprecated,4378602
31,10831707,2020-09-10 03:58:24,0xbefa23530e77c9b2ce8d60549468558ea649745ef5854a09ece08cfb192c984e,49,0x778b0db6e40f96c3ee2fc0988af8b4cdc2a37ef7c421f88fa9eb517d2e374a23,0x10c81cc047525b81a9df079b7c0e549669d286de,0x12d4444f96c644385d8ab355f6ddf801315b6254,0x12d4444f96c644385d8ab355f6ddf801315b6254,3.211551908239159e+19,Uniswap V2,UNI-V2,18,159,310498,117000000000,196224,11688895,deprecated,4352520
32,10831707,2020-09-10 03:58:24,0xbefa23530e77c9b2ce8d60549468558ea649745ef5854a09ece08cfb192c984e,49,0x778b0db6e40f96c3ee2fc0988af8b4cdc2a37ef7c421f88fa9eb517d2e374a23,0x7a250d5630b4cf539739df2c5dacb4c659f2488d,0x38e4adb44ef08f22f5b5b76a8f0c2d0dcbe7dca1,0x10c81cc047525b81a9df079b7c0e549669d286de,2.8968412376016935e+20,Concentrated Voting Power,CVP,18,159,310498,117000000000,196224,11688895,deprecated,4352520
33,10831931,2020-09-10 04:46:11,0xaf8dd1ca2f79c6d27997f218d3e1551e9843f21aaafca000e1d66f5a2fabe57f,50,0xb62368e189550140fe687073d654a41cc283865757a27c3f4ef8f778e3cee2d5,0x10c81cc047525b81a9df079b7c0e549669d286de,0x38e4adb44ef08f22f5b5b76a8f0c2d0dcbe7dca1,0x6e8b16c21821b0b98e7939d4525f5c1145230b33,2.8968412376016935e+20,Concentrated Voting Power,CVP,18,143,83637,130000000000,40758,8414974,deprecated,4352296
34,10857710,2020-09-14 03:30:12,0x3691df65dc9bbd09f31444101b375a6be41ef2a577d8785645c41a68ead77fc4,1273069,0xea7a74fe81d62c2529581fb28a9c9d0ff022ef0eeb1a048b957301328749401f,0x1062a747393198f70f71ec65a582423dba7e5ab3,0xdac17f958d2ee523a2206206994597c13d831ec7,0x10c81cc047525b81a9df079b7c0e549669d286de,1735747056.0,Tether USD,USDT,6,42,100000,143000000000,56209,2427711,deprecated,4326517
35,10857731,2020-09-14 03:34:56,0xc4595f7299fd5242b17ff8d05dbf0c5a0fa49c1974b0bb37cab019a61c006615,2770582,0x24bb66fc6e3acce21deb6e5a2e1a1e6582b2e6da35c98f8f749d3ec04b269635,0x564286362092d8e7936f0549571a803b203aaced,0x4fabb145d64652a948d72533023f6e7a623c7c53,0x10c81cc047525b81a9df079b7c0e549669d286de,4.997e+21,Binance USD,BUSD,18,38,207128,138000000000,58135,2521644,deprecated,4326496
36,10857744,2020-09-14 03:37:14,0xa54e0c9252a7e9f0fa0ea91b42592d0600c8d20b88b87d8da0ab2285f90a85af,52,0x7b28d140118cab8738471686304f05d56ba17a3d9f8e5caee00d325c7128e7e3,0x10c81cc047525b81a9df079b7c0e549669d286de,0xdac17f958d2ee523a2206206994597c13d831ec7,0x0d4a11d5eeaac28ec3f61d100daf4d40471f1852,1696327590.0,Tether USD,USDT,6,119,177555,115000000000,135809,11238033,deprecated,4326483
37,10857744,2020-09-14 03:37:14,0xa54e0c9252a7e9f0fa0ea91b42592d0600c8d20b88b87d8da0ab2285f90a85af,52,0x7b28d140118cab8738471686304f05d56ba17a3d9f8e5caee00d325c7128e7e3,0x0000000000000000000000000000000000000000,0x0d4a11d5eeaac28ec3f61d100daf4d40471f1852,0x10c81cc047525b81a9df079b7c0e549669d286de,72158505655139.0,Uniswap V2,UNI-V2,18,119,177555,115000000000,135809,11238033,deprecated,4326483
38,10857774,2020-09-14 03:41:50,0x6dc8e04e106807d26d0fe4300234c812da0837543d6a785d67ec71f85b0d2229,53,0x5b6e411a6be370a4259617b4f780f09795407ab12ac413d7f694b6288dbb507c,0x10c81cc047525b81a9df079b7c0e549669d286de,0x0d4a11d5eeaac28ec3f61d100daf4d40471f1852,0x0d4a11d5eeaac28ec3f61d100daf4d40471f1852,72158505655139.0,Uniswap V2,UNI-V2,18,79,296861,114610000000,171808,7676368,deprecated,4326453
39,10857774,2020-09-14 03:41:50,0x6dc8e04e106807d26d0fe4300234c812da0837543d6a785d67ec71f85b0d2229,53,0x5b6e411a6be370a4259617b4f780f09795407ab12ac413d7f694b6288dbb507c,0x7a250d5630b4cf539739df2c5dacb4c659f2488d,0xdac17f958d2ee523a2206206994597c13d831ec7,0x10c81cc047525b81a9df079b7c0e549669d286de,1695821346.0,Tether USD,USDT,6,79,296861,114610000000,171808,7676368,deprecated,4326453
40,10857813,2020-09-14 03:51:02,0x0ae759b890c396ba42233a728ad3b0c9af0fb2f60714ac319477446389f82afb,334235,0xf4cde88d566c41ba4cfeb9bcc6792d0e34b2a7c7038ea7d8e26a7a8019c5b409,0x2faf487a4414fe77e2327f0bf4ae2a264a776ad2,0x476c5e26a75bd202a9683ffd34359c0cc15be0ff,0x10c81cc047525b81a9df079b7c0e549669d286de,298797964.0,Serum,SRM,6,58,80424,141600000000,52020,3230764,deprecated,4326414
41,10857849,2020-09-14 03:58:04,0xa393eefa8f243e620e6dd955502dbe587ebf20c77ef257cad32deae50c7d338b,55,0xc9d5a97e9324d7c7fe13998ff5684d99d3f4a7c29f7bc2688dfc0fc20d810113,0x10c81cc047525b81a9df079b7c0e549669d286de,0x476c5e26a75bd202a9683ffd34359c0cc15be0ff,0xcc3d1ecef1f9fd25599dbea2755019dc09db3c54,298797964.0,Serum,SRM,6,42,193081,117000000000,134752,2549907,deprecated,4326378
42,10857849,2020-09-14 03:58:04,0xa393eefa8f243e620e6dd955502dbe587ebf20c77ef257cad32deae50c7d338b,55,0xc9d5a97e9324d7c7fe13998ff5684d99d3f4a7c29f7bc2688dfc0fc20d810113,0x0000000000000000000000000000000000000000,0xcc3d1ecef1f9fd25599dbea2755019dc09db3c54,0x10c81cc047525b81a9df079b7c0e549669d286de,22815796168650.0,Uniswap V2,UNI-V2,18,42,193081,117000000000,134752,2549907,deprecated,4326378
43,10857906,2020-09-14 04:11:25,0xd55782043112593f568de126f1735a8daa49c79d150bb0fda6dcddaa33f5ed28,57,0xada8955cdbce98d068c400157541720b679b1a318b7fe4e83b48131531dacd1c,0x10c81cc047525b81a9df079b7c0e549669d286de,0xcc3d1ecef1f9fd25599dbea2755019dc09db3c54,0x0ec1f1573f3a2db0ad396c843e6a079e2a53e557,22815796168650.0,Uniswap V2,UNI-V2,18,17,200000,118000000000,131976,8710894,deprecated,4326321
44,10860917,2020-09-14 15:26:22,0x764d0abccdfb74075058ca04bba8c3cdbc77c888e64f7fc98d5d6eca3a7e53d4,60,0x6da74ba10b0d10740e63c39c715f27f2bbdac56a0700ee332a26aba446652170,0x10c81cc047525b81a9df079b7c0e549669d286de,0x4fabb145d64652a948d72533023f6e7a623c7c53,0x715134a16acb73c86e81df5542e1cf759eeb6fc7,4.997e+21,Binance USD,BUSD,18,66,230787,315000000000,168596,4400950,deprecated,4323310
45,10860917,2020-09-14 15:26:22,0x764d0abccdfb74075058ca04bba8c3cdbc77c888e64f7fc98d5d6eca3a7e53d4,60,0x6da74ba10b0d10740e63c39c715f27f2bbdac56a0700ee332a26aba446652170,0x0000000000000000000000000000000000000000,0x715134a16acb73c86e81df5542e1cf759eeb6fc7,0x10c81cc047525b81a9df079b7c0e549669d286de,2.5830768729421696e+20,SushiSwap LP Token,SLP,18,66,230787,315000000000,168596,4400950,deprecated,4323310
46,10860942,2020-09-14 15:32:16,0x4e3c0e696d22446b0d69426651917120f7fef128bddf108f6488a14b12087d53,63,0x6824453f675c4733873372cad76a130c8ccb0eac60a82bfb79c215257f7a4471,0x10c81cc047525b81a9df079b7c0e549669d286de,0x715134a16acb73c86e81df5542e1cf759eeb6fc7,0x6a1c61d4fcfd36ca908c8090418cf2b292951f8a,2.5830768729421696e+20,SushiSwap LP Token,SLP,18,148,215487,315000000000,128658,11793139,deprecated,4323285
47,10864011,2020-09-15 02:47:33,0xec944765bbc1b974b1276e5fd3950ba9c591373b6c679dbc0459e74da4ca77ec,64,0xbef3a5cdf8ae26a59e9bb74f6a8ddd71f00a00e6601c545290c084b553ad56e0,0x6a1c61d4fcfd36ca908c8090418cf2b292951f8a,0xce9afaf5b0da6ce0366ab40435a48ccff65d2ed7,0x10c81cc047525b81a9df079b7c0e549669d286de,3.366908768579294e+18,BobaToken,BOBA,18,52,203187,129360000000,135458,4344012,deprecated,4320216
48,10864011,2020-09-15 02:47:33,0xec944765bbc1b974b1276e5fd3950ba9c591373b6c679dbc0459e74da4ca77ec,64,0xbef3a5cdf8ae26a59e9bb74f6a8ddd71f00a00e6601c545290c084b553ad56e0,0x10c81cc047525b81a9df079b7c0e549669d286de,0x715134a16acb73c86e81df5542e1cf759eeb6fc7,0x6a1c61d4fcfd36ca908c8090418cf2b292951f8a,0.0,SushiSwap LP Token,SLP,18,52,203187,129360000000,135458,4344012,deprecated,4320216
49,10872866,2020-09-16 11:24:49,0x5f7e67e38f5c8b6002e9831d4ed5d3633bcd819e55c53cc2dca47afd9a17effc,65,0x908a0784d6bdafb0be53650a6830ab3cdd56d3170447dae13ffa94d5d6ebc43c,0x0ec1f1573f3a2db0ad396c843e6a079e2a53e557,0x066798d9ef0833ccc719076dab77199ecbd178b0,0x10c81cc047525b81a9df079b7c0e549669d286de,3.896928066786364e+19,SakeToken,SAKE,18,72,200000,115000000000,135296,6036326,deprecated,4311361
50,10872866,2020-09-16 11:24:49,0x5f7e67e38f5c8b6002e9831d4ed5d3633bcd819e55c53cc2dca47afd9a17effc,65,0x908a0784d6bdafb0be53650a6830ab3cdd56d3170447dae13ffa94d5d6ebc43c,0x0ec1f1573f3a2db0ad396c843e6a079e2a53e557,0xcc3d1ecef1f9fd25599dbea2755019dc09db3c54,0x10c81cc047525b81a9df079b7c0e549669d286de,22815796168650.0,Uniswap V2,UNI-V2,18,72,200000,115000000000,135296,6036326,deprecated,4311361
51,10873212,2020-09-16 12:36:02,0x11f0a5ede0ec76b2080029e45e0aec692d3b9060dde42197c6f7b27bb7159aae,66,0x227704c85844497d64971734730becbe37a30ea6890243c3d83c423f9a60f184,0x10c81cc047525b81a9df079b7c0e549669d286de,0xcc3d1ecef1f9fd25599dbea2755019dc09db3c54,0xcc3d1ecef1f9fd25599dbea2755019dc09db3c54,22815796168650.0,Uniswap V2,UNI-V2,18,41,314953,112000000000,188258,3994886,deprecated,4311015
52,10873212,2020-09-16 12:36:02,0x11f0a5ede0ec76b2080029e45e0aec692d3b9060dde42197c6f7b27bb7159aae,66,0x227704c85844497d64971734730becbe37a30ea6890243c3d83c423f9a60f184,0x7a250d5630b4cf539739df2c5dacb4c659f2488d,0x476c5e26a75bd202a9683ffd34359c0cc15be0ff,0x10c81cc047525b81a9df079b7c0e549669d286de,324251870.0,Serum,SRM,6,41,314953,112000000000,188258,3994886,deprecated,4311015
53,10876727,2020-09-17 01:38:20,0x4097a17013ef250a656e13b7ceafa1d188aafc05b6a55620bcfdd6206a2456b5,67,0xcc4a5249411eea245abf036939fd2eabdc9d3590b0fb182250b53ca03d4f7573,0x10c81cc047525b81a9df079b7c0e549669d286de,0xdac17f958d2ee523a2206206994597c13d831ec7,0x0d4a11d5eeaac28ec3f61d100daf4d40471f1852,1727425552.0,Tether USD,USDT,6,128,177229,158000000000,135821,8802217,deprecated,4307500
54,10876727,2020-09-17 01:38:20,0x4097a17013ef250a656e13b7ceafa1d188aafc05b6a55620bcfdd6206a2456b5,67,0xcc4a5249411eea245abf036939fd2eabdc9d3590b0fb182250b53ca03d4f7573,0x0000000000000000000000000000000000000000,0x0d4a11d5eeaac28ec3f61d100daf4d40471f1852,0x10c81cc047525b81a9df079b7c0e549669d286de,71659017877539.0,Uniswap V2,UNI-V2,18,128,177229,158000000000,135821,8802217,deprecated,4307500
55,10879999,2020-09-17 13:36:25,0xfb935053265d3caec9682f5a445cf42aa1f712d80b3b2db3198a382558d369c0,69,0xfcf07a7896423718b236817833ea6975a8ae645e04b087ad47063267fd1ba8a9,0x10c81cc047525b81a9df079b7c0e549669d286de,0x0d4a11d5eeaac28ec3f61d100daf4d40471f1852,0x6c3e4cb2e96b01f4b866965a91ed4437839a121a,71659017877539.0,Uniswap V2,UNI-V2,18,72,133534,500000000000,99334,4265287,deprecated,4304228
56,10885817,2020-09-18 11:15:37,0x9d0271ff55cf7bcee2e0a7998b7b32153a1d117103441a0051e32b443497b37f,72,0xb0cb4073f7f589dc73fcb700a74f6ddfff347679dd6f4ab61e23672646220df0,0x10c81cc047525b81a9df079b7c0e549669d286de,0xfffffffff15abf397da76f1dcc1a1604f45126db,0xe275eb6154cb4a73f0ba573e43b2b06e9e78b7f0,5.139650856342778e+21,FalconSwap Token,FSW,18,160,168547,193051382780,112943,9926382,deprecated,4298410
57,10886853,2020-09-18 15:03:36,0x5c703a46d82cbfe576f4ca29e0dc0dba79a010603a2092ccadb3c95f6ff873fc,73,0x7b1fe75f98d7fce66c034af97ff5bb7b82cd05c19dccce9fd2bac5cccb80a9cd,0x10c81cc047525b81a9df079b7c0e549669d286de,0x476c5e26a75bd202a9683ffd34359c0cc15be0ff,0xcc3d1ecef1f9fd25599dbea2755019dc09db3c54,324251870.0,Serum,SRM,6,99,169044,244000000000,113395,9476972,deprecated,4297374
58,10891994,2020-09-19 10:01:53,0x72f60de8953ad28d77dcf9b5ad7280c6907f48bcca2f20132da2737618679b59,75,0xcac3ad775b7c594c8095048add60db40cedd1542891606ec0b64d601d87f4d5d,0x10c81cc047525b81a9df079b7c0e549669d286de,0x6f87d756daf0503d08eb8993686c7fc01dc44fb1,0xd2e0c4928789e5db620e53af29f5fc7bca262635,3.9084739041359833e+21,UniTrade,TRADE,18,173,168457,123000000000,112861,11611114,deprecated,4292233
59,10902154,2020-09-20 23:07:48,0xf3be5f170551c30c8655c97c6609b2578e96660ce02508e28c49e5cea1c46b6f,54,0xb40e8a1e4f0697d98fdfd5d6042d30e3c0497941ead0077a0390b549f641b0a7,0x29bff390fc12c900aaf0f2e51c06675df691337a,0x38e4adb44ef08f22f5b5b76a8f0c2d0dcbe7dca1,0x10c81cc047525b81a9df079b7c0e549669d286de,4.074435085999999e+19,Concentrated Voting Power,CVP,18,37,4500000,100000000000,3242760,5221334,deprecated,4282073
60,10904937,2020-09-21 09:28:25,0xaee211412fe20bf7a844066547a61233b7ab8ada7078918c15e84b02ac16fd70,76,0xdba1cbbba1d3b0e3ac9a6e0b5923550cc9cc17d3ed07bad85fb258b6595fe108,0x10c81cc047525b81a9df079b7c0e549669d286de,0x38e4adb44ef08f22f5b5b76a8f0c2d0dcbe7dca1,0x12d4444f96c644385d8ab355f6ddf801315b6254,4.074435085999999e+19,Concentrated Voting Power,CVP,18,164,165732,155000000000,110384,12013148,deprecated,4279290
61,10929650,2020-09-25 04:27:17,0xb05ea82abc97bf88cab6c10b21613fc1fd91c7fccfc6cbc8764142c71834d43d,77,0x737aba282f5de7de28cceedd9683edad4eac86e12fa6972a9c826b0d95d79c9e,0x6a1c61d4fcfd36ca908c8090418cf2b292951f8a,0xce9afaf5b0da6ce0366ab40435a48ccff65d2ed7,0x10c81cc047525b81a9df079b7c0e549669d286de,6.08526805848836e+20,BobaToken,BOBA,18,52,201708,54000001459,89472,8691754,deprecated,4254577
62,10929650,2020-09-25 04:27:17,0xb05ea82abc97bf88cab6c10b21613fc1fd91c7fccfc6cbc8764142c71834d43d,77,0x737aba282f5de7de28cceedd9683edad4eac86e12fa6972a9c826b0d95d79c9e,0x6a1c61d4fcfd36ca908c8090418cf2b292951f8a,0x715134a16acb73c86e81df5542e1cf759eeb6fc7,0x10c81cc047525b81a9df079b7c0e549669d286de,2.5830768729421696e+20,SushiSwap LP Token,SLP,18,52,201708,54000001459,89472,8691754,deprecated,4254577
63,10929668,2020-09-25 04:29:27,0x7300b2dc082bad9d8c8386b1f5135be26c7c471991f93b6fee64f5942401d5a7,78,0xd81b30949a1b01537a54b0b796af57f5f112d05d72bbea1275f2d7fafbb0fcfd,0x10c81cc047525b81a9df079b7c0e549669d286de,0x715134a16acb73c86e81df5542e1cf759eeb6fc7,0x715134a16acb73c86e81df5542e1cf759eeb6fc7,2.5830768729421696e+20,SushiSwap LP Token,SLP,18,157,372839,54000001459,240882,9311691,deprecated,4254559
64,10929668,2020-09-25 04:29:27,0x7300b2dc082bad9d8c8386b1f5135be26c7c471991f93b6fee64f5942401d5a7,78,0xd81b30949a1b01537a54b0b796af57f5f112d05d72bbea1275f2d7fafbb0fcfd,0xd9e1ce17f2641f24ae83637ab66a2cca9c378b9f,0x4fabb145d64652a948d72533023f6e7a623c7c53,0x10c81cc047525b81a9df079b7c0e549669d286de,4.667065854060461e+21,Binance USD,BUSD,18,157,372839,54000001459,240882,9311691,deprecated,4254559
65,10929715,2020-09-25 04:39:32,0x2cab1f37edc601093b0af71d5fde5c49447089eba9d7451efa2a6cc9f18b1202,79,0x3ce9ef21cf8778ee4d13a1936b46704ca4ebd3839d4d0a9b5c5f3ca6403e7f78,0x10c81cc047525b81a9df079b7c0e549669d286de,0x4fabb145d64652a948d72533023f6e7a623c7c53,0xaa840a1d40bebc2fc9c30c2b69bc29a045873ef6,4.667065854060461e+21,Binance USD,BUSD,18,20,87942,55000000000,43135,4760444,deprecated,4254512
66,10929745,2020-09-25 04:44:55,0x8d1da5c4c2cadb9a72d6ed6db7fab69d0bb66c2044d6adb2ee1cf106179e154e,81,0xb0924333829b4b72112aa7b791bd884ec492cc68d5fa1b60eb2b596340e2becd,0x10c81cc047525b81a9df079b7c0e549669d286de,0xce9afaf5b0da6ce0366ab40435a48ccff65d2ed7,0x364df315b933e7adb717a34f17e7fe0c90cd7549,6.118937146174154e+20,BobaToken,BOBA,18,37,168371,55000001459,112783,3627932,deprecated,4254482
67,11027208,2020-10-10 10:28:50,0x77158ba5b4373679dee7e4454d99a5bf74a892c3ef79fa0ca4b031f1a052914d,6283,0x04e8abc54f7f4f6e3b4165d59be4294920db7b8604a1ae659f00a1421a659fa6,0xce76a14dabe64acb8b044c489374c8ca1f456837,0x28da24ed20906cde186d8b4f83412c3ae37a6269,0x10c81cc047525b81a9df079b7c0e549669d286de,4.27850955467e+21,HBTC Chain,HBC,18,42,60000,67000000000,53215,2141734,deprecated,4157019
68,11027215,2020-10-10 10:30:35,0x3ae8dc747a107f593e4acc8387c622f0b96ee8d716c38d08fb47fbf0597fc94a,88,0x18b24e124d6da87b895669ca9263bd7ab43e32c9057de8b0eb1d81df40388d81,0x10c81cc047525b81a9df079b7c0e549669d286de,0x28da24ed20906cde186d8b4f83412c3ae37a6269,0x516838ba6ee79c29c9c1e91fe42f169977e0346c,4.27850955467e+21,HBTC Chain,HBC,18,133,158868,51000000000,90912,5964125,deprecated,4157012
69,11027215,2020-10-10 10:30:35,0x3ae8dc747a107f593e4acc8387c622f0b96ee8d716c38d08fb47fbf0597fc94a,88,0x18b24e124d6da87b895669ca9263bd7ab43e32c9057de8b0eb1d81df40388d81,0x0000000000000000000000000000000000000000,0x516838ba6ee79c29c9c1e91fe42f169977e0346c,0x10c81cc047525b81a9df079b7c0e549669d286de,4.27850955467e+21,plouto HBTC Chain,pHBC,18,133,158868,51000000000,90912,5964125,deprecated,4157012
70,11027224,2020-10-10 10:31:55,0xc61892f96b90cd54b582bc3e4b21193da7ec55d4221326585096363fad1fc1bc,90,0xc53702cb97808004f980ba18fc5f2d325a190f711152f13f3d6578afcdb620a1,0x10c81cc047525b81a9df079b7c0e549669d286de,0x516838ba6ee79c29c9c1e91fe42f169977e0346c,0x1f2a357a239f4be225b1a8443ae822e19a6dc679,4.27850955467e+21,plouto HBTC Chain,pHBC,18,192,186966,51000000000,109644,8540288,deprecated,4157003
71,11090277,2020-10-20 02:25:58,0xca6db3c384c079dde9cc26c8f58a81c85a41770ab449b07cbd93a66fac438d2e,91,0x4e98de147f9517c2ed553fcbf268466a88d569ddb87818b62e70f47a398a55c0,0x1f2a357a239f4be225b1a8443ae822e19a6dc679,0x516838ba6ee79c29c9c1e91fe42f169977e0346c,0x10c81cc047525b81a9df079b7c0e549669d286de,4.27850955467e+21,plouto HBTC Chain,pHBC,18,147,307368,26000000000,170712,9940165,deprecated,4093950
72,11090277,2020-10-20 02:25:58,0xca6db3c384c079dde9cc26c8f58a81c85a41770ab449b07cbd93a66fac438d2e,91,0x4e98de147f9517c2ed553fcbf268466a88d569ddb87818b62e70f47a398a55c0,0x1f2a357a239f4be225b1a8443ae822e19a6dc679,0x1052620f0cb7247b8622b85d04180e25f49d2267,0x10c81cc047525b81a9df079b7c0e549669d286de,1.9628414977548083e+19,plouto.finance,PLU,18,147,307368,26000000000,170712,9940165,deprecated,4093950
73,11090287,2020-10-20 02:28:58,0x248300a8b30e93bfe299f38cfbea82768c36238a24905b97107b5564c0a6c608,92,0xacd4632bf32618e456c2651e938b0c9f27734b3bf91e315edf980847d4c40393,0x10c81cc047525b81a9df079b7c0e549669d286de,0x516838ba6ee79c29c9c1e91fe42f169977e0346c,0x0000000000000000000000000000000000000000,4.27850955467e+21,plouto HBTC Chain,pHBC,18,27,161521,26000000000,92514,2486601,deprecated,4093940
74,11090287,2020-10-20 02:28:58,0x248300a8b30e93bfe299f38cfbea82768c36238a24905b97107b5564c0a6c608,92,0xacd4632bf32618e456c2651e938b0c9f27734b3bf91e315edf980847d4c40393,0x516838ba6ee79c29c9c1e91fe42f169977e0346c,0x28da24ed20906cde186d8b4f83412c3ae37a6269,0x10c81cc047525b81a9df079b7c0e549669d286de,4.27850955467e+21,HBTC Chain,HBC,18,27,161521,26000000000,92514,2486601,deprecated,4093940
75,11090327,2020-10-20 02:38:29,0x338ab77d903a0f36f98d9e33ac4a6e5673672ac30db6fda9118b3d2c6bcef403,93,0xeb3a24dc3389c22abcffe4e7e29b452f8223a72a2ec31bcfc7bfa40ceccdc918,0x10c81cc047525b81a9df079b7c0e549669d286de,0x28da24ed20906cde186d8b4f83412c3ae37a6269,0xa2ec417f540b2af1fec11969ce13b5a54bd26bc1,0.0,HBTC Chain,HBC,18,81,44578,22100000000,29719,6725364,deprecated,4093900
76,11090340,2020-10-20 02:40:57,0x69a65b9c3416201c1c672510827b681782dce921d8bc2efd2eb1acdcec386fa0,94,0xdb24b27cda53b6d4d846e8b7dd1c35378d07b136941523db223d31a3adc85d31,0x10c81cc047525b81a9df079b7c0e549669d286de,0x28da24ed20906cde186d8b4f83412c3ae37a6269,0xa2ec417f540b2af1fec11969ce13b5a54bd26bc1,4.27850955467e+21,HBTC Chain,HBC,18,149,79822,23000000000,38215,10539577,deprecated,4093887
77,11118911,2020-10-24 12:02:48,0xc11f74f44323617e1e5eb18bd9d06caa28603480e9200455507147d9947d567b,95,0x577b79b9414cd52d077c8ba61bbfe8074c99fd18aa88f0f65f03583712a2515f,0x10c81cc047525b81a9df079b7c0e549669d286de,0x1eddee3fa21591a9637f88dab9615c33ee636b9d,0xe65f63e766a8a43498da7203818bc41f4a374743,8.3333e+22,WeToken,WON,18,154,100000,23000000000,38635,10461382,deprecated,4065316
78,11269030,2020-11-16 13:00:55,0x2a4b6eb55391d667e67a3f46b355791d624ad7b4a5deaa9fd68ed62fbc30a486,100,0x72de94ea4b0dd4556de7f9df24c50400b93d169b1ecde1c5545d9a1da3e47dc6,0x6c3e4cb2e96b01f4b866965a91ed4437839a121a,0x0d4a11d5eeaac28ec3f61d100daf4d40471f1852,0x10c81cc047525b81a9df079b7c0e549669d286de,71659017877539.0,Uniswap V2,UNI-V2,18,111,300000,23100000000,167894,7512012,deprecated,3915197
79,11269030,2020-11-16 13:00:55,0x2a4b6eb55391d667e67a3f46b355791d624ad7b4a5deaa9fd68ed62fbc30a486,100,0x72de94ea4b0dd4556de7f9df24c50400b93d169b1ecde1c5545d9a1da3e47dc6,0x6c3e4cb2e96b01f4b866965a91ed4437839a121a,0x1f9840a85d5af5bf1d1762f925bdaddc4201f984,0x10c81cc047525b81a9df079b7c0e549669d286de,3.812141195866525e+19,Uniswap,UNI,18,111,300000,23100000000,167894,7512012,deprecated,3915197
80,11269038,2020-11-16 13:03:07,0x82c30313cb8d953a2b8ca4efd8bef9efd6f0f11a22f085cdb1228c1947234ea0,101,0x8c4cbc9f1a3c78b24c46977ab2a6eccbe260519e34973746f787bc698e18cfbb,0x10c81cc047525b81a9df079b7c0e549669d286de,0x0d4a11d5eeaac28ec3f61d100daf4d40471f1852,0x0d4a11d5eeaac28ec3f61d100daf4d40471f1852,71659017877539.0,Uniswap V2,UNI-V2,18,114,280348,24100000000,168812,5394573,deprecated,3915189
81,11269038,2020-11-16 13:03:07,0x82c30313cb8d953a2b8ca4efd8bef9efd6f0f11a22f085cdb1228c1947234ea0,101,0x8c4cbc9f1a3c78b24c46977ab2a6eccbe260519e34973746f787bc698e18cfbb,0x7a250d5630b4cf539739df2c5dacb4c659f2488d,0xdac17f958d2ee523a2206206994597c13d831ec7,0x10c81cc047525b81a9df079b7c0e549669d286de,1923400781.0,Tether USD,USDT,6,114,280348,24100000000,168812,5394573,deprecated,3915189
82,11269057,2020-11-16 13:08:09,0x5aefaeccaf741858c082e275e2e913d39a922cc38f9ff3afdbf8074caf475621,103,0x66ee4a4b20a1a683fe90c93440e4c479dcdc52aa9012da5a37f06c8419c89def,0x10c81cc047525b81a9df079b7c0e549669d286de,0x1f9840a85d5af5bf1d1762f925bdaddc4201f984,0xd3d2e2692501a5c9ca623199d38826e513033a17,3.812141195866525e+19,Uniswap,UNI,18,75,165489,25000001459,110163,9515013,deprecated,3915170
83,11325333,2020-11-25 04:14:18,0xd82c6d59f71f79b7968e1e94c8597d643a89207d67c15c56297ea2dc896fd853,104,0x3c05e3fe6c52853a50a6a446fb933ee88048de76d9183bd77e28e797c39b5071,0x10c81cc047525b81a9df079b7c0e549669d286de,0xdac17f958d2ee523a2206206994597c13d831ec7,0xc19dedaba0aba080b73f4ba54b727259bbf26973,500000000.0,Tether USD,USDT,6,130,142508,55000000000,123169,9924859,deprecated,3858894
84,11325333,2020-11-25 04:14:18,0xd82c6d59f71f79b7968e1e94c8597d643a89207d67c15c56297ea2dc896fd853,104,0x3c05e3fe6c52853a50a6a446fb933ee88048de76d9183bd77e28e797c39b5071,0xc19dedaba0aba080b73f4ba54b727259bbf26973,0x075190c6130ea0a3a7e40802f1d77f4ea8f38fe2,0x10c81cc047525b81a9df079b7c0e549669d286de,1.1364185934267236e+21,NToken0031,N0031,18,130,142508,55000000000,123169,9924859,deprecated,3858894
85,11331219,2020-11-26 02:09:15,0x00324ceb45c011dc4cd9eb5acf1e0120339c43b37b1e10677f033dee747baf8e,106,0x1c3931f071a7e20d9409aacd0a98970b129eeb123f00d68416cd256a623c1aaf,0x10c81cc047525b81a9df079b7c0e549669d286de,0xdac17f958d2ee523a2206206994597c13d831ec7,0xc19dedaba0aba080b73f4ba54b727259bbf26973,488480411.0,Tether USD,USDT,6,135,171171,38999999999,149006,10808856,deprecated,3853008
86,11331219,2020-11-26 02:09:15,0x00324ceb45c011dc4cd9eb5acf1e0120339c43b37b1e10677f033dee747baf8e,106,0x1c3931f071a7e20d9409aacd0a98970b129eeb123f00d68416cd256a623c1aaf,0x10c81cc047525b81a9df079b7c0e549669d286de,0x075190c6130ea0a3a7e40802f1d77f4ea8f38fe2,0xc19dedaba0aba080b73f4ba54b727259bbf26973,1.1364185925577444e+21,NToken0031,N0031,18,135,171171,38999999999,149006,10808856,deprecated,3853008
87,11331219,2020-11-26 02:09:15,0x00324ceb45c011dc4cd9eb5acf1e0120339c43b37b1e10677f033dee747baf8e,106,0x1c3931f071a7e20d9409aacd0a98970b129eeb123f00d68416cd256a623c1aaf,0x0000000000000000000000000000000000000000,0xc19dedaba0aba080b73f4ba54b727259bbf26973,0x10c81cc047525b81a9df079b7c0e549669d286de,718353685681766.0,Uniswap V2,UNI-V2,18,135,171171,38999999999,149006,10808856,deprecated,3853008
88,11385071,2020-12-04 08:34:29,0xf662e681869dba2963d3f831d62e63a3e17b9edd017514dc360b6eb5f17b295b,107,0xd10a6c9ad0d770a0a0841fb8bc967062b4462bb8f4a4fe5db7e3f791171323c2,0x10c81cc047525b81a9df079b7c0e549669d286de,0xdac17f958d2ee523a2206206994597c13d831ec7,0xc19dedaba0aba080b73f4ba54b727259bbf26973,500000000.0,Tether USD,USDT,6,152,125746,45100000000,108169,7554382,deprecated,3799156
89,11385071,2020-12-04 08:34:29,0xf662e681869dba2963d3f831d62e63a3e17b9edd017514dc360b6eb5f17b295b,107,0xd10a6c9ad0d770a0a0841fb8bc967062b4462bb8f4a4fe5db7e3f791171323c2,0xc19dedaba0aba080b73f4ba54b727259bbf26973,0x075190c6130ea0a3a7e40802f1d77f4ea8f38fe2,0x10c81cc047525b81a9df079b7c0e549669d286de,1.1477263751668872e+21,NToken0031,N0031,18,152,125746,45100000000,108169,7554382,deprecated,3799156
90,11385080,2020-12-04 08:36:52,0x65549c94f0ab1d6ee90b74352f9a07e5bcfcc6f4588498e395d439863961b215,108,0xc09df16b3d6043458920014c0412fed8537f4e83222c32eb2eccecd3683671df,0x10c81cc047525b81a9df079b7c0e549669d286de,0xdac17f958d2ee523a2206206994597c13d831ec7,0xc19dedaba0aba080b73f4ba54b727259bbf26973,442735630.0,Tether USD,USDT,6,161,154409,45100000000,119006,9621015,deprecated,3799147
91,11385080,2020-12-04 08:36:52,0x65549c94f0ab1d6ee90b74352f9a07e5bcfcc6f4588498e395d439863961b215,108,0xc09df16b3d6043458920014c0412fed8537f4e83222c32eb2eccecd3683671df,0x10c81cc047525b81a9df079b7c0e549669d286de,0x075190c6130ea0a3a7e40802f1d77f4ea8f38fe2,0xc19dedaba0aba080b73f4ba54b727259bbf26973,1.0110148490391109e+21,NToken0031,N0031,18,161,154409,45100000000,119006,9621015,deprecated,3799147
92,11385080,2020-12-04 08:36:52,0x65549c94f0ab1d6ee90b74352f9a07e5bcfcc6f4588498e395d439863961b215,108,0xc09df16b3d6043458920014c0412fed8537f4e83222c32eb2eccecd3683671df,0x0000000000000000000000000000000000000000,0xc19dedaba0aba080b73f4ba54b727259bbf26973,0x10c81cc047525b81a9df079b7c0e549669d286de,644149683480861.0,Uniswap V2,UNI-V2,18,161,154409,45100000000,119006,9621015,deprecated,3799147
93,11411509,2020-12-08 10:06:18,0xb23601ebd476315fb2e9d8298b094a08ee6271a9a1a4d5c69e9ab778e8ea6d32,109,0x8b3121c61a1adc041447f72fb7abdf97393e511c6ef55c22f1025a2aa4f38cb8,0x10c81cc047525b81a9df079b7c0e549669d286de,0xc19dedaba0aba080b73f4ba54b727259bbf26973,0xc19dedaba0aba080b73f4ba54b727259bbf26973,1362503369162627.0,Uniswap V2,UNI-V2,18,156,251765,72000000000,168582,11149215,deprecated,3772718
94,11411509,2020-12-08 10:06:18,0xb23601ebd476315fb2e9d8298b094a08ee6271a9a1a4d5c69e9ab778e8ea6d32,109,0x8b3121c61a1adc041447f72fb7abdf97393e511c6ef55c22f1025a2aa4f38cb8,0xc19dedaba0aba080b73f4ba54b727259bbf26973,0x075190c6130ea0a3a7e40802f1d77f4ea8f38fe2,0x10c81cc047525b81a9df079b7c0e549669d286de,1.5646478550039336e+21,NToken0031,N0031,18,156,251765,72000000000,168582,11149215,deprecated,3772718
95,11411509,2020-12-08 10:06:18,0xb23601ebd476315fb2e9d8298b094a08ee6271a9a1a4d5c69e9ab778e8ea6d32,109,0x8b3121c61a1adc041447f72fb7abdf97393e511c6ef55c22f1025a2aa4f38cb8,0xc19dedaba0aba080b73f4ba54b727259bbf26973,0xdac17f958d2ee523a2206206994597c13d831ec7,0x10c81cc047525b81a9df079b7c0e549669d286de,1290063284.0,Tether USD,USDT,6,156,251765,72000000000,168582,11149215,deprecated,3772718
96,11411663,2020-12-08 10:37:45,0xbabd919c5cb87dc6753f8396a1bb64decd32da246a4ed79ff8bf3e95238a0597,110,0x065fe21a453045338100e5c5690513265bc7ec20b4c97e8a9daa50bc9a4d4f74,0x10c81cc047525b81a9df079b7c0e549669d286de,0x075190c6130ea0a3a7e40802f1d77f4ea8f38fe2,0xa2ec417f540b2af1fec11969ce13b5a54bd26bc1,0.0,NToken0031,N0031,18,150,76714,56000000000,27635,9412559,deprecated,3772564
97,11411779,2020-12-08 11:05:11,0xe409df50d3b60403b34deb65c908282fb3c7d9e4b11e8bc03a37a6c5d210f8e8,111,0x161127798a94458362dc1a387d6f8c08f2ba3f5dfface58d0fd2ee59c16f7c86,0x10c81cc047525b81a9df079b7c0e549669d286de,0x075190c6130ea0a3a7e40802f1d77f4ea8f38fe2,0xa2ec417f540b2af1fec11969ce13b5a54bd26bc1,1.7013593820006892e+21,NToken0031,N0031,18,108,76714,42000000000,36143,8793225,deprecated,3772448
98,11490745,2020-12-20 14:32:47,0xaa93eccbf4aaea8c72dd548149e8d554b840c316c97bf18ab0dd830b79089308,112,0x68643be7a5feb725e5b90c71c5ae4ea99dd854962243269f0f87d0b579bf6752,0x10c81cc047525b81a9df079b7c0e549669d286de,0xdac17f958d2ee523a2206206994597c13d831ec7,0x0b41854f5d251c12b1de6a88dd4292944f04305c,1290063284.0,Tether USD,USDT,6,49,143827,49000000000,109350,3303254,deprecated,3693482
99,11490745,2020-12-20 14:32:47,0xaa93eccbf4aaea8c72dd548149e8d554b840c316c97bf18ab0dd830b79089308,112,0x68643be7a5feb725e5b90c71c5ae4ea99dd854962243269f0f87d0b579bf6752,0x0b41854f5d251c12b1de6a88dd4292944f04305c,0x795dbf627484f8248d3d6c09c309825c1563e873,0x10c81cc047525b81a9df079b7c0e549669d286de,5.550476836722986e+18,SNP Token,SNP,18,49,143827,49000000000,109350,3303254,deprecated,3693482
100,11490772,2020-12-20 14:37:44,0x54b902c65cbf05e2a898603d4ec7318157ccdb01e41a7e7cef711bcc0d672530,113,0x65272aecdb7e506a857992362342d41276387bd828510c72b2204aaa4452634f,0x0b41854f5d251c12b1de6a88dd4292944f04305c,0x795dbf627484f8248d3d6c09c309825c1563e873,0x10c81cc047525b81a9df079b7c0e549669d286de,1.9e+19,SNP Token,SNP,18,131,224359,45100000000,174550,8614789,deprecated,3693455
101,11509958,2020-12-23 12:54:52,0xe3d18699165720064d4864e6d8c1dff01004b3cecdbc93116be6ea88b1271523,3422999,0x335cec2b303b41b6610627a2aa3a77fc0740023744b1a7b02a339fdebe4824db,0x564286362092d8e7936f0549571a803b203aaced,0xdac17f958d2ee523a2206206994597c13d831ec7,0x10c81cc047525b81a9df079b7c0e549669d286de,1500000000.0,Tether USD,USDT,6,53,207128,107000000000,56197,4337232,deprecated,3674269
102,11510118,2020-12-23 13:31:52,0xf04172b6bb04eeb2ee33b430008e50334e11b71836084aca85341e6ed716ff54,116,0x92bfa6439d5afa24d6fd3c30cb93b5fe94c1a7f3ea80e4c63a6981d325fd20da,0x10c81cc047525b81a9df079b7c0e549669d286de,0xdac17f958d2ee523a2206206994597c13d831ec7,0x0b41854f5d251c12b1de6a88dd4292944f04305c,1500000000.0,Tether USD,USDT,6,133,127052,103000000000,94338,7159437,deprecated,3674109
103,11510118,2020-12-23 13:31:52,0xf04172b6bb04eeb2ee33b430008e50334e11b71836084aca85341e6ed716ff54,116,0x92bfa6439d5afa24d6fd3c30cb93b5fe94c1a7f3ea80e4c63a6981d325fd20da,0x0b41854f5d251c12b1de6a88dd4292944f04305c,0x795dbf627484f8248d3d6c09c309825c1563e873,0x10c81cc047525b81a9df079b7c0e549669d286de,6.928189360253954e+18,SNP Token,SNP,18,133,127052,103000000000,94338,7159437,deprecated,3674109
104,11541672,2020-12-28 09:43:18,0x6bd81b9b48eb87b71a3c2d0b5265491fc853d2c2629b8e84ba19962e1b81b852,18795,0x5f96eced1ed520640468fed20f2732964db848698a3c30e072f0b08f1695ecab,0xa4938e606edfe350d08813a0785ed85d4640d365,0xdac17f958d2ee523a2206206994597c13d831ec7,0x10c81cc047525b81a9df079b7c0e549669d286de,15000267042.0,Tether USD,USDT,6,34,60000,93000000000,56221,1778335,deprecated,3642555
105,11541681,2020-12-28 09:45:04,0xa8115d296d1bee5952069b67bf64c5ea2f68866e1431f79d55e63e1460f9c614,119,0xa70af9f37ce5a7cce4c2c57b2278623f1a2a90145da0c46b00e6b235756b9cf6,0x10c81cc047525b81a9df079b7c0e549669d286de,0xdac17f958d2ee523a2206206994597c13d831ec7,0x6a71f460d90eef13980a00c98481bbfa8316a51b,15000267042.0,Tether USD,USDT,6,72,247012,67000000000,143987,5476919,deprecated,3642546
106,11541681,2020-12-28 09:45:04,0xa8115d296d1bee5952069b67bf64c5ea2f68866e1431f79d55e63e1460f9c614,119,0xa70af9f37ce5a7cce4c2c57b2278623f1a2a90145da0c46b00e6b235756b9cf6,0x0000000000000000000000000000000000000000,0x6a71f460d90eef13980a00c98481bbfa8316a51b,0x10c81cc047525b81a9df079b7c0e549669d286de,15060788550.0,snp Tether USD,sUSDT,6,72,247012,67000000000,143987,5476919,deprecated,3642546
107,11541685,2020-12-28 09:45:17,0x73e8d9272320780f40ea8783ccaa21a53d44a98050e47caa1a81fcff2cd73990,120,0xe0e9e1546fd961d3512a3a75dedc115e77bf83e596a9f2294c9a2fb9c3f5ee90,0x10c81cc047525b81a9df079b7c0e549669d286de,0x6a71f460d90eef13980a00c98481bbfa8316a51b,0x7c5592fad8031e62318dabd81e2211e50a231ffb,15060788550.0,snp Tether USD,sUSDT,6,85,311163,67000000000,192442,5603387,deprecated,3642542
108,11575247,2021-01-02 13:22:09,0xf3f50fd87b4469d3d9232f288d92144331a13d20d43d483e42a8f2749adc5c07,121,0x2f6f45ddc884e807f21f4381429f270cddf011d002d0276d5e199456791d9ac4,0x7c5592fad8031e62318dabd81e2211e50a231ffb,0x795dbf627484f8248d3d6c09c309825c1563e873,0x10c81cc047525b81a9df079b7c0e549669d286de,9.503482492603989e+16,SNP Token,SNP,18,148,276903,127600000000,154602,9357858,deprecated,3608980
109,11575247,2021-01-02 13:22:09,0xf3f50fd87b4469d3d9232f288d92144331a13d20d43d483e42a8f2749adc5c07,121,0x2f6f45ddc884e807f21f4381429f270cddf011d002d0276d5e199456791d9ac4,0x7c5592fad8031e62318dabd81e2211e50a231ffb,0x6a71f460d90eef13980a00c98481bbfa8316a51b,0x10c81cc047525b81a9df079b7c0e549669d286de,15060788550.0,snp Tether USD,sUSDT,6,148,276903,127600000000,154602,9357858,deprecated,3608980
110,11585307,2021-01-04 02:33:10,0x4b2f65b9db1613549ae1f73e63ab82e679696c6144cd0b280caab19f66130db0,122,0xb95494d0d6a0679194396e614a754911200bc1ab6cc3d220834d8a6daf5373ee,0x10c81cc047525b81a9df079b7c0e549669d286de,0x6a71f460d90eef13980a00c98481bbfa8316a51b,0x7c5592fad8031e62318dabd81e2211e50a231ffb,15060788550.0,snp Tether USD,sUSDT,6,110,288663,130445000000,177442,11792026,deprecated,3598920
111,11593182,2021-01-05 07:33:39,0x2a51a86741a1b23b6d978f4704a887984d256a2e0ed27177702fe4ef1d348057,123,0x75614d46f1a3046b8bf09c2583b69206afaacd979333efa3c6a6a505a97330dd,0x10c81cc047525b81a9df079b7c0e549669d286de,0x795dbf627484f8248d3d6c09c309825c1563e873,0xa2ec417f540b2af1fec11969ce13b5a54bd26bc1,3.157370102190298e+19,SNP Token,SNP,18,156,78277,81000000000,37185,11496942,deprecated,3591045
112,11595455,2021-01-05 15:57:05,0xf803e96bcbc0629976a92523e3d38cff6c1ffaaf5767900de7170036f5062c22,3234,0x4f47c9662799db1754f274a4a90755c193be2e3d1aa9e2672bf8de915d276e5c,0xcdff68f58470e19c1d77643e864a9d4437754db4,0x795dbf627484f8248d3d6c09c309825c1563e873,0x10c81cc047525b81a9df079b7c0e549669d286de,3.155110526e+19,SNP Token,SNP,18,109,60000,102000000000,52173,5813142,deprecated,3588772
113,11595470,2021-01-05 16:00:15,0x4da053ac9cbab03a99b12be80a069d5d497cca93f099692a03626dafe9f6d21d,125,0xcbf054154af72d98312c3b9b80dbbf645128df9c2cf81036e26a545f2a0cda04,0x10c81cc047525b81a9df079b7c0e549669d286de,0x795dbf627484f8248d3d6c09c309825c1563e873,0x0b41854f5d251c12b1de6a88dd4292944f04305c,3.155110526e+19,SNP Token,SNP,18,16,152254,81000001459,116948,3326162,deprecated,3588757
114,11595470,2021-01-05 16:00:15,0x4da053ac9cbab03a99b12be80a069d5d497cca93f099692a03626dafe9f6d21d,125,0xcbf054154af72d98312c3b9b80dbbf645128df9c2cf81036e26a545f2a0cda04,0x0b41854f5d251c12b1de6a88dd4292944f04305c,0xdac17f958d2ee523a2206206994597c13d831ec7,0x10c81cc047525b81a9df079b7c0e549669d286de,13930349489.0,Tether USD,USDT,6,16,152254,81000001459,116948,3326162,deprecated,3588757
115,11595507,2021-01-05 16:08:10,0xb50ee0805d781f2c4c1f83d6233c9c102c2785a414f4318676768a6ff0965a0c,126,0x0d4fc9e95dd023a8cc186b1349b4e6efe7db54e46b6e4d4a44f225d4260c57f2,0x10c81cc047525b81a9df079b7c0e549669d286de,0xdac17f958d2ee523a2206206994597c13d831ec7,0x0d4a11d5eeaac28ec3f61d100daf4d40471f1852,313806092.0,Tether USD,USDT,6,160,153392,85200001750,114166,8653587,deprecated,3588720
116,11599407,2021-01-06 06:34:03,0x701ad609ffda44617511f77c299c173a63ea74b733e2deee428069966a99477e,127,0x906d6039b33c602a15612f5ed7209fe2daad4fc006ec1a5e7f1f2e343cec4738,0x10c81cc047525b81a9df079b7c0e549669d286de,0xdac17f958d2ee523a2206206994597c13d831ec7,0x28caa6729f2976d36c9bdcff44079e419d2de909,10000000000.0,Tether USD,USDT,6,104,84313,131000000000,56209,3128413,deprecated,3584820
117,11599648,2021-01-06 07:26:35,0x16674d10d4febbc94fffdc0898199b85682534b8cbf8e20419ce0d31b8382896,129,0xcaf8ae3ab20b2879c3278350fedf1dae454861b63f3c4c5952fd75e88a56e006,0x10c81cc047525b81a9df079b7c0e549669d286de,0xdac17f958d2ee523a2206206994597c13d831ec7,0x74de5d4fcbf63e00296fd95d33236b9794016631,3616543397.0,Tether USD,USDT,6,104,360321,118000000000,186203,2802512,deprecated,3584579
118,11599763,2021-01-06 07:54:45,0x7cff701aa9d9608dd91e4dddf4c9a2b9b91fe40f809923990a5e20bbcc491686,131,0x354afc987456db30321c4e38c1b5a730f1af418be3ff19ea7e83a9891230d22c,0x0000000000000000000000000000000000000000,0x3a3a65aab0dd2a17e3f1947ba16138cd37d08c04,0x10c81cc047525b81a9df079b7c0e549669d286de,0.0,Aave Interest bearing ETH,aETH,18,196,266665,101000001459,241101,11641314,deprecated,3584464
119,11599763,2021-01-06 07:54:45,0x7cff701aa9d9608dd91e4dddf4c9a2b9b91fe40f809923990a5e20bbcc491686,131,0x354afc987456db30321c4e38c1b5a730f1af418be3ff19ea7e83a9891230d22c,0x0000000000000000000000000000000000000000,0x3a3a65aab0dd2a17e3f1947ba16138cd37d08c04,0x10c81cc047525b81a9df079b7c0e549669d286de,4.5e+19,Aave Interest bearing ETH,aETH,18,196,266665,101000001459,241101,11641314,deprecated,3584464
120,11599789,2021-01-06 07:59:55,0x3f95ac0eaf4adf325c3a6ca8dacd4bb76c2ac29383e274e20010cc68346d21dd,132,0xf2affbff0345777e715bed6956b01299f27974b01637b80c40bedf2d6af5fe7d,0x3dfd23a6c5e8bbcfc9581d2e864a68feb6a076d3,0xa0b86991c6218b36c1d19d4a2e9eb0ce3606eb48,0x10c81cc047525b81a9df079b7c0e549669d286de,15000000000.0,USD Coin,USDC,6,72,775286,93000000000,695523,8729950,deprecated,3584438
121,11599872,2021-01-06 08:16:27,0x16e33a631d2612b6a0690e8e68d6f18adc9416c65480d2ea5eed2969ecd0e631,134,0x07902384d33d23040f45903624b659fe913e06651e382c6d04c0d1025b616c79,0x10c81cc047525b81a9df079b7c0e549669d286de,0xa0b86991c6218b36c1d19d4a2e9eb0ce3606eb48,0x74de5d4fcbf63e00296fd95d33236b9794016631,15000000000.0,USD Coin,USDC,6,40,426518,127000000000,202144,2791097,deprecated,3584355
122,11599881,2021-01-06 08:18:44,0x589f40a003010f81e2f291b5cb47f49887b1971f3379fa2aa30b41172c97f0b9,135,0x74e023bcbbb2781a9967e0989343c8d76404b7df167bb8c8b4b8efa46519f135,0x0000000000000000000000000000000000000000,0x3a3a65aab0dd2a17e3f1947ba16138cd37d08c04,0x10c81cc047525b81a9df079b7c0e549669d286de,5977115833040.0,Aave Interest bearing ETH,aETH,18,150,243925,97000000000,199726,11130825,deprecated,3584346
123,11599881,2021-01-06 08:18:44,0x589f40a003010f81e2f291b5cb47f49887b1971f3379fa2aa30b41172c97f0b9,135,0x74e023bcbbb2781a9967e0989343c8d76404b7df167bb8c8b4b8efa46519f135,0x0000000000000000000000000000000000000000,0x3a3a65aab0dd2a17e3f1947ba16138cd37d08c04,0x10c81cc047525b81a9df079b7c0e549669d286de,1.3e+19,Aave Interest bearing ETH,aETH,18,150,243925,97000000000,199726,11130825,deprecated,3584346
124,11633845,2021-01-11 13:16:27,0xceff354217909d2fde737b9ff36cc6ccc2d7f99806385a9e55830125c66fff4b,375,0x56e5717e3834a66e48b7f2842112d0335cf5634b76b80d2600ca7e3b859e9d8b,0xfb3a365c2cb1789a464dcac18739cce878b80dc2,0x03042482d64577a7bdb282260e2ea4c8a89c064b,0x10c81cc047525b81a9df079b7c0e549669d286de,3.7735e+22,Centaur Token,CNTR,18,136,100000,59000000000,52382,9822507,deprecated,3550382
125,11683437,2021-01-19 04:00:57,0xa1dba5f9a9a787218cf21eaf2f33eb23aeaaa7ba4b6171453343065658934b33,3689294,0x0459e0f882626120aa487026cbf4fef29df45ab2d039d1de997e5dc693255cbd,0x564286362092d8e7936f0549571a803b203aaced,0xa0b86991c6218b36c1d19d4a2e9eb0ce3606eb48,0x10c81cc047525b81a9df079b7c0e549669d286de,15070090000.0,USD Coin,USDC,6,44,207128,90000000000,57393,3384476,deprecated,3500790
126,11683563,2021-01-19 04:30:10,0x1c455a4ee48156ed6a064f5dcfbe0fb0fc4b633157ab8ad421b21987e73bdcea,137,0x2ee1e8130cd41c1d99bcb24cffb789bd190996d7dcbfb9af362ece7fca81143f,0x10c81cc047525b81a9df079b7c0e549669d286de,0xa0b86991c6218b36c1d19d4a2e9eb0ce3606eb48,0xe3d9988f676457123c5fd01297605efdd0cba1ae,1500.0,USD Coin,USDC,6,237,900000,62000000000,232442,11751038,deprecated,3500664
127,11683563,2021-01-19 04:30:10,0x1c455a4ee48156ed6a064f5dcfbe0fb0fc4b633157ab8ad421b21987e73bdcea,137,0x2ee1e8130cd41c1d99bcb24cffb789bd190996d7dcbfb9af362ece7fca81143f,0x10c81cc047525b81a9df079b7c0e549669d286de,0xa0b86991c6218b36c1d19d4a2e9eb0ce3606eb48,0x3dfd23a6c5e8bbcfc9581d2e864a68feb6a076d3,15047509977.0,USD Coin,USDC,6,237,900000,62000000000,232442,11751038,deprecated,3500664
128,11683588,2021-01-19 04:36:22,0x6d4f48e8b5f86fbbe91b69e5e25c1578c9f14b6288b397df94a5da6ed4f65874,138,0x63d3f1e02ae8b9f17fdce13976edd0fbe64fe7495f8525187a8b66e9578829c4,0x0000000000000000000000000000000000000000,0x3a3a65aab0dd2a17e3f1947ba16138cd37d08c04,0x10c81cc047525b81a9df079b7c0e549669d286de,8041115992406864.0,Aave Interest bearing ETH,aETH,18,167,640955,61000000000,533719,11567560,deprecated,3500639
129,11683588,2021-01-19 04:36:22,0x6d4f48e8b5f86fbbe91b69e5e25c1578c9f14b6288b397df94a5da6ed4f65874,138,0x63d3f1e02ae8b9f17fdce13976edd0fbe64fe7495f8525187a8b66e9578829c4,0x10c81cc047525b81a9df079b7c0e549669d286de,0x3a3a65aab0dd2a17e3f1947ba16138cd37d08c04,0x0000000000000000000000000000000000000000,5.800804709310824e+19,Aave Interest bearing ETH,aETH,18,167,640955,61000000000,533719,11567560,deprecated,3500639
130,11735941,2021-01-27 05:29:12,0x298d01abc71b3d6eeb5b469cd7398c5d203d496ed9d3c21cc563bae4610db6f9,140,0xc704eaa374742e929e45d36118d77d9ae5723984cf0589d3d79b3dd0198911f6,0x10c81cc047525b81a9df079b7c0e549669d286de,0x03042482d64577a7bdb282260e2ea4c8a89c064b,0x7f6847bb036d82a40b9b590e12d966b599a510ac,3.7735e+22,Centaur Token,CNTR,18,32,78573,76000000000,37382,2379702,deprecated,3448286
131,11795668,2021-02-05 10:22:41,0xb4d32748f0b5ac196ea76ed1a953f74188d0eca83d98c77a73adc17d89278a3b,141,0x33c9360129acef6bdf17a6c8745d6a0ce4cfd86d845b7a50642dfc3f1f3f486b,0x10c81cc047525b81a9df079b7c0e549669d286de,0x6a71f460d90eef13980a00c98481bbfa8316a51b,0x0000000000000000000000000000000000000000,0.0,snp Tether USD,sUSDT,6,63,180564,203000000000,114688,5161756,deprecated,3388559
132,11795668,2021-02-05 10:22:41,0xb4d32748f0b5ac196ea76ed1a953f74188d0eca83d98c77a73adc17d89278a3b,141,0x33c9360129acef6bdf17a6c8745d6a0ce4cfd86d845b7a50642dfc3f1f3f486b,0x6a71f460d90eef13980a00c98481bbfa8316a51b,0xdac17f958d2ee523a2206206994597c13d831ec7,0x10c81cc047525b81a9df079b7c0e549669d286de,0.0,Tether USD,USDT,6,63,180564,203000000000,114688,5161756,deprecated,3388559
133,11795672,2021-02-05 10:23:48,0x7e6e4ffd489e8350e6869b6ea2ba4ee37cafbe994c1db57f4718ad9195b24768,142,0x0878199d8cf990acb4d91822c5bf73a0ca883ec27a5a2d6ace9625aa72a873ea,0x7c5592fad8031e62318dabd81e2211e50a231ffb,0x795dbf627484f8248d3d6c09c309825c1563e873,0x10c81cc047525b81a9df079b7c0e549669d286de,5.556724583823531e+17,SNP Token,SNP,18,99,299403,190000000000,169602,5432881,deprecated,3388555
134,11795672,2021-02-05 10:23:48,0x7e6e4ffd489e8350e6869b6ea2ba4ee37cafbe994c1db57f4718ad9195b24768,142,0x0878199d8cf990acb4d91822c5bf73a0ca883ec27a5a2d6ace9625aa72a873ea,0x7c5592fad8031e62318dabd81e2211e50a231ffb,0x6a71f460d90eef13980a00c98481bbfa8316a51b,0x10c81cc047525b81a9df079b7c0e549669d286de,15060788550.0,snp Tether USD,sUSDT,6,99,299403,190000000000,169602,5432881,deprecated,3388555
135,11795677,2021-02-05 10:25:14,0x7af8b3d1af7ebf328f62f7190034b822f47957d61ee2ce8961cbb1d53b2d1e2a,143,0x64bfc4bfcf4b78ebc7030076173266872493170bc04276907bf24adc7a28562a,0x10c81cc047525b81a9df079b7c0e549669d286de,0x6a71f460d90eef13980a00c98481bbfa8316a51b,0x0000000000000000000000000000000000000000,15060788550.0,snp Tether USD,sUSDT,6,36,1413571,190000000000,772293,4798533,deprecated,3388550
136,11795677,2021-02-05 10:25:14,0x7af8b3d1af7ebf328f62f7190034b822f47957d61ee2ce8961cbb1d53b2d1e2a,143,0x64bfc4bfcf4b78ebc7030076173266872493170bc04276907bf24adc7a28562a,0x6a71f460d90eef13980a00c98481bbfa8316a51b,0xdac17f958d2ee523a2206206994597c13d831ec7,0x10c81cc047525b81a9df079b7c0e549669d286de,15259872089.0,Tether USD,USDT,6,36,1413571,190000000000,772293,4798533,deprecated,3388550
137,11795698,2021-02-05 10:29:48,0xc5a07dac98255fe1d0c4562ae284a60ef80e33a9e98081cc0962845c4d855ac5,144,0x38cfdff66c3dbad1512b407a267ebd46ff829d1e25e5315796d74677fa754316,0x10c81cc047525b81a9df079b7c0e549669d286de,0x795dbf627484f8248d3d6c09c309825c1563e873,0xa2ec417f540b2af1fec11969ce13b5a54bd26bc1,5.556724583823531e+17,SNP Token,SNP,18,197,78259,150000000000,37173,8009115,deprecated,3388529
138,11795702,2021-02-05 10:30:13,0x40bfd5bf0bae1705f60893b17355dd4716a1fd777ec2f4a035601b54f0909e5c,145,0xf702df41e6226213307fb30cf3de7e1e86a8c28a3541d8e7a2c5764a282c9b63,0x10c81cc047525b81a9df079b7c0e549669d286de,0xdac17f958d2ee523a2206206994597c13d831ec7,0xaa840a1d40bebc2fc9c30c2b69bc29a045873ef6,15259872089.0,Tether USD,USDT,6,223,84331,135000000000,41221,11459467,deprecated,3388525
139,11795711,2021-02-05 10:31:56,0x1d263a26b7deaac6b2ae6d0e895fc4c34ad78545bf201e00204eed89c137099e,146,0x58b83dd01944db744311f533fb32121f1fa843aaa455eb161eb42d0004f099ee,0x10c81cc047525b81a9df079b7c0e549669d286de,0xa0b86991c6218b36c1d19d4a2e9eb0ce3606eb48,0xaa840a1d40bebc2fc9c30c2b69bc29a045873ef6,22578523.0,USD Coin,USDC,6,154,86790,135000000000,42381,11639032,deprecated,3388516
140,12020914,2021-03-12 02:01:54,0x8f7172511d61e13a483b88a340019c6fe82305f2cd5a798aec83ad79a9bcb47e,22334,0xf502cab3446603c25e6f312c25acb3237f55b3424363d965857fb9d689635ba9,0xa4938e606edfe350d08813a0785ed85d4640d365,0xdac17f958d2ee523a2206206994597c13d831ec7,0x10c81cc047525b81a9df079b7c0e549669d286de,5000796504.0,Tether USD,USDT,6,190,60000,192000000000,56221,6985859,deprecated,3163313
141,12153999,2021-04-01 13:57:56,0x2305c77c268e79e76b8e5d54f45cfd83f9428f45dec3b3886bbde5bf58ad3ab0,23191,0xd9e61bbadb1ec177c92a8169790b2c2442a06dc6e1f2f5bc3eb7b6eb75215229,0xa4938e606edfe350d08813a0785ed85d4640d365,0xdac17f958d2ee523a2206206994597c13d831ec7,0x10c81cc047525b81a9df079b7c0e549669d286de,5072371226.0,Tether USD,USDT,6,94,60000,194000000000,41221,6256901,deprecated,3030228
142,12194034,2021-04-07 17:31:27,0x7d64ade0a7c3dd953db8a1482a98d953120a28cee9753041d3d8dfb9557ab873,147,0xee8c5b6bc8e06bf1349b1a9a59e41c0e71d4cde577ab71f3469322a25ddfc5ee,0x10c81cc047525b81a9df079b7c0e549669d286de,0xdac17f958d2ee523a2206206994597c13d831ec7,0x0198e19c771b048666a98b8ea820d8457adf7d77,10072191352.0,Tether USD,USDT,6,92,200000,162000001459,56221,11108399,deprecated,2990193
143,12194061,2021-04-07 17:36:51,0x55962ada362d7ebe08a4fd99145f77cc6aca5fcc2cbadd8d628b4f2bced3af20,23489,0xaa1867e4b5bb2a411a0d31a79a934d0d7aa70afe0c4b5503d650c81eff2e7b94,0xa4938e606edfe350d08813a0785ed85d4640d365,0xdac17f958d2ee523a2206206994597c13d831ec7,0x10c81cc047525b81a9df079b7c0e549669d286de,15000000000.0,Tether USD,USDT,6,108,60000,214000000000,41209,5847843,deprecated,2990166
144,12194171,2021-04-07 17:57:41,0xb7c6f6e32efc4202bcf8f6d2ee499c8eb663d6273faefb53372672ed112f0344,148,0x2d8288c211eb0e123c9da260989c7f0096a94c4513303923868ab129c4a61054,0x10c81cc047525b81a9df079b7c0e549669d286de,0xdac17f958d2ee523a2206206994597c13d831ec7,0x0198e19c771b048666a98b8ea820d8457adf7d77,14861444037.0,Tether USD,USDT,6,119,200000,146000000000,41221,9915228,deprecated,2990056
145,12204495,2021-04-09 08:10:43,0x149c5cdc188d7dc6c74555752d58b46d5996a173a23190f46684f2df199244d3,228886,0x7d719124f0f0afa6f4608b1c59470276bfcda3949bd319dfddc014d0cb48b699,0xe0f0cfde7ee664943906f17f7f14342e76a5cec7,0xdac17f958d2ee523a2206206994597c13d831ec7,0x10c81cc047525b81a9df079b7c0e549669d286de,1980000000.0,Tether USD,USDT,6,151,207128,144000000000,41197,6467057,deprecated,2979732
146,12204580,2021-04-09 08:31:36,0xada04defcc447d3fb0580f74b636b2472e6093624120feb4e95b4eedbd973c57,149,0x676921b1219a9f49c7a1859ed1c26ebc543b3f761f040692708f763684ba1580,0x10c81cc047525b81a9df079b7c0e549669d286de,0xdac17f958d2ee523a2206206994597c13d831ec7,0x97688be47ebb78e88017d9690209e608afb577a9,2000000000.0,Tether USD,USDT,6,75,61795,112000000000,41197,3583066,deprecated,2979647
147,12209205,2021-04-10 01:31:45,0x5e6aa43fe261fd173bfa3a16ab54d1a37cc40f204ed19567d29783eea29a5e1d,57,0xf77e820a4136bc2db5dde1a94fbe52a3616e3c22f448ca6b31b1c3732bf10385,0xa3bc64019f59499ecfbe4b78d2a8fa43737ec2c3,0xf3ae5d769e153ef72b4e3591ac004e89f48107a1,0x10c81cc047525b81a9df079b7c0e549669d286de,2.524750881e+23,Deeper Network,DPR,18,4,5000000,300000000000,2437554,2609549,deprecated,2975022
148,12210040,2021-04-10 04:40:20,0xc814462b13e40cd66e004abf1ed221662d858aa4f3ff000494bbfe07573ee59d,150,0x390e0055560ac55917f985c0e374cddfaffc7b3706ca518e673933a93d28d9a9,0x10c81cc047525b81a9df079b7c0e549669d286de,0xf3ae5d769e153ef72b4e3591ac004e89f48107a1,0x9eabd757c0ee76535a661fc88b149a762b0b7960,2.524750881e+23,Deeper Network,DPR,18,126,146380,101000000000,82587,5451209,deprecated,2974187
149,12276153,2021-04-20 09:18:53,0x3031c643ced0ef65a1c44bb0767a8d2797e22eca6b80ac44c9bca13a06fd522c,205530,0xd17f8f1c2cb7fc9b37ffb56027948485ce40fe97a1913e17a40e7bd35fe1f7ac,0x477b8d5ef7c2c42db84deb555419cd817c336b6f,0xdac17f958d2ee523a2206206994597c13d831ec7,0x10c81cc047525b81a9df079b7c0e549669d286de,14901000000.0,Tether USD,USDT,6,96,100000,235000000000,46121,4737000,deprecated,2908074
150,12290195,2021-04-22 13:09:45,0x2c2098596655dd7b2bc347d64ff7994128ea90698a4f5c131015c834e2887fb7,151,0xb1cc4ebe38ed537f55321349b00732a30f0da6dc1d97b470a6c1ef38da803c73,0x10c81cc047525b81a9df079b7c0e549669d286de,0xdac17f958d2ee523a2206206994597c13d831ec7,0xaa840a1d40bebc2fc9c30c2b69bc29a045873ef6,15020532341.0,Tether USD,USDT,6,123,94831,208000000000,48221,14316729,deprecated,2894032
151,12477040,2021-05-21 10:00:13,0xf799e145f102f4c7fc72069da5672761ac1c1ad1395554a395e8e8a544283ec9,153,0x8885c3b0b5e4edb8b69ca00beb146365212fa4d2d21c866cc37e47d07cf0837c,0xa672a2c2afe36345f0c8396537b241d45b97e0f2,0xf3ae5d769e153ef72b4e3591ac004e89f48107a1,0x10c81cc047525b81a9df079b7c0e549669d286de,2.3478963510869565e+22,Deeper Network,DPR,18,144,161578,40000000000,107719,11468972,deprecated,2707187
152,12477765,2021-05-21 12:46:26,0x3338946a31b70afe9cd6cf70ac1450996991e00f93359c91c62a2c4cc6ef3f4e,154,0x3994f2b6f2680cfa2eb8f073725e8e0c2abaa3b8a0e1e23a4baa145e59e85a77,0x10c81cc047525b81a9df079b7c0e549669d286de,0xf3ae5d769e153ef72b4e3591ac004e89f48107a1,0x9eabd757c0ee76535a661fc88b149a762b0b7960,2.3478963510869565e+22,Deeper Network,DPR,18,152,104548,49000000000,54699,10646178,deprecated,2706462
153,12516994,2021-05-27 14:48:29,0x24e300b046a8fad523a7cdaa6a7ca3e7168a25e5fcfeb2a962f3fd38955de065,24,0x67d4864b7351129137203f5af049ad5f73ec1d2568c2b37b10e110c9a6eed207,0xa5025faba6e70b84f74e9b1113e5f7f4e7f4859f,0x286c0936c7eaf6651099ab5dab9ee5a6cb5d229d,0x10c81cc047525b81a9df079b7c0e549669d286de,7.5e+20,Kwikswap,KWIK,18,131,7483820,36000000000,7251188,14566395,deprecated,2667233
154,12778096,2021-07-07 04:08:36,0x56430465eba0afce6151b36e4815e205cc2aff47fd22d56bead0a80987fdda48,155,0x2227c4f43f9ea6d52a0ac763e22e8be5407951d783f15daa49b09a92f511f5b4,0xa672a2c2afe36345f0c8396537b241d45b97e0f2,0xf3ae5d769e153ef72b4e3591ac004e89f48107a1,0x10c81cc047525b81a9df079b7c0e549669d286de,1.0031920772826087e+23,Deeper Network,DPR,18,132,135928,37000000000,90619,10992530,deprecated,2406131
155,12778117,2021-07-07 04:14:21,0x51acf2fb05355e47d65ad6358142c0a1d7adbfa6bb5fd56192a067db85042872,156,0xcd196ea420cf298c25e348789d3a84ae61f7506e8f184730e25b18588c2eb511,0x10c81cc047525b81a9df079b7c0e549669d286de,0xf3ae5d769e153ef72b4e3591ac004e89f48107a1,0x9eabd757c0ee76535a661fc88b149a762b0b7960,1.0031920772826087e+23,Deeper Network,DPR,18,99,78898,41000000000,37599,6945732,deprecated,2406110
156,13091725,2021-08-25 02:03:21,0x3da5c6b9642fad15283678a151b018853f3c47e81e50c611cfb18b52064607d1,158,0x317af0bf9387e66a442fd3104678cdb2779729d8a225517682730cb222a13629,0xa672a2c2afe36345f0c8396537b241d45b97e0f2,0xf3ae5d769e153ef72b4e3591ac004e89f48107a1,0x10c81cc047525b81a9df079b7c0e549669d286de,1.0458811018478261e+23,Deeper Network,DPR,18,158,135928,85758625412,90619,14272024,deprecated,2092502
157,13092889,2021-08-25 06:26:13,0x0ecadafcf987c80f2d2392aaa8221042b6949e898f0850d7e35f06744f74aabd,159,0x63df9ce9bd37d84b7fd20aac2aec3d1c1e0300a2074771f6a76d67f3c207c2d4,0x10c81cc047525b81a9df079b7c0e549669d286de,0xf3ae5d769e153ef72b4e3591ac004e89f48107a1,0x9eabd757c0ee76535a661fc88b149a762b0b7960,1.0458811018478261e+23,Deeper Network,DPR,18,104,104548,88243837883,64899,11980535,deprecated,2091338
