,blockNumber,timeStamp,hash,nonce,blockHash,from,contractAddress,to,value,tokenName,tokenSymbol,tokenDecimal,transactionIndex,gas,gasPrice,gasUsed,cumulativeGasUsed,input,confirmations
0,10785402,2020-09-03 01:40:22,0x5ae758eb7b40d37fa32d41cf728608d7c7f4d89f9662b17d3321ec1480e50d3e,0,0x6e66807f5da856189c940d5d92919bc93806609f948dcffb9a150d6247513696,0xc4da39e646e7f5d233b89ca0f7b75344e7ddb2cc,0x1e18821e69b9faa8e6e75dffe54e7e25754beda0,0xaf878a1ec8c4e5dc89e386364a926d35c1c42e8a,3.524005699198582e+21,KIMCHI.finance,KIMCHI,18,181,151440,334000000000,124313,9452606,deprecated,4398705
1,10785725,2020-09-03 02:45:05,0x506e8d7b449f653815ef3f8a27ff79461c9489948ca27b66116b650da7993650,2,0x54e61ab7bc032fbba73bfe60c70b41d8bb3c2c8e3a7d6926035ae892e18da11e,0xaf878a1ec8c4e5dc89e386364a926d35c1c42e8a,0x1e18821e69b9faa8e6e75dffe54e7e25754beda0,0xc4da39e646e7f5d233b89ca0f7b75344e7ddb2cc,3.524005699198582e+21,KIMCHI.finance,KIMCHI,18,258,154871,381000000000,112526,11453798,deprecated,4398382
2,10785810,2020-09-03 03:01:22,0x1c522e7a80b925b94f4df6d65cbf8133a5d5d0352dfe22ee7beeeeaf4d9b97bf,3,0x043592d7e012296a0b297aab1261504edb1fc67aae4aa50392e4b564d6cd3531,0xc4da39e646e7f5d233b89ca0f7b75344e7ddb2cc,0x1e18821e69b9faa8e6e75dffe54e7e25754beda0,0xaf878a1ec8c4e5dc89e386364a926d35c1c42e8a,3.2142402927198066e+21,KIMCHI.finance,KIMCHI,18,210,164868,372000000000,112297,9144736,deprecated,4398297
3,10785921,2020-09-03 03:25:44,0x565bd92e74fcd222b7f3d4a046786f11d18241ad6a9628bea3cb5976c04ac242,4,0xfbad38c1f3502af9a1dd078c1ac89e9400dfd71dfe7c27ae7c96344e79ab636f,0xaf878a1ec8c4e5dc89e386364a926d35c1c42e8a,0x1e18821e69b9faa8e6e75dffe54e7e25754beda0,0xc4da39e646e7f5d233b89ca0f7b75344e7ddb2cc,3.2142402927198066e+21,KIMCHI.finance,KIMCHI,18,85,168088,372000000000,112526,4198106,deprecated,4398186
4,10786341,2020-09-03 04:59:37,0x274e7602d81e762addcf35dde4771572791a59eb0e5896051a4940cb9a1319a7,6,0x8cb34cea6b52f0682b7182a54ed708ad11aadb0467cdf7a20c0efa82905b583c,0x5a4b7bc01b1f7639f335c197821aae6f6b451d8b,0xf4c17bc4979c1dc7b4ca50115358dec58c67fd9d,0xaf878a1ec8c4e5dc89e386364a926d35c1c42e8a,6.636400323427307e+22,Omega Protocol Money,OPM,18,124,165240,379000000000,124646,7250785,deprecated,4397766
5,10786434,2020-09-03 05:22:28,0xfd47211d502abe86ce482bcf956e3ad6d482454de1ad2ea15f0035e9a3ef9e23,10,0x3ffe9f9b35460b61812221f6a9f16f8cf4d406c04cc24bbb94458a57d4369abc,0xf663b4c81f42cf05954054ec014b9d5a34501eb4,0xd3e8695d2bef061eab38b5ef526c0f714108119c,0xaf878a1ec8c4e5dc89e386364a926d35c1c42e8a,8.803211511050355e+18,YFIVE.FINANCE,YFIVE,18,122,154005,394000000000,114591,6537545,deprecated,4397673
6,10786463,2020-09-03 05:28:44,0x8da50b8ef68216887deadbe72798d1b6d7f6a9f2798e4e521803c20a883e7dd7,11,0x239c09d8bb681686e9835e51f81c99635de6b2225fcbe317bdb5400a75c703cd,0xaf878a1ec8c4e5dc89e386364a926d35c1c42e8a,0xd3e8695d2bef061eab38b5ef526c0f714108119c,0x7ea2b55e6a2d293d5bb4ff07c85a872c6faa7b6a,8.80321151e+18,YFIVE.FINANCE,YFIVE,18,78,53515,394000000000,53515,4156524,deprecated,4397644
7,10786562,2020-09-03 05:52:31,0x54507045ea64760a3f212dbd48920040a91de3a49c9e77d0937945f9ac928118,13,0x33ec3128325adc80777ed937e3496479a034ec85791faa8104f21f2dd8defbea,0xaf878a1ec8c4e5dc89e386364a926d35c1c42e8a,0xf4c17bc4979c1dc7b4ca50115358dec58c67fd9d,0x7ea2b55e6a2d293d5bb4ff07c85a872c6faa7b6a,6.636400323427e+22,Omega Protocol Money,OPM,18,155,51464,409000000000,51464,8476201,deprecated,4397545
8,10786655,2020-09-03 06:12:59,0xa446a81163977333c6ee8b8dc076d3748b3d820b95ee39d30144b03015464470,16,0x09c370ca6a8b6e4d76bd5bf28b058475386bad0e331f974fc1df8cb177b0d448,0x501e6621f0eff056345efd1d3ac4181ea01474ed,0x03829f5675f3b51d0f8c2a74417a757625acf22f,0xaf878a1ec8c4e5dc89e386364a926d35c1c42e8a,7.362202138857184e+19,YFIBALANCER.FINANCE,YFIB,18,247,171777,420000000000,130496,11132804,deprecated,4397452
9,10786674,2020-09-03 06:17:41,0xa9e5d92c382a0787a246db2ea20b5cb4c6434dd0f30a826a25675bec0d9f3ee3,17,0x37b8d791b3b915dbeb338a126fb579a4fecd8df127bbfcf71d2b923cc4bd2da0,0xaf878a1ec8c4e5dc89e386364a926d35c1c42e8a,0x03829f5675f3b51d0f8c2a74417a757625acf22f,0x7ea2b55e6a2d293d5bb4ff07c85a872c6faa7b6a,7.362202138e+19,YFIBALANCER.FINANCE,YFIB,18,246,57266,420000000000,57266,11950668,deprecated,4397433
10,10787485,2020-09-03 09:19:01,0x36f1aa7c05b356d98b72252e6968a34bbc1d0e17e2264a7959204951626ebafa,463816,0x888642a684f10d4cc82fc348fd91948127bdad8f9fa12e25f7d835209e4ffeb9,0x274f3c32c90517975e29dfc209a23f315c1e5fc7,0xf4c17bc4979c1dc7b4ca50115358dec58c67fd9d,0xaf878a1ec8c4e5dc89e386364a926d35c1c42e8a,5.4381700323427e+23,Omega Protocol Money,OPM,18,85,58500,337500000000,36464,6605311,deprecated,4396622
11,10787600,2020-09-03 09:41:30,0x883a03cc5b81a90dc2f158dcdc7b5986a93e096c37b9e11004f2d86789e5e901,19,0x537ee3ca75d17ebf1ffeca552c85b49e63a0e44d8ff72b0d088bad2127043d77,0xaf878a1ec8c4e5dc89e386364a926d35c1c42e8a,0xf4c17bc4979c1dc7b4ca50115358dec58c67fd9d,0x5a4b7bc01b1f7639f335c197821aae6f6b451d8b,5.4381700323427305e+23,Omega Protocol Money,OPM,18,14,172927,400000000000,116619,1244780,deprecated,4396507
12,10854371,2020-09-13 15:07:33,0x973e8d7c7bfda40af55e2eedfad73dccd1ea9f14eefcd3b267f3db1e8110953a,21,0xdb3abffd5761c72ab8bd3037b21caedf116ad7114052e19ba6dbe24ce5f4118b,0xb8172076ceb35b6701f96eb9088818efc010bd44,0x066798d9ef0833ccc719076dab77199ecbd178b0,0xaf878a1ec8c4e5dc89e386364a926d35c1c42e8a,1.1924813390624116e+21,SakeToken,SAKE,18,21,167101,135000000000,126311,1044142,deprecated,4329736
13,10854665,2020-09-13 16:11:44,0xf79dfe6dbf16452252811320d92e667fd89630c9badbd77b642f0d3a5f9f4d60,24,0xd645faa1d886fe68ade7360640e64abeed02410b78a9c0a22c140e99accc0ecc,0xaf878a1ec8c4e5dc89e386364a926d35c1c42e8a,0x066798d9ef0833ccc719076dab77199ecbd178b0,0xb8172076ceb35b6701f96eb9088818efc010bd44,1.1924813390624116e+21,SakeToken,SAKE,18,112,157138,141000000000,114587,9031453,deprecated,4329442
14,10887722,2020-09-18 18:12:17,0xf6d8cf65bd825ee75ff78e73a536bbb6c7e2e1cd1e8efeffc9fb625c4e85f71c,30,0x303c9db18e388caf422fb5a420647ad975519d1ad84461a4eeeaf8deaf931084,0xa1f165dfdb753bb0cdd1424ee0f5a75ab13dcde0,0xf2da15ae6ef94988534bad4b9e646f5911cbd487,0xaf878a1ec8c4e5dc89e386364a926d35c1c42e8a,644670741660.0,FAME,FAME,8,168,166615,396000000000,125875,10762319,deprecated,4296385
15,10889112,2020-09-18 23:24:06,0x4d77e87457701954f9c1efce5d48fc8c1a4b6583b0503590f5a47416ef627ff5,32,0xb82d754c7181c69fc41f7bdd62190f1756f83a4b6d0d093c34290a132300d519,0xaf878a1ec8c4e5dc89e386364a926d35c1c42e8a,0xf2da15ae6ef94988534bad4b9e646f5911cbd487,0xe9353f2aa99683f3be3b1625ae3ef8b7e6c9d02b,644670741660.0,FAME,FAME,8,106,144810,115100000000,110181,6936285,deprecated,4294995
16,10889112,2020-09-18 23:24:06,0x4d77e87457701954f9c1efce5d48fc8c1a4b6583b0503590f5a47416ef627ff5,32,0xb82d754c7181c69fc41f7bdd62190f1756f83a4b6d0d093c34290a132300d519,0xe9353f2aa99683f3be3b1625ae3ef8b7e6c9d02b,0xdac17f958d2ee523a2206206994597c13d831ec7,0xaf878a1ec8c4e5dc89e386364a926d35c1c42e8a,276360119.0,Tether USD,USDT,6,106,144810,115100000000,110181,6936285,deprecated,4294995
17,10889210,2020-09-18 23:45:51,0x6b9114d8739d085d79f59bf95bd4bd22e5b6f26329f7d22e5541b438d2766568,33,0xc7461b75da792e9e189761b5ce753667c2ba4556e61ef8854a5e6fe18fb58272,0xaf878a1ec8c4e5dc89e386364a926d35c1c42e8a,0xdac17f958d2ee523a2206206994597c13d831ec7,0x066e934ba5add969f4d6a9575c484fbd4d6fa7e2,276360119.0,Tether USD,USDT,6,103,56209,119000000000,41209,11259221,deprecated,4294897
18,10924669,2020-09-24 10:04:38,0xdecf8517f9818199a741d27e52d18665088605d7d4e9cf238084ffb5ce665c4e,34,0x9b6a052b16089ae827d9612c905216f71aa5ddc1487e7241a7ee3644330e0328,0x9dee1483e63f19bbeab75612ff6247d0eca45bfa,0x3a8cccb969a61532d1e6005e2ce12c200caece87,0xaf878a1ec8c4e5dc89e386364a926d35c1c42e8a,1.5187067438815918e+18,TitanSwap,Titan,18,242,245516,76612000000,181444,9594894,deprecated,4259438
19,10940090,2020-09-26 19:27:56,0x8d0d98e810bfeeecb4b367bcaf6f6953ff9b85e04c425b0da1a46a478a960ee4,36,0xc72dfa6717f5d2850854bd465a4cbd90d56c045d4f203b9da42df992ffba10c8,0x7dd8f4abf60b58ce989db66ab1af1d11e893429d,0xb2c822a1b923e06dbd193d2cfc7ad15388ea09dd,0xaf878a1ec8c4e5dc89e386364a926d35c1c42e8a,1.060484435974237e+22,Vampire Protocol,VAMP,18,67,167015,100000000000,114219,5853144,deprecated,4244017
20,10940120,2020-09-26 19:35:13,0x8a6eca60ce29188082d0cc416212c8b0a1245d99b8caf6c7e857c946227bf49a,38,0x0026da6ae74c6caa30247f717938432efb26c48915896b8745976c6340362a7a,0xaf878a1ec8c4e5dc89e386364a926d35c1c42e8a,0xb2c822a1b923e06dbd193d2cfc7ad15388ea09dd,0x7dd8f4abf60b58ce989db66ab1af1d11e893429d,1.060484435974237e+22,Vampire Protocol,VAMP,18,123,154865,100000000000,100505,8534227,deprecated,4243987
