,blockNumber,timeStamp,hash,nonce,blockHash,from,contractAddress,to,value,tokenName,tokenSymbol,tokenDecimal,transactionIndex,gas,gasPrice,gasUsed,cumulativeGasUsed,input,confirmations
0,10763518,2020-08-30 17:22:27,0xbc1aab7806da1f6f62b432d73a49c1e04b37f1cdb27fea4ecc6ee212f97b8684,0,0xab5af21709243635b87afbed200c56b62ead49c51a03602527f8be13b24636a1,0x1d6432aefeae2c0ff1393120541863822a4e6fa7,0x28cb7e841ee97947a86b06fa4090c8451f64c0be,0x48a8cfd29982a6f39df7c792b40ac8968f334c20,4.932918969801294e+17,YFLink,YFL,18,215,151421,240000000000,112280,12190891,deprecated,4421006
1,10783741,2020-09-02 19:33:13,0x84b89d5c5ac39b0c3a3209e90bc7f437709326d3f3077f3d60499dc743c178fd,7,0x6d44929f866c218aace999531ae676ae30513c07cc22a86705747cbac53238ac,0x48a8cfd29982a6f39df7c792b40ac8968f334c20,0x28cb7e841ee97947a86b06fa4090c8451f64c0be,0x1d6432aefeae2c0ff1393120541863822a4e6fa7,2.65894028999138e+17,YFLink,YFL,18,38,168118,420000000000,127553,9867639,deprecated,4400783
2,10784120,2020-09-02 20:55:21,0x92ab6cf967e56fc484fa571ccb23de161189bcf0584ae2aaf177f3ec87f42b13,8,0x265240e498c7df78fe1bdb0fb81e4606ebc00267167cfe8064b2a0f14e2a81a7,0x48a8cfd29982a6f39df7c792b40ac8968f334c20,0x28cb7e841ee97947a86b06fa4090c8451f64c0be,0x1d6432aefeae2c0ff1393120541863822a4e6fa7,7.359038242751822e+16,YFLink,YFL,18,118,202734,288000000000,186013,10601838,deprecated,4400404
3,10784120,2020-09-02 20:55:21,0x92ab6cf967e56fc484fa571ccb23de161189bcf0584ae2aaf177f3ec87f42b13,8,0x265240e498c7df78fe1bdb0fb81e4606ebc00267167cfe8064b2a0f14e2a81a7,0xcb4f983e705caeb7217c5c3785001cb138115f0b,0x45f24baeef268bb6d63aee5129015d69702bcdfa,0x48a8cfd29982a6f39df7c792b40ac8968f334c20,2e+18,YFValue,YFV,18,118,202734,288000000000,186013,10601838,deprecated,4400404
4,10786806,2020-09-03 06:45:52,0x230479d6050324d38f1cf7913de139bcc68dc2d65e70f261f89c8f83d5db8ddb,10,0x82e06578c3f405cce46466a501504e4b17c7ae54853d35286853ae18d63c57ce,0x596f7383223db0d484fd220d0ab036e042bafea4,0x25377ddb16c79c93b0cbf46809c8de8765f03fcd,0x48a8cfd29982a6f39df7c792b40ac8968f334c20,2e+18,Synthetic CBDAO,SBREE,18,80,161389,383000000000,133450,5178134,deprecated,4397718
5,10790625,2020-09-03 20:58:49,0x3859f03e390f1ed5d4e62d39eebcc57db82aaa15025a9acf37af25313ef2d85a,11,0xc94c0d336a8678672db2d4a8c5cbbec7211f9d5bee90326882c14fefdac270fd,0xcb4f983e705caeb7217c5c3785001cb138115f0b,0x45f24baeef268bb6d63aee5129015d69702bcdfa,0x48a8cfd29982a6f39df7c792b40ac8968f334c20,3e+18,YFValue,YFV,18,92,156814,164000000000,105259,8662465,deprecated,4393899
6,10800157,2020-09-05 07:59:37,0x2b204216d15848fc0df1a22fc88d361b44a43c67b9713e249e2ae51a93b97e0c,12,0x15ba732d415a906e4ecdc70c9460d6218949c434d810cadc171cb0ea19a8e506,0xcc3d1ecef1f9fd25599dbea2755019dc09db3c54,0x476c5e26a75bd202a9683ffd34359c0cc15be0ff,0x48a8cfd29982a6f39df7c792b40ac8968f334c20,10000000.0,Serum,SRM,6,135,174328,213000000000,133196,11742268,deprecated,4384367
7,10800173,2020-09-05 08:03:12,0xfaf62fd6e611f450e2c9834e66ed40804989e6892f128b044234db6cd723513d,13,0x5a2a99d97b8de70c92d914d58b869baff47c61dd597b12982799db4064982bda,0x060a0d4539623b6aa28d9fc39b9d6622ad495f41,0x4e15361fd6b4bb609fa63c81a2be19d873717870,0x48a8cfd29982a6f39df7c792b40ac8968f334c20,3.8438743926106574e+20,Fantom Token,FTM,18,82,78978,213000000000,71058,7124522,deprecated,4384351
8,10804503,2020-09-05 23:49:21,0x8dda309baf512d833b054dce7cf8e69c1f3e99b5b094a4a14f5f73dc157b4c37,14,0x5d9759ca6f368869fe5319a3007270656870c328553dcc4b7a54db4bc628c9ee,0x48a8cfd29982a6f39df7c792b40ac8968f334c20,0x28cb7e841ee97947a86b06fa4090c8451f64c0be,0x1d6432aefeae2c0ff1393120541863822a4e6fa7,2.3e+16,YFLink,YFL,18,104,218526,116000000000,188127,9662792,deprecated,4380021
9,10804503,2020-09-05 23:49:21,0x8dda309baf512d833b054dce7cf8e69c1f3e99b5b094a4a14f5f73dc157b4c37,14,0x5d9759ca6f368869fe5319a3007270656870c328553dcc4b7a54db4bc628c9ee,0x3d2d3c4446e8a82445418523b9b5b376765e55a8,0x8eb24319393716668d768dcec29356ae9cffe285,0x48a8cfd29982a6f39df7c792b40ac8968f334c20,38602072504.0,SingularityNET,AGI,8,104,218526,116000000000,188127,9662792,deprecated,4380021
10,10832610,2020-09-10 07:23:53,0x092c7aa5465fe4689c3c41c9d2da1212cea08d20974cd53d19ee95a2370ade19,17,0x72b77ef9abee745c43315f95afb0d5baa91faaf74b46eff2374c877b4419c753,0x48a8cfd29982a6f39df7c792b40ac8968f334c20,0x28cb7e841ee97947a86b06fa4090c8451f64c0be,0x1d6432aefeae2c0ff1393120541863822a4e6fa7,1.3080748555347322e+17,YFLink,YFL,18,149,201790,162000000000,158151,11507860,deprecated,4351914
11,10832610,2020-09-10 07:23:53,0x092c7aa5465fe4689c3c41c9d2da1212cea08d20974cd53d19ee95a2370ade19,17,0x72b77ef9abee745c43315f95afb0d5baa91faaf74b46eff2374c877b4419c753,0x3d2d3c4446e8a82445418523b9b5b376765e55a8,0x8eb24319393716668d768dcec29356ae9cffe285,0x48a8cfd29982a6f39df7c792b40ac8968f334c20,134256506582.0,SingularityNET,AGI,8,149,201790,162000000000,158151,11507860,deprecated,4351914
12,10881078,2020-09-17 17:30:18,0x456e2ce0f8264f3599b07d23dc8b306f4a819c74d762f76f1e8c999dfacad221,18,0x96c52596a03941aabf8c822ac27a83053b0e4600f73069bbc5fd3bcd33d3c6aa,0x090d4613473dee047c3f2706764f49e0821d256e,0x1f9840a85d5af5bf1d1762f925bdaddc4201f984,0x48a8cfd29982a6f39df7c792b40ac8968f334c20,4e+20,Uniswap,UNI,18,176,90091,493000000000,81901,11090875,deprecated,4303446
13,10887553,2020-09-18 17:33:35,0xa808e47ce640896a0f1e8a0f886c71128c361670ba89de76039e999874e96481,22,0x85b4352f93e3951c196f04f984f51774b55f1843a324aca2e9ce2532c01edf72,0x48a8cfd29982a6f39df7c792b40ac8968f334c20,0x1f9840a85d5af5bf1d1762f925bdaddc4201f984,0xd3d2e2692501a5c9ca623199d38826e513033a17,1.3381839395837687e+20,Uniswap,UNI,18,23,152253,295000001459,113130,2613593,deprecated,4296971
14,10888433,2020-09-18 20:52:45,0xc06dac2b76074796ae9a8a06e93b9fd0e0825d85822f094186e9569f38bd90a1,24,0xf385f2197301e71313b9e7d3be889be0553317add92a4b7c5ddf495ea9e7fe1d,0x48a8cfd29982a6f39df7c792b40ac8968f334c20,0x1f9840a85d5af5bf1d1762f925bdaddc4201f984,0xd3d2e2692501a5c9ca623199d38826e513033a17,6.6e+19,Uniswap,UNI,18,66,200939,165000000000,160148,4777375,deprecated,4296091
15,10888433,2020-09-18 20:52:45,0xc06dac2b76074796ae9a8a06e93b9fd0e0825d85822f094186e9569f38bd90a1,24,0xf385f2197301e71313b9e7d3be889be0553317add92a4b7c5ddf495ea9e7fe1d,0xa2107fa5b38d9bbd2c461d6edf11b11a50f6b974,0x514910771af9ca656af840dff83e8264ecf986ca,0x48a8cfd29982a6f39df7c792b40ac8968f334c20,4.30962666542647e+19,ChainLink Token,LINK,18,66,200939,165000000000,160148,4777375,deprecated,4296091
16,10894600,2020-09-19 19:31:27,0x9f620e257390b19fa1b1e32e0e511584ae5da8d0d31e3f93d267390588934815,25,0xac2984ae68bd0cfc558662a75eb923c84d6dc2f44c3a1f8a32292bb451901da5,0x48a8cfd29982a6f39df7c792b40ac8968f334c20,0x1f9840a85d5af5bf1d1762f925bdaddc4201f984,0xf00e80f0de9aea0b33aa229a4014572777e422ee,5e+19,Uniswap,UNI,18,25,285642,279000000000,256880,1679460,deprecated,4289924
17,10894600,2020-09-19 19:31:27,0x9f620e257390b19fa1b1e32e0e511584ae5da8d0d31e3f93d267390588934815,25,0xac2984ae68bd0cfc558662a75eb923c84d6dc2f44c3a1f8a32292bb451901da5,0xdadf443c086f9d3c556ebc57c398a852f6a02898,0x0a913bead80f321e7ac35285ee10d9d922659cb7,0x48a8cfd29982a6f39df7c792b40ac8968f334c20,1.8644997534217037e+21,DOS Network Token,DOS,18,25,285642,279000000000,256880,1679460,deprecated,4289924
18,10896497,2020-09-20 02:30:38,0x809739d076967ea79e8ad319f3e4e23ab5888c809b9fa021fceafe253da2aef1,5246754,0xf757ec2e4908ea90f753476f2b751556c22d12947d30e982d4bd40973fc84ab7,0x3f5ce5fbfe3e9af3971dd833d26ba9b5c936f0be,0x476c5e26a75bd202a9683ffd34359c0cc15be0ff,0x48a8cfd29982a6f39df7c792b40ac8968f334c20,5063000.0,Serum,SRM,6,44,207128,106000000000,37008,3215206,deprecated,4288027
19,10906369,2020-09-21 14:35:37,0x44c2f6af02dbb52b162c4e34ddb7f1a0b4d2cb3da44da712078baa2a2c6335d6,26,0xaf6bd898372705434bfc6688e8e09ff52f1e6477df7549e5311c15bccd3a52a2,0x48a8cfd29982a6f39df7c792b40ac8968f334c20,0x1f9840a85d5af5bf1d1762f925bdaddc4201f984,0xebfb684dd2b01e698ca6c14f10e4f289934a54d6,5.0181e+19,Uniswap,UNI,18,181,284531,219000000000,232022,11648665,deprecated,4278155
20,10906369,2020-09-21 14:35:37,0x44c2f6af02dbb52b162c4e34ddb7f1a0b4d2cb3da44da712078baa2a2c6335d6,26,0xaf6bd898372705434bfc6688e8e09ff52f1e6477df7549e5311c15bccd3a52a2,0x55d5c232d921b9eaa6b37b5845e439acd04b4dba,0x2b591e99afe9f32eaa6214f7b7629768c40eeb39,0x48a8cfd29982a6f39df7c792b40ac8968f334c20,5525145196064.0,HEX,HEX,8,181,284531,219000000000,232022,11648665,deprecated,4278155
21,10911878,2020-09-22 10:52:55,0xfbf533e518f69a601c9d92e493f3fc94d2d1a4ceed74eac49360ed8b6690d97d,27,0x2f7318f5448fda7a9dccfc3b00035c96cc58d553e5ac5b2df54b0143c19d43e2,0x48a8cfd29982a6f39df7c792b40ac8968f334c20,0x1f9840a85d5af5bf1d1762f925bdaddc4201f984,0xd3d2e2692501a5c9ca623199d38826e513033a17,1.0000060604162313e+20,Uniswap,UNI,18,28,201652,224000000000,169819,1440816,deprecated,4272646
22,10911878,2020-09-22 10:52:55,0xfbf533e518f69a601c9d92e493f3fc94d2d1a4ceed74eac49360ed8b6690d97d,27,0x2f7318f5448fda7a9dccfc3b00035c96cc58d553e5ac5b2df54b0143c19d43e2,0x819f3450da6f110ba6ea52195b3beafa246062de,0x7d1afa7b718fb893db30a3abc0cfc608aacfebb0,0x48a8cfd29982a6f39df7c792b40ac8968f334c20,1.934493770357038e+22,Matic Token,MATIC,18,28,201652,224000000000,169819,1440816,deprecated,4272646
23,10918367,2020-09-23 10:41:27,0xc92f5ec8168b82f9974d2010af5c850c10d1bb52a20d0b47baedf682b864c2b0,28,0x93c7ba44626334f84fa9b7af65fc8580a5a1995b7c83f03b23ce487397d8d7eb,0x48a8cfd29982a6f39df7c792b40ac8968f334c20,0x514910771af9ca656af840dff83e8264ecf986ca,0x86c899a49243ca846051e847204b8e311e4b6b8c,4.30962666542647e+19,ChainLink Token,LINK,18,59,77419,140000000000,36613,4172295,deprecated,4266157
24,10956846,2020-09-29 10:24:48,0xa0833ca0a25bcc7c24b5de1485fde87a28949bcf9e8969b14a4488fc5d0b91b0,29,0xa4df866b5b18165237dec2defedfea423b2165b64035bc306f33c520a4539109,0x11b1f53204d03e5529f09eb3091939e4fd8c9cf3,0x0f5d2fb29fb7d3cfee444a200298f468908cc942,0x48a8cfd29982a6f39df7c792b40ac8968f334c20,5e+20,Decentraland,MANA,18,11,175081,149000000000,133881,581601,deprecated,4227678
25,10956917,2020-09-29 10:39:04,0x2b7aed20fd3234f4d59ecdde99b0f6ace359438ae3f1a69345ab68e4b767267e,30,0x581b61dc850e0c0e0d287c30f775c107e83d0b7453f3e21cdd90674d7e757d46,0x3dd49f67e9d5bc4c5e6634b3f70bfd9dc1b6bd74,0x3845badade8e6dff049820680d1f14bd3903a5d0,0x48a8cfd29982a6f39df7c792b40ac8968f334c20,1e+21,SAND,SAND,18,268,173002,134000000000,131991,11858041,deprecated,4227607
26,10957607,2020-09-29 13:09:25,0xec85769c214d16b254a07fe2d93751c6ec9bc059861e31e376bdeb28332f336f,32,0xd9f1c71653b1fe287922e45686115ae6ea8e1935b4875a7b411857c32a4d23f3,0xffa98a091331df4600f87c9164cd27e8a5cd2405,0x83e6f1e41cdd28eaceb20cb649155049fac3d5aa,0x48a8cfd29982a6f39df7c792b40ac8968f334c20,1.769794743296574e+20,PolkastarterToken,POLS,18,144,153690,177000000000,114311,9264152,deprecated,4226917
27,10958701,2020-09-29 17:29:12,0x18acf9b9451efa801bc648c69be10857343a697802062021b4966cdff56b474c,33,0x4c48adffe3edeea03db717f8bbf1f3457d9b31088f950f20dccad2bb0d2baa14,0x48a8cfd29982a6f39df7c792b40ac8968f334c20,0x83e6f1e41cdd28eaceb20cb649155049fac3d5aa,0xb87c75bc7b6b4070374e1086328649db6090e2a6,1.769794743296574e+20,PolkastarterToken,POLS,18,70,79665,152000000000,38110,5424323,deprecated,4225823
28,10989149,2020-10-04 11:41:30,0x2755af358a501827d3e63b56cbb27a8486341d02cd500609e8ca79716a62f205,34,0xf8e7290348ce01d6585a98da6c31c963ed7e4a5f2d309808efae39ade5854696,0x48a8cfd29982a6f39df7c792b40ac8968f334c20,0x0f5d2fb29fb7d3cfee444a200298f468908cc942,0xb87c75bc7b6b4070374e1086328649db6090e2a6,5e+20,Decentraland,MANA,18,114,78655,75000000000,37437,7609736,deprecated,4195375
29,10989224,2020-10-04 11:57:18,0x19088bff5b4e7ee84b33dfee30cc1b4b74947d0840bd3dd82da0cc3a124aa69e,36,0x5732cd24d21bf175dff19411300918942d5a8037fd82993724343a527516dd61,0x48a8cfd29982a6f39df7c792b40ac8968f334c20,0x7d1afa7b718fb893db30a3abc0cfc608aacfebb0,0x819f3450da6f110ba6ea52195b3beafa246062de,9.34e+21,Matic Token,MATIC,18,86,222263,101000000000,191505,4237981,deprecated,4195300
30,10989224,2020-10-04 11:57:18,0x19088bff5b4e7ee84b33dfee30cc1b4b74947d0840bd3dd82da0cc3a124aa69e,36,0x5732cd24d21bf175dff19411300918942d5a8037fd82993724343a527516dd61,0x3b3d4eefdc603b232907a7f3d0ed1eea5c62b5f7,0x0ae055097c6d159879521c384f1d2123d1f195e6,0x48a8cfd29982a6f39df7c792b40ac8968f334c20,1.10390720368074e+19,STAKE,STAKE,18,86,222263,101000000000,191505,4237981,deprecated,4195300
31,10989235,2020-10-04 11:59:23,0xe7b73ccfaef761472f4b552facc1aa9e46c2bb4d719dbf44fe186ee19de53014,37,0x5b3e64d34fc5e10e8a28d5d173d37aaa2fbda5b064de1bff953ce3d5fbd0d187,0x48a8cfd29982a6f39df7c792b40ac8968f334c20,0x0ae055097c6d159879521c384f1d2123d1f195e6,0xb87c75bc7b6b4070374e1086328649db6090e2a6,1.10390720368074e+19,STAKE,STAKE,18,44,81816,92000000000,39544,2611238,deprecated,4195289
32,11096550,2020-10-21 01:37:34,0x81ad8a14f46c02e2e1efd1ccde6e27e09ba8bd4a624b31b912767cacf2bce915,22,0xe7e7b69597549ba8965a4b44dbdd4c8eb3b56366d0a60e1305eca59aec05e48f,0x84015fa904cc3cf4edbec0b083cf9956c27ea280,0x2a9bdcff37ab68b95a53435adfd8892e86084f93,0x48a8cfd29982a6f39df7c792b40ac8968f334c20,1.99411e+18,Alpha Quark Token,AQT,18,62,6910523,46000000000,6760523,10850518,deprecated,4087974
33,11680881,2021-01-18 18:35:08,0xab4eec395c98f5a4288ef05c5806683be85346aa8328d7a5191d0cf85b0cb415,39,0xd811cfed649905e7b440dd29c7c12f3fbc7be60ec23136cdb635389222e459dd,0xba65016890709dbc9491ca7bf5de395b8441dc8b,0x8762db106b2c2a0bccb3a80d1ed41273552616e8,0x48a8cfd29982a6f39df7c792b40ac8968f334c20,2.4e+22,Reserve Rights,RSR,18,74,163323,45100000000,135208,4916985,deprecated,3503643
34,11687678,2021-01-19 19:35:16,0x65c1aa62a8322f5b6afeb83163e6df34a5a32cf6b485c728888096afa5c3a432,40,0xe99e91bc5270f732eb30b1e76255a7df7d29ba887e9b80959aac69e90af37d55,0x48a8cfd29982a6f39df7c792b40ac8968f334c20,0x2b591e99afe9f32eaa6214f7b7629768c40eeb39,0xb87c75bc7b6b4070374e1086328649db6090e2a6,5525145196064.0,HEX,HEX,8,37,76693,61600000000,36129,2473355,deprecated,3496846
35,11733380,2021-01-26 19:54:05,0xcf4a1c8d74e671d7736b635df9f947099336e8928959fb70852917d6343209a6,43,0xcad619f130c7575454d7876772300d4da0c991b7c2402f6ef861ec6fc5c2578b,0x4dd26482738be6c06c31467a19dcda9ad781e8c4,0x0b38210ea11411557c13457d4da7dc6ea731b88a,0x48a8cfd29982a6f39df7c792b40ac8968f334c20,7.5e+19,API3,API3,18,240,173407,66000000000,132359,8815105,deprecated,3451144
36,11738408,2021-01-27 14:35:11,0x9fe7942fe7f3271839fbe044a546b75834fa324780f943fb3ce1730f82396703,45,0xfcddc8425b1847bf04358baf7488512959b2453107bab94bc07aef2fa14a3c0f,0x48a8cfd29982a6f39df7c792b40ac8968f334c20,0x8762db106b2c2a0bccb3a80d1ed41273552616e8,0xf76cb93c7a16ee2fa10846ebd3f98f3bd36e96de,2.4e+22,Reserve Rights,RSR,18,128,80907,176000000000,38938,8310139,deprecated,3446116
37,11751705,2021-01-29 15:53:39,0x376e2dc32ae2fcbf0e1c549292c0dfb9a20074a720d4cf5e64d39563a91e8ae8,46,0x22c1e584a330079203fb8ccfc510b3cf2421047d9341848b2d3479b62ebc8e77,0x1e0447b19bb6ecfdae1e4ae1694b0c3659614e4e,0xa0b86991c6218b36c1d19d4a2e9eb0ce3606eb48,0x48a8cfd29982a6f39df7c792b40ac8968f334c20,1274840535.0,USD Coin,USDC,6,90,309814,88000000000,204785,6002809,deprecated,3432819
38,11753957,2021-01-30 00:09:46,0x156b736c24c236db143c26133aff20f93c1c11be9911db4f5bd7f3778a8ef2b8,50,0x3411c338d82a7cc7a6027ffb6196f14948e290c29558e35eb544de4481a0af49,0x48a8cfd29982a6f39df7c792b40ac8968f334c20,0xa0b86991c6218b36c1d19d4a2e9eb0ce3606eb48,0xb4e16d0168e52d35cacd2c6185b44281ec28c9dc,1274840535.0,USD Coin,USDC,6,89,227255,104500000000,181079,8228175,deprecated,3430567
39,11753957,2021-01-30 00:09:46,0x156b736c24c236db143c26133aff20f93c1c11be9911db4f5bd7f3778a8ef2b8,50,0x3411c338d82a7cc7a6027ffb6196f14948e290c29558e35eb544de4481a0af49,0xc0fc2e4cbaf48b36948971c4afd487a90272ddfe,0xdc9ac3c20d1ed0b540df9b1fedc10039df13f99c,0x48a8cfd29982a6f39df7c792b40ac8968f334c20,5.207051584474523e+21,Utrust Token,UTK,18,89,227255,104500000000,181079,8228175,deprecated,3430567
40,11791847,2021-02-04 20:03:58,0x6400b63290856251012faceb9c8318f14f2b65401b34cb94c3b7ca32cfd05fc0,53,0x316fe31374440f5bd135acc9cb172b0e8b1ccac46d9148c788e5c82c6aaeeb74,0x2084c8115d97a12114a70a27198c3591b6df7d3e,0xdf2c7238198ad8b389666574f2d8bc411a4b7428,0x48a8cfd29982a6f39df7c792b40ac8968f334c20,5e+22,Mainframe Token,MFT,18,71,162598,278300000000,122533,7884811,deprecated,3392677
41,11796552,2021-02-05 13:37:36,0x8f3a78e03d9872671f7ffc8cc21c9fa0b0db9844bd3554e1a76ead9a4455a579,56,0x3a5b6e1c0cd341f118dffc92de3298f75eeb38b04b5bea437704b71cfddbb14d,0xbe55c87dff2a9f5c95cb5c07572c51fd91fe0732,0xad4f86a25bbc20ffb751f2fac312a0b4d8f88c64,0x48a8cfd29982a6f39df7c792b40ac8968f334c20,2.8278159890820625e+20,OptionRoom Token,ROOM,18,114,151459,352000000000,112313,10066346,deprecated,3387972
42,11824093,2021-02-09 19:09:12,0x44bdcc9f17395b31fc75eb70cd914007e4e1793ea0bbc3f808e864e582b0f122,58,0xbc84bc1e6f5f0dc59675d0cba23742582537e2af89f359add012520955d946d3,0xea02e0f8f470de1107cb336f827c4192117574bb,0xfe3e6a25e6b192a42a44ecddcd13796471735acf,0x48a8cfd29982a6f39df7c792b40ac8968f334c20,1.5e+22,Reef.finance,REEF,18,63,252841,176000000000,188427,5854274,deprecated,3360431
43,11893932,2021-02-20 12:58:18,0xa665ec1f4c7b971665b122176b4f2e4a5bb41b18c28b57e6e9b810346f9f2425,60,0xbe221521bc056866d158014847bc98e0e91cd35ea541135efd057ed054cb9a2e,0x48a8cfd29982a6f39df7c792b40ac8968f334c20,0xad4f86a25bbc20ffb751f2fac312a0b4d8f88c64,0xbe55c87dff2a9f5c95cb5c07572c51fd91fe0732,2.8278159890820625e+20,OptionRoom Token,ROOM,18,101,201874,176000000000,158225,6864004,deprecated,3290592
44,11893932,2021-02-20 12:58:18,0xa665ec1f4c7b971665b122176b4f2e4a5bb41b18c28b57e6e9b810346f9f2425,60,0xbe221521bc056866d158014847bc98e0e91cd35ea541135efd057ed054cb9a2e,0x2084c8115d97a12114a70a27198c3591b6df7d3e,0xdf2c7238198ad8b389666574f2d8bc411a4b7428,0x48a8cfd29982a6f39df7c792b40ac8968f334c20,4.165687598674777e+22,Mainframe Token,MFT,18,101,201874,176000000000,158225,6864004,deprecated,3290592
45,11903887,2021-02-22 01:31:49,0x20c25c0cd686e655ae7337f4551fa4caf2d327efd198d60b1123904f217f9121,61,0x6b77c36f8c8d3c5912c552e0c4a80713cb22f6ea105e74828504202f6905cb34,0x7937619a9bd1234a303e4fe752b8d4f37d40e20c,0xfe3e6a25e6b192a42a44ecddcd13796471735acf,0x48a8cfd29982a6f39df7c792b40ac8968f334c20,1e+22,Reef.finance,REEF,18,157,156868,161700000000,117324,7102562,deprecated,3280637
46,11952142,2021-03-01 11:45:35,0x545a46f3c2f7804dee4b1bb2596072c6fa371b0433928e43b396e20f5ed83308,62,0xe10f4b08fcd88b664f1275ab3bd426c11d52a7a470b57200bc69a3b09b3110bb,0x7937619a9bd1234a303e4fe752b8d4f37d40e20c,0xfe3e6a25e6b192a42a44ecddcd13796471735acf,0x48a8cfd29982a6f39df7c792b40ac8968f334c20,2e+22,Reef.finance,REEF,18,104,156868,95700000000,117324,6092214,deprecated,3232382
47,11952285,2021-03-01 12:17:40,0xbfeb8e90000ddbceb99976a1461e8c36dc4d2b1f7b8edbd2391f165d3175b0c7,63,0x7f3f349c3708c3e4c25b1f626cc24487e798b5c9cdc12fc418a54160335b3f34,0x2084c8115d97a12114a70a27198c3591b6df7d3e,0xdf2c7238198ad8b389666574f2d8bc411a4b7428,0x48a8cfd29982a6f39df7c792b40ac8968f334c20,6.5e+22,Mainframe Token,MFT,18,69,159316,88000000000,119549,7765401,deprecated,3232239
48,12032819,2021-03-13 22:11:44,0x691dbb9c5f4f91426423a60f54d8f59572de947a0ac66454e94ac6edb1e7c451,0,0x9efb6b84a3dd5592200bf26074921c1ef65ec4990d062b14c26a3c12f8ba308c,0x9d57f105b908b8e5df42af8f5db586183d9a517c,0x7d1afa7b718fb893db30a3abc0cfc608aacfebb0,0x48a8cfd29982a6f39df7c792b40ac8968f334c20,6.06441568721e+21,Matic Token,MATIC,18,178,250000,216000000000,22240,6928895,deprecated,3151705
49,12044873,2021-03-15 18:44:12,0x96ee0d335230cf3edd04c5ecdaa13cca3e22c7cfc161502198ad0830d92aa011,65,0x089932feee49e039aaeb6143d308efe11d570ae79936b32f2566f28e878cb745,0x48a8cfd29982a6f39df7c792b40ac8968f334c20,0xfe3e6a25e6b192a42a44ecddcd13796471735acf,0x7937619a9bd1234a303e4fe752b8d4f37d40e20c,4.5e+22,Reef.finance,REEF,18,145,168334,163900000000,112749,7665563,deprecated,3139651
50,12062292,2021-03-18 11:12:09,0x6e5643773191ea17d065d6ebd01fbd8d413b4bf752d4786e7af4fcda8b57bd3b,67,0xa1da1127fbc973cc95b3407bbd35f7758c24fb7bd7791b45a9931a14077fd3ff,0x7ba9b94127d434182287de708643932ec036d365,0x5218e472cfcfe0b64a064f055b43b4cdc9efd3a6,0x48a8cfd29982a6f39df7c792b40ac8968f334c20,2.995e+21,UnFederalReserveToken,eRSDL,18,146,173690,155100000000,132616,6785029,deprecated,3122232
51,12418312,2021-05-12 07:38:41,0xf4659bff7eacf14872bf5f606669f31165334316fd6fbb2e80c74ed0b5362006,69,0x0f0e7385aef16bba826f6797620e2427483ca89ece380a773d4a1b210be10ae5,0x48a8cfd29982a6f39df7c792b40ac8968f334c20,0x7d1afa7b718fb893db30a3abc0cfc608aacfebb0,0x819f3450da6f110ba6ea52195b3beafa246062de,5.984992782542212e+21,Matic Token,MATIC,18,141,205728,166100000000,178714,4408061,deprecated,2766212
52,12418312,2021-05-12 07:38:41,0xf4659bff7eacf14872bf5f606669f31165334316fd6fbb2e80c74ed0b5362006,69,0x0f0e7385aef16bba826f6797620e2427483ca89ece380a773d4a1b210be10ae5,0x87c9524237a19338be7dbcac01d6d208ff31136f,0xd8912c10681d8b21fd3742244f44658dba12264e,0x48a8cfd29982a6f39df7c792b40ac8968f334c20,4e+20,Pluton,PLU,18,141,205728,166100000000,178714,4408061,deprecated,2766212
53,12427136,2021-05-13 16:34:32,0x66df8c0a98e97fd91c2a957f2b36f2eb8a2edd67f2912933e18b28a4501f2194,71,0xf00ca6dd9701a579aee17f640442ce0fce1a4df4043073407ae1d923795f1e6d,0x48a8cfd29982a6f39df7c792b40ac8968f334c20,0xdc9ac3c20d1ed0b540df9b1fedc10039df13f99c,0xc0fc2e4cbaf48b36948971c4afd487a90272ddfe,5.207e+21,Utrust Token,UTK,18,111,203486,128700000000,161532,6315604,deprecated,2757388
54,12427136,2021-05-13 16:34:32,0x66df8c0a98e97fd91c2a957f2b36f2eb8a2edd67f2912933e18b28a4501f2194,71,0xf00ca6dd9701a579aee17f640442ce0fce1a4df4043073407ae1d923795f1e6d,0x87c9524237a19338be7dbcac01d6d208ff31136f,0xd8912c10681d8b21fd3742244f44658dba12264e,0x48a8cfd29982a6f39df7c792b40ac8968f334c20,2.121042627157001e+20,Pluton,PLU,18,111,203486,128700000000,161532,6315604,deprecated,2757388
55,12453133,2021-05-17 16:51:15,0x583bcc8d5887ae2c0d82aee814c6e174497f6f3b4a260f4df55d3e5d8fb113ee,75,0xe9ea2f7a8d5cfe7930104d29e87847d19f3384de263878704b58a85d4af68d17,0x48a8cfd29982a6f39df7c792b40ac8968f334c20,0x8eb24319393716668d768dcec29356ae9cffe285,0xb87c75bc7b6b4070374e1086328649db6090e2a6,172858579086.0,SingularityNET,AGI,8,46,81388,108900000000,39259,3201984,deprecated,2731391
56,12453474,2021-05-17 18:11:09,0x93be90f7a953ad1fe8cba93ddb643200569c8c9d0cfcc90fd42d674131542b2d,76,0x8cb933ac723d2a9eff70683198b6e6cf445d44397a6d26665271307cdb3abe77,0x48a8cfd29982a6f39df7c792b40ac8968f334c20,0x7d1afa7b718fb893db30a3abc0cfc608aacfebb0,0x819f3450da6f110ba6ea52195b3beafa246062de,2.643748451491099e+21,Matic Token,MATIC,18,86,217764,177100000000,173246,4799107,deprecated,2731050
57,12453474,2021-05-17 18:11:09,0x93be90f7a953ad1fe8cba93ddb643200569c8c9d0cfcc90fd42d674131542b2d,76,0x8cb933ac723d2a9eff70683198b6e6cf445d44397a6d26665271307cdb3abe77,0x5b6be21c4d1f2c1c5a3d6af3599f3bb0a785ae2f,0x3431f91b3a388115f00c5ba9fdb899851d005fb5,0x48a8cfd29982a6f39df7c792b40ac8968f334c20,1e+22,GeroWallet,GERO,18,86,217764,177100000000,173246,4799107,deprecated,2731050
58,12474307,2021-05-20 23:42:27,0xcabe6130dd2cc4387bb590f68cb219c8e1ef7a57a4e7943227b9d6da98c6c383,78,0x7bec6ba31ee334e2beb3d85c647232d43b0308992d08d5ea4227a2d7fad1e743,0x48a8cfd29982a6f39df7c792b40ac8968f334c20,0x3845badade8e6dff049820680d1f14bd3903a5d0,0x3dd49f67e9d5bc4c5e6634b3f70bfd9dc1b6bd74,1e+21,SAND,SAND,18,81,166000,50000000000,100082,10609602,deprecated,2710217
59,12486613,2021-05-22 21:44:03,0x08ff818ba63ad96744d5ae7e1398f620510e16c717ee605ad147e2164b57f988,79,0xaf0bde6f5cc694a6bb472860e2d7033dae16856b7054943b68a031c7fd3f6d65,0x48a8cfd29982a6f39df7c792b40ac8968f334c20,0xd8912c10681d8b21fd3742244f44658dba12264e,0xb87c75bc7b6b4070374e1086328649db6090e2a6,6.121042627157002e+20,Pluton,PLU,18,173,77335,41800000000,36557,9980773,deprecated,2697911
60,13338917,2021-10-02 08:55:34,0x1ae999d283050c56d1c388b084ecd3894198e9d0ccc9fe54c30531964849b985,82,0xb995bebf7f8a921324ff65256653c261afaa45818ae56ef7f436a7b2c8f001c6,0x48a8cfd29982a6f39df7c792b40ac8968f334c20,0x4e15361fd6b4bb609fa63c81a2be19d873717870,0x1ffc57cada109985ad896a69fbcebd565db4290e,3.8438743926106574e+20,Fantom Token,FTM,18,138,157840,44183055068,116609,8165985,deprecated,1845607
61,13339006,2021-10-02 09:14:22,0x13a59aef3234fc9b07a97321499ea3dabf57a39d3ae2f7bf3421944b4ab4fc56,84,0xd5b273086e5cf439e4d22f02c9bf8d0f1a6d692660c209a3a4277516acb8778b,0x48a8cfd29982a6f39df7c792b40ac8968f334c20,0x476c5e26a75bd202a9683ffd34359c0cc15be0ff,0xbe58afb4e61a13cf2ea6b6052e2e05eafe562aa8,15063000.0,Serum,SRM,6,191,282588,47300000000,207661,13924568,deprecated,1845518
62,13339006,2021-10-02 09:14:22,0x13a59aef3234fc9b07a97321499ea3dabf57a39d3ae2f7bf3421944b4ab4fc56,84,0xd5b273086e5cf439e4d22f02c9bf8d0f1a6d692660c209a3a4277516acb8778b,0x88e6a0c2ddd26feeb64f039a2c41296fcb3f5640,0xa0b86991c6218b36c1d19d4a2e9eb0ce3606eb48,0x48a8cfd29982a6f39df7c792b40ac8968f334c20,124624610.0,USD Coin,USDC,6,191,282588,47300000000,207661,13924568,deprecated,1845518
