,blockNumber,timeStamp,hash,nonce,blockHash,from,contractAddress,to,value,tokenName,tokenSymbol,tokenDecimal,transactionIndex,gas,gasPrice,gasUsed,cumulativeGasUsed,input,confirmations
0,4031343,2017-07-16 18:24:22,0x383c3fa946d85ad0a8a9d8025234f4fbaf2f4f960c6bd762c33d9666fe6e64ec,3254,0x077eeea71e352fae8f69b3a22de2d39fc55e929566623ad2e2ffef9620f4ded0,0x2323763d78bf7104b54a462a79c2ce858d118f2f,0x41e5560054824ea6b0732e656e3ad64e20e94e45,0x66fd1b1e8b9e49a8e3897b2803c50674799c9afd,500000000000.0,Civic,CVC,8,157,185907,31500000000,85907,6373925,deprecated,11152413
1,4034382,2017-07-17 10:24:26,0x48b0b8265edc3174453041ecec2de52640cbbcdac754c82b20516675a8cac9e6,0,0xca9a36ec504c0da4f5de3f580f24ed6ac639ab632a608d9a2f6671f485319ef6,0x66fd1b1e8b9e49a8e3897b2803c50674799c9afd,0x41e5560054824ea6b0732e656e3ad64e20e94e45,0x1818d7a5b91b32c6e2e9846eecab281d3e842d4f,500000000000.0,Civic,CVC,8,7,151715,22000000000,36715,238625,deprecated,11149374
2,4362109,2017-10-13 12:00:28,0xbd78b22ac18e38f87101979ea0f1a5e073e1aeeb93776467c32fbd52a52d36ce,9,0x0526eee737b8013e67882875fecf7097e58d0e4bcb9a71eac8b06aaa621af1ca,0x0000000000000000000000000000000000000000,0x0cf0ee63788a0849fe5297f3407f701e122cc023,0x66fd1b1e8b9e49a8e3897b2803c50674799c9afd,1.8244236333179985e+23,Streamr (old),XDATA,18,4,350000,400000000000,142743,512855,deprecated,10821647
3,4482812,2017-11-03 13:41:37,0xc583d8899daf54eaf4ffe9ee0afd2a2a4bead50d572f709c6436035346970ff6,11,0x788affaff84f256c012a0038bdb9d0785fce9521efd32d5b49a42bd5f5203160,0x66fd1b1e8b9e49a8e3897b2803c50674799c9afd,0x0cf0ee63788a0849fe5297f3407f701e122cc023,0x1a8a67603eacb511b6aad692061bb8184bf0c5d1,5.376344e+22,Streamr (old),XDATA,18,5,56332,30000000000,37555,198387,deprecated,10700944
4,4482937,2017-11-03 14:07:17,0x82fe3072f18fee99e666de9a6b4258be4f54957467892680e54011fc633c506f,12,0xb7ffa7a738bd1b6f0dbf88266beee0b9767c928c711d5f4c4c2617c0661f507c,0x66fd1b1e8b9e49a8e3897b2803c50674799c9afd,0x0cf0ee63788a0849fe5297f3407f701e122cc023,0x57c687f80390112ce4f341bcf5a6feffb319cf2b,8.06451e+21,Streamr (old),XDATA,18,22,78832,30000000000,52555,764164,deprecated,10700819
5,4483088,2017-11-03 14:44:15,0x2bbb2fedc0d1cb8fab2e5bb10f0af7f46f85d95a21e5270ccac0e76bdabb8245,14,0x1e5c09223bca4d48c9d167b47ca8f1f4cd8fa764d284a30885d1326be39192b0,0x66fd1b1e8b9e49a8e3897b2803c50674799c9afd,0x0cf0ee63788a0849fe5297f3407f701e122cc023,0x6aa70ae54eef8484b9c599e68f83c13d54ccc739,1.2061441333179986e+23,Streamr (old),XDATA,18,18,79024,30000000000,37683,608872,deprecated,10700668
6,5007540,2018-01-31 20:22:13,0x83572ccba9dff91251e3d30b1009cb92ef0a4736d61d8907511ed7284ece20e4,16,0xa12739fc9eed302d4291b60cd465c946058f8483c112e220b7dc693797b50175,0x77856d50941e1b5b29e291b083740e05e800883a,0x4d8fc1453a0f359e99c9675954e656d80d996fbf,0x66fd1b1e8b9e49a8e3897b2803c50674799c9afd,4.45e+20,Bee,BEE,18,96,155700,33000000000,103800,6603231,deprecated,10176216
7,5013389,2018-02-01 20:34:08,0x5b7acc266cc7b536d3509bc1d60ec78ba23bd62499e704a3c1c05f4030cdf9b9,17,0xa68fc1e16f4939a60494a980e3b2dbe33217d00c48f9c59e86dc82a4a9346c5c,0x77856d50941e1b5b29e291b083740e05e800883a,0x4d8fc1453a0f359e99c9675954e656d80d996fbf,0x66fd1b1e8b9e49a8e3897b2803c50674799c9afd,4.45e+20,Bee,BEE,18,209,200000,38000000000,74186,7139312,deprecated,10170367
8,5128968,2018-02-21 07:21:53,0x22948d2705fdd06039c9dbd820091e6ae7873270b80d4937131fb735484ccfd9,20,0x0b83bbf1375d527cf622b0d78bdcc1371cb2af60c7091ac7c323e949b468de16,0x65a56d460aa2e1b741acb6ff89d213c89931bbd3,0xe5dada80aa6477e85d09747f2842f7993d0df71c,0x66fd1b1e8b9e49a8e3897b2803c50674799c9afd,1.0714e+22,Dock,DOCK,18,79,200000,60000000000,106774,6319784,deprecated,10054788
9,5154170,2018-02-25 14:07:05,0xf799a72f7a911440d4cd2db256b90c99922222a5c9d99c29c6f8b40402f8dc60,298,0xc22c45156aa824122dc1a80d01c62d20b3d2d793966e9b22d7e2e2c2a81706a7,0x0000000000000000000000000000000000000000,0xe5f166c0d8872b68790061317bb6cca04582c912,0x66fd1b1e8b9e49a8e3897b2803c50674799c9afd,2.1275e+22,TE-FOOD,TFD,18,124,200000,8000000000,93831,6200223,deprecated,10029586
10,5173753,2018-02-28 22:31:47,0xd594c604427369649e1ccf2b5bafdcf419396a03487eb4d6d3d0a2224cc410e2,2,0x9b1325c3fd4a825326cca67c41ee2423337c2def63922aabc616d28f40c91183,0x61d80088c69f0874963dcd655de7e0b851ceef61,0xf3e014fe81267870624132ef3a646b8e83853a96,0x66fd1b1e8b9e49a8e3897b2803c50674799c9afd,7.77e+18,VIN,VIN,18,65,2000000,1000999995,1727340,7554686,deprecated,10010003
11,5218801,2018-03-08 13:45:13,0x7ee812109d08dd5d4426b0900262b5f6133aa8b39dab32d3e3cc9ffc70a4e3d5,26,0xc18d64bebd3c90c7eda2a42580e13665e1d8a72dba31d15d1c0752e4c0c122ed,0x66fd1b1e8b9e49a8e3897b2803c50674799c9afd,0xe5f166c0d8872b68790061317bb6cca04582c912,0x2a0c0dbecc7e4d658f48e01e3fa353f44050c208,2.1275e+22,TE-FOOD,TFD,18,18,250000,43000000000,58583,761964,deprecated,9964955
12,5229508,2018-03-10 09:36:05,0xefda53203e4a551a9867c8c5512959391d8c21652e79ee7367dfaa1cd732651e,180,0x388cbe3c2660204e3e39677bef910ceb0f28f80cef17ff5d4852c1300621cf98,0xd6e3417ad2faf8c6fe698be02f43a03769ee5002,0x809826cceab68c387726af962713b64cb5cb3cca,0x66fd1b1e8b9e49a8e3897b2803c50674799c9afd,8e+20,NucleusVision,nCash,18,33,6458271,4000000000,6457946,7842340,deprecated,9954248
13,5503746,2018-04-25 14:27:44,0x83a68f4f23f0adf6fb568739bc4e9ba6ae2df28328415cec7f3d3281a03fc2c7,27,0xd0b09633a4161043c554604bf65877a05224e1dd09d6febc9b90fe0519052a5a,0x66fd1b1e8b9e49a8e3897b2803c50674799c9afd,0xe5dada80aa6477e85d09747f2842f7993d0df71c,0x8fa2aeab61a7dfc200a9799804808b7dea125e1b,1.0714e+22,Dock,DOCK,18,9,153358,54000000000,38358,359837,deprecated,9680010
14,5514140,2018-04-27 09:41:03,0x03689f9be25459aebb8c45e556f8cd295b14a979818528fc8b3d1fe209a94f59,28,0x6ca0083e6da799c5260f143c6434f9893debd45200845b8ffc584f235b82cb4f,0x66fd1b1e8b9e49a8e3897b2803c50674799c9afd,0x809826cceab68c387726af962713b64cb5cb3cca,0x354f6df0af80df8d0e65363837485c11f58e371f,8e+20,NucleusVision,nCash,18,190,137594,25000000000,22594,4626442,deprecated,9669616
15,5514143,2018-04-27 09:41:58,0xcf5028efd49b918a230c845aade587d470894f3d6d5eefb5f0ad80fcdae6933c,29,0x34d2f1faad4bc6a24e318e805a7f027b2ab76bf3ce2f150e0f5f1f3b2a2f7511,0x66fd1b1e8b9e49a8e3897b2803c50674799c9afd,0x4d8fc1453a0f359e99c9675954e656d80d996fbf,0x354f6df0af80df8d0e65363837485c11f58e371f,8.9e+20,Bee,BEE,18,23,138380,25000000000,23380,664661,deprecated,9669613
16,5618096,2018-05-15 13:28:35,0xc3ac3aa2674062334d45a07596a336c9e7ff1fbbacd7bd9e9a811d5dececed7a,682,0x5c11277a2caf68b2dd1365d5f02be46768392dc51d955d5ef298305f7ed0b93b,0x0000000000000000000000000000000000000000,0x55ae7e1b4ca7c171679b64c38010686fe8e90413,0x66fd1b1e8b9e49a8e3897b2803c50674799c9afd,1.0,NucleusVisionCore,nCore,0,15,6255001,10000000000,6255001,7393764,deprecated,9565660
17,5628672,2018-05-17 10:10:38,0xa8536f37ea7a45a1f6f8d55f152a62e299aadd222d3dd044fa0c3a6098b734e8,31,0xc3cb768d2025f4d35da0a54877818b33966857ed98d82d5c404d20b0e2a2f852,0xf00fcd9119f93a1069054e4280970a75614ad7c9,0x491c9a23db85623eed455a8efdd6aba9b911c5df,0x66fd1b1e8b9e49a8e3897b2803c50674799c9afd,1.05e+23,HeroNodeToken,HER,18,36,200000,99000000000,74070,2647390,deprecated,9555084
18,5630055,2018-05-17 15:57:48,0x8359dcd6bbecacc3336b81a42ed6647e278c2192ebb2e22ad3d0cf8bad8d6aae,33,0x05e3d0d93326873625bbdcff9e215e9c96c5c88fc88836cea17f161fc633346f,0x66fd1b1e8b9e49a8e3897b2803c50674799c9afd,0x491c9a23db85623eed455a8efdd6aba9b911c5df,0x2a0c0dbecc7e4d658f48e01e3fa353f44050c208,1.05e+23,HeroNodeToken,HER,18,21,250000,33000000000,43534,843307,deprecated,9553701
19,5643435,2018-05-20 00:55:26,0x36dc5dd16cecf6187014d1cb0827bc5d8b35d45c63544f54c3429eb99f8e5f6d,556,0xf7bc625cc6047cf0d25f5658926cfd1758b2a211d4e0fb461f63a4f9427e0371,0x3019dbcd06d2cac9d09acbde9d0ae890f14f69ea,0xfe5f141bf94fe84bc28ded0ab966c16b17490657,0x66fd1b1e8b9e49a8e3897b2803c50674799c9afd,6.641e+21,LibraToken,LBA,18,14,6721975,8000000000,66939,455272,deprecated,9540321
20,5645257,2018-05-20 08:44:55,0x2c17351a62bcb568d978999530b51ad4782ab97140257f3dedf5e0659a1dc230,34,0x4f463e8ab935cbade6b44f07d05c31c6f761dc5dea0e192db90580e9159c801f,0x66fd1b1e8b9e49a8e3897b2803c50674799c9afd,0xfe5f141bf94fe84bc28ded0ab966c16b17490657,0x354f6df0af80df8d0e65363837485c11f58e371f,6.641e+21,LibraToken,LBA,18,9,121000,31000000000,21989,401485,deprecated,9538499
21,5727026,2018-06-03 20:29:32,0x63f4ba82ee9da37006f5789c8a67604ea2127bf9e038a6b82f774779528f42e1,754,0x2228184cdd3fbeadf8649d92c45482e1f07133d3a42dab592bcf938ac01c3eb3,0x84d069d3bef6c979bd248d494ab9102c6adb7c0e,0x4092678e4e78230f46a1534c0fbc8fa39780892b,0x66fd1b1e8b9e49a8e3897b2803c50674799c9afd,3e+18,OCoin,OCN,18,52,3000000,4000000000,2893854,7796945,deprecated,9456730
22,5743285,2018-06-06 17:45:08,0x487fa04a43a323f32b0eed2a0ff1ea88e1c19ab3d1edc2e820c65a3dcbb1f66d,35,0xb6f9e87341fcb8486dc6ad37264f4d675168ec69e7a27f66d0e6ac6e989b82f6,0x7bb187351421c3affda57c7a5132e304f73167c8,0x97aeb5066e1a590e868b511457beb6fe99d329f5,0x66fd1b1e8b9e49a8e3897b2803c50674799c9afd,9.500000000000077e+21,Atonomi,ATMI,18,58,400000,30000000000,212744,3595577,deprecated,9440471
23,5784709,2018-06-14 01:13:05,0x4553a2900a66b06a634cf9b31f285aa755485077b2002ee14e189e746e30a4de,32,0x2e63e6838720818f5d59afdfdbaa976ab803dc47b51805c3ef7a1bb0e3d66b8d,0x0000000000000000000000000000000000000000,0x7b2f9706cd8473b4f5b7758b0171a9933fc6c4d6,0x66fd1b1e8b9e49a8e3897b2803c50674799c9afd,911.0,An Etheal Promo,HEALP,0,58,1800000,3000000000,1707653,7833187,deprecated,9399047
24,5794233,2018-06-15 16:53:40,0x255d7a8d6452e17c2e9aae18e6ac72fe807d845dc619954b73b1c8ed4c0121d8,36,0xb326713b2181f5503297a8739d1e8a74dc8467847260010bed55969ef38f121a,0x0000000000000000000000000000000000000000,0x64a60493d888728cf42616e034a0dfeae38efcf0,0x66fd1b1e8b9e49a8e3897b2803c50674799c9afd,7.4059694e+21,Oneledger Token,OLT,18,11,250000,35000000000,91491,426378,deprecated,9389523
25,6225738,2018-08-27 23:58:47,0x2c6c4d0bed05c5195fc780448f970ec66cc140e2b5db160223c04def7daaaaa6,1719,0x712c17ef063317e28b71914f1b97f01e6d86ecdcb83b205e70e5289c4ae73b85,0x0000000000000000000000000000000000000000,0xd4de05944572d142fbf70f3f010891a35ac15188,0x66fd1b1e8b9e49a8e3897b2803c50674799c9afd,3.65e+20,Bulleon Promo Token,BULLEON PROMO,18,36,5000000,2000000000,3707081,5854743,deprecated,8958018
26,6672345,2018-11-09 12:24:53,0x10979f6f7c12eec9614609955d13b3484ff24c1fed1491488cbf3f899bea5cd1,305,0x118696f841b53a590a25719a9a9b4385c218c4dddfbc9d05419a242956533a29,0x4e9a414565efe4cad1127161d2c8258594301715,0xeccab39acb2caf9adba72c1cb92fdc106b993e0b,0x66fd1b1e8b9e49a8e3897b2803c50674799c9afd,5.5978e+22,Azbit,AZ,18,10,3777000,3400000000,3760305,3970305,deprecated,8511411
27,7283359,2019-03-01 10:27:00,0xa4d76353675eed46665d7571fe302247ed4f44bfa42ea959debb0d81421aca14,4124,0x505790443801312eef66ef82c8fd91f66dab85d6ec6ba93024dcdb847f7c2f56,0xaaaaa798ebb90066788951e0fc03bc71e6bc2b51,0x77fe30b2cf39245267c0a5084b66a560f1cf9e1f,0x66fd1b1e8b9e49a8e3897b2803c50674799c9afd,5.5978e+22,Azbit,AZ,18,38,710000,1652892559,701163,6414392,deprecated,7900397
28,7927018,2019-06-09 21:02:05,0xf920e9ca9bf81bafca48a357defd86ca1b7368b9de8e8515288426f9fc38de5b,122,0x29d0065213b100615dbd5946c5a64b03c6f1f6036c825538ee808817c384aa46,0xf2477449c35ca3d79fb8a401380479642fe99c5b,0x971d048e737619884f2df75e31c7eb6412392328,0x66fd1b1e8b9e49a8e3897b2803c50674799c9afd,5.425e+22,Sparkster,SPRK,18,121,121000,2000000000,41292,7010801,deprecated,7256738
29,7927025,2019-06-09 21:02:48,0x67a5bd045eacd5ed06c8252ed41583996ad3a9661ac66bf17625cd3a32f82262,44,0x3e8d55fb4575e0f4c2239061e33c235124ff3d579eaa1439d0b5430ac7245dbf,0x66fd1b1e8b9e49a8e3897b2803c50674799c9afd,0x971d048e737619884f2df75e31c7eb6412392328,0x2a3077573b61a782a6c8d5dc755a0344763cf670,3e+22,Sparkster,SPRK,18,44,130000,40000000000,56292,2495770,deprecated,7256731
30,7961339,2019-06-15 05:40:34,0x824ef4f98f88868001e4bcc1b9fb975246008e08855242114339cb4512966bae,733,0x447a6485ea38ae8abe8772e4b9c7d446dc3cb607152b3ee215cf33e9e752c503,0x77b9af02a2285b25c44e7464415df71d5fa02818,0x115ec79f1de567ec68b7ae7eda501b406626478e,0x66fd1b1e8b9e49a8e3897b2803c50674799c9afd,1.495e+23,CarryToken,CRE,18,68,2350000,21000000000,1771677,4316979,deprecated,7222417
31,7961508,2019-06-15 06:17:00,0x58ef15153b6767ab1e46e29f7952f1386d9aa3f061577f03687dde3db295f7f5,45,0xeb32467890bc5505041d019a513062ecc5369bce2a913c6ccd36d99df2a86c51,0x66fd1b1e8b9e49a8e3897b2803c50674799c9afd,0x115ec79f1de567ec68b7ae7eda501b406626478e,0xc363866918525e4a7f90770059f9e6e4ae0504b4,1.495e+23,CarryToken,CRE,18,35,55509,20000000000,22518,1086555,deprecated,7222248
32,8153753,2019-07-15 05:35:12,0x85f679553646a6efa12801ff9f00a51a88fbeeeaf53619a16d0aa8bc713ee545,746,0x28e1ce375c7de4d290a27042ec8680974abf643282b46c497e4137d4875c4fc6,0x77b9af02a2285b25c44e7464415df71d5fa02818,0x115ec79f1de567ec68b7ae7eda501b406626478e,0x66fd1b1e8b9e49a8e3897b2803c50674799c9afd,1.495e+23,CarryToken,CRE,18,16,2350000,41000000000,1411677,1863679,deprecated,7030003
33,8344791,2019-08-13 22:08:04,0xb353371e69444915a57acb8322ecda0bf63114535f9077c0bdf91c9742f83ac5,46,0x497eaa99facd6a86c726631a96c938e94ece305c2a11f1e4b2cb0611693ec38f,0x66fd1b1e8b9e49a8e3897b2803c50674799c9afd,0x115ec79f1de567ec68b7ae7eda501b406626478e,0xc363866918525e4a7f90770059f9e6e4ae0504b4,1.495e+23,CarryToken,CRE,18,13,100000,20000000000,37518,519686,deprecated,6838965
34,8347297,2019-08-14 07:31:50,0xcf7e916174ab671d502f5f4522eff2d11b4b9042756956bd443727e44d39e5b8,759,0x71546712e107d9b847dae21fb3ac4d2c4364e958baa014d1253943cc2455112d,0x77b9af02a2285b25c44e7464415df71d5fa02818,0x115ec79f1de567ec68b7ae7eda501b406626478e,0x66fd1b1e8b9e49a8e3897b2803c50674799c9afd,1.495e+23,CarryToken,CRE,18,17,2350000,41000000000,706677,1128148,deprecated,6836459
35,8347797,2019-08-14 09:19:56,0xdb492030eaa9fef1a0a25c3859cefb27f98723bda1182c0cd98c33175a760870,47,0xa49614d9eb25cddb8f92f1f3a1d2e2a772b71829f73abc67fc84e52825857268,0x66fd1b1e8b9e49a8e3897b2803c50674799c9afd,0x115ec79f1de567ec68b7ae7eda501b406626478e,0xc363866918525e4a7f90770059f9e6e4ae0504b4,1.495e+23,CarryToken,CRE,18,5,100000,20000000000,22518,190947,deprecated,6835959
36,8443676,2019-08-29 07:14:11,0xf88dd42fbcdabce1c0a477b3dbf1a7e98331237c2d544247e0a64b1e4da456cb,48,0xca1a149a82e36c77fa0a2ccaf21b8c5b1af4111fa63dce919096fcea7b3a212b,0x66fd1b1e8b9e49a8e3897b2803c50674799c9afd,0x64a60493d888728cf42616e034a0dfeae38efcf0,0xc5be09b8fcc8aeb4f2da8fb0a10728e63e1febe5,7.4059694e+21,Oneledger Token,OLT,18,72,100000,20000000000,37518,2261609,deprecated,6740080
37,9508657,2020-02-18 18:08:07,0xa15749aa03da3bc22f5c4eefaef46fb9f4638399691b0f86679053e2aa43c7ee,1973934,0x0872fa4fe88800783f8edeb7a533f3da19e18d6500f235d55e7555668f52d853,0x0681d8db095565fe8a346fa0277bffde9c0edbbf,0xdac17f958d2ee523a2206206994597c13d831ec7,0x66fd1b1e8b9e49a8e3897b2803c50674799c9afd,5998670000.0,Tether USD,USDT,6,16,207128,40000000000,56221,653778,deprecated,5675099
38,9662272,2020-03-13 09:09:53,0x7daaffbdfe2fa68542a613782a23ecee7d3de5f51d7d18d364172ac67bfe24c4,49,0x9a9eb56886f8953f2ed0b5c6e91e95d9964d0b5a67d0310156e13187f411ef84,0x66fd1b1e8b9e49a8e3897b2803c50674799c9afd,0xdac17f958d2ee523a2206206994597c13d831ec7,0xe85954bcc1b53025d76e154f09cd5cebf0662635,5000000.0,Tether USD,USDT,6,47,84295,30000000000,56197,3180753,deprecated,5521484
39,9662877,2020-03-13 11:28:23,0xd833274f8e12d95e133cf021f8581822801e35ee03301b4365da3e933d2dcae9,50,0x7a05161058edad176ac673504dc5409570245e3f803fe8e3878ac91163ee6f44,0x66fd1b1e8b9e49a8e3897b2803c50674799c9afd,0xdac17f958d2ee523a2206206994597c13d831ec7,0x2f389ce8bd8ff92de3402ffce4691d17fc4f6535,2696720000.0,Tether USD,USDT,6,34,61813,41000000000,41209,3265633,deprecated,5520879
40,9956529,2020-04-27 19:54:52,0x8f0d8c46d221bbfabfafacf585038e355ac2dbc16161b7a6b108d886c0516b9f,12380,0x67c24236ba4f1b451a573ff51947f8a45aa5cdc1dd09af5072ad1beda2c37a00,0xc12d1c73ee7dc3615ba4e37e4abfdbddfa38907e,0xc12d1c73ee7dc3615ba4e37e4abfdbddfa38907e,0x66fd1b1e8b9e49a8e3897b2803c50674799c9afd,88888800000000.0,KickToken,KICK,8,42,7000000,2200000000,2727982,4945991,deprecated,5227227
41,10096219,2020-05-19 11:53:08,0xf93eab1e23799f4adb1a0ad333b2f7c68c518687e3426b039cb977c23241eccb,2194509,0xebf506291129e1a6b603759a630152db8a5a17126e7d9f56633cd6a2172eb002,0xd551234ae421e3bcba99a0da6d736074f22192ff,0xdac17f958d2ee523a2206206994597c13d831ec7,0x66fd1b1e8b9e49a8e3897b2803c50674799c9afd,2798940000.0,Tether USD,USDT,6,125,207128,32000000000,41209,5465146,deprecated,5087537
42,10120728,2020-05-23 07:19:43,0x10da7867c2cb605c1cacf3a7591c42e30f1012ec5c1074051c0a8bdeacb659fb,3646,0xc693dd27d1cf567a2d5598fbae032f03f867fc087a39ae363091f94509067f5e,0xe5a8b35eaa3c14e0a6514f800825e1e6687bf23e,0xdac17f958d2ee523a2206206994597c13d831ec7,0x66fd1b1e8b9e49a8e3897b2803c50674799c9afd,340540700.0,Tether USD,USDT,6,3,150000,60000000000,41209,119592,deprecated,5063028
43,10256611,2020-06-13 09:41:58,0x2a0c8dffb95cbf630b1a9e33b4badbfd9b26b446cd1a78170201984c218299f1,52,0xb08dba19eb5ae8d563df73fb5050ba8775d1cd5c22d91a6b5193e88ffb836286,0x66fd1b1e8b9e49a8e3897b2803c50674799c9afd,0xdac17f958d2ee523a2206206994597c13d831ec7,0xe85954bcc1b53025d76e154f09cd5cebf0662635,150000000.0,Tether USD,USDT,6,84,61813,21100000000,41209,5163295,deprecated,4927145
44,10379001,2020-07-02 08:48:57,0xc25a882d32d6e5072da2859bc56d3c756c9f851a7ae99ade4ac93258b4a17d60,2367483,0xa8a826db9d0e55d5a563d86848ceb98e7c2c9380be2fc101c08496f48f784eae,0xd551234ae421e3bcba99a0da6d736074f22192ff,0xdac17f958d2ee523a2206206994597c13d831ec7,0x66fd1b1e8b9e49a8e3897b2803c50674799c9afd,1748850000.0,Tether USD,USDT,6,14,207128,69000000000,41209,449134,deprecated,4804755
45,10502429,2020-07-21 11:19:03,0x1bb706f30ce391920aaf92793a5ae9238971234cdf2bc78560001b52ce60295a,53,0xf42eb9af55b92cbd0aa6d196a90229a148ec3294beddc2d81f7cef35056e86c9,0x66fd1b1e8b9e49a8e3897b2803c50674799c9afd,0xdac17f958d2ee523a2206206994597c13d831ec7,0xb2981292f9ec15e958dc2de51f2903b10a31230e,428459600.0,Tether USD,USDT,6,96,84313,90000000000,56209,6410373,deprecated,4681327
46,10534515,2020-07-26 10:27:03,0xd891836338a73ea79303026416cd014908d9c209b3d4afa82d62d79a540c5e64,54,0x84d279ba04aef8ce7d78456cdb63fcfe7141dfba9d205947991ffd52db6c0cc0,0x66fd1b1e8b9e49a8e3897b2803c50674799c9afd,0xdac17f958d2ee523a2206206994597c13d831ec7,0x57cf0196d9c5e8b9b5faa27aad50475e12d7a78e,440528500.0,Tether USD,USDT,6,167,84313,83000000000,56209,12422358,deprecated,4649241
47,10548925,2020-07-28 15:47:56,0x07a46ad8202ee935d611e9b254c230ba3ad020e153ac4beca75d57d5c4aca132,55,0xe802a6c1b9c9c71c65dce768f52b38b93045794c42987c61c4968ae02acbb085,0x66fd1b1e8b9e49a8e3897b2803c50674799c9afd,0xdac17f958d2ee523a2206206994597c13d831ec7,0xd28a748d53ef118c9a46766b34f8e296d26a23f0,1000000000.0,Tether USD,USDT,6,158,61795,83000000000,41197,8240847,deprecated,4634831
48,10579702,2020-08-02 09:58:52,0xf4a79ab0373a594785d301315d5e285424ee10c3299d63c7c28e6b97c477129a,56,0xd9fa7a0a64f936ff1aaf185ee32de587b722cdf4cfd5a4d25e59006b766bb65d,0x66fd1b1e8b9e49a8e3897b2803c50674799c9afd,0xdac17f958d2ee523a2206206994597c13d831ec7,0x3670e9240c42db163def82a307c37c42a46e5efa,182400000.0,Tether USD,USDT,6,202,84295,77000000000,56197,9702133,deprecated,4604054
49,10579736,2020-08-02 10:05:05,0xfefdb147328aba627c14ab54c9665c1b8ccad40e003c0ebbe33782064c1b3078,57,0xa1e8905d7eb938ffce498f6b476652dcd5cc4973442fbadb55d716e2e4160193,0x66fd1b1e8b9e49a8e3897b2803c50674799c9afd,0xdac17f958d2ee523a2206206994597c13d831ec7,0xe85954bcc1b53025d76e154f09cd5cebf0662635,2000000000.0,Tether USD,USDT,6,137,61795,61000000000,41197,8497455,deprecated,4604020
50,10650848,2020-08-13 09:32:54,0x57cdc4c5acdeab32c41ac6167d6b8004bc68d95ba2ed102df8d957d4b765cdbd,58,0x1d01784e83c6e2eab735be6d5d2891b81e6938c7bdb628a48ac9dd91342deb4e,0x66fd1b1e8b9e49a8e3897b2803c50674799c9afd,0xdac17f958d2ee523a2206206994597c13d831ec7,0xe85954bcc1b53025d76e154f09cd5cebf0662635,3983892600.0,Tether USD,USDT,6,216,61813,336000000000,26209,12210716,deprecated,4532908
51,10763327,2020-08-30 16:41:37,0xb4ed097fda9951d1f71cd8c13a7e00b34da2a689cf2966755cb7a83e86b45948,2754924,0x92ba8a3789cd62ed498d489142a68483b6d78ef7138ff723be0173fd0ae2478d,0xd551234ae421e3bcba99a0da6d736074f22192ff,0x0d8775f648430679a709e98d2b0cb6250d2887ef,0x66fd1b1e8b9e49a8e3897b2803c50674799c9afd,7.14705999999e+21,BAT,BAT,18,37,202021,297000000000,52064,1216935,deprecated,4420429
52,10763437,2020-08-30 17:05:55,0x182c7194a5ec1b3085869f68faf552a621053c9d863a2c3ffd203027194efdda,63,0xf0e96bd1dbf6152455ecb1bf70d553154a7794050b81ca9e59ac179b22d79cd6,0x66fd1b1e8b9e49a8e3897b2803c50674799c9afd,0x0d8775f648430679a709e98d2b0cb6250d2887ef,0x9ae980d63401584f234a24671cc56de347252e46,7.147e+21,BAT,BAT,18,128,257558,247000000000,148657,10423391,deprecated,4420319
53,10763437,2020-08-30 17:05:55,0x182c7194a5ec1b3085869f68faf552a621053c9d863a2c3ffd203027194efdda,63,0xf0e96bd1dbf6152455ecb1bf70d553154a7794050b81ca9e59ac179b22d79cd6,0x9ae980d63401584f234a24671cc56de347252e46,0x471eb7dcf6647abaf838a5aad94940ce6932198c,0x66fd1b1e8b9e49a8e3897b2803c50674799c9afd,5.2036792037787975e+22,Balancer Pool Token,BPT,18,128,257558,247000000000,148657,10423391,deprecated,4420319
54,10763516,2020-08-30 17:22:10,0x862b6f4d3795cd3aee4c294022aff698f61ebf7156eea4cd8e63555226f46b84,65,0x259eaad1ff5fabf484351b3cc908b897f878c32f91c026463de9114a91ee01ac,0x66fd1b1e8b9e49a8e3897b2803c50674799c9afd,0x471eb7dcf6647abaf838a5aad94940ce6932198c,0x1c990fc37f399c935625b815975d0c9fad5c31a1,5.2036792037787975e+22,Balancer Pool Token,BPT,18,67,199335,248000000000,117890,3810478,deprecated,4420240
55,10770624,2020-08-31 19:30:37,0x26320da4cb97f6d3cc9be9a44bfcbc161595e14e3c008c1d845ce924b6020a3d,68,0x82815ec0ccc3de877093608c2e47cc94435288439373ecb5f016f21278dba708,0x66fd1b1e8b9e49a8e3897b2803c50674799c9afd,0xc02aaa39b223fe8d0a0e5c4f27ead9083c756cc2,0x9ae980d63401584f234a24671cc56de347252e46,1.2e+19,Wrapped Ether,WETH,18,111,249945,256000000000,126736,8772155,deprecated,4413132
56,10770624,2020-08-31 19:30:37,0x26320da4cb97f6d3cc9be9a44bfcbc161595e14e3c008c1d845ce924b6020a3d,68,0x82815ec0ccc3de877093608c2e47cc94435288439373ecb5f016f21278dba708,0x9ae980d63401584f234a24671cc56de347252e46,0x10dd17ecfc86101eab956e0a443cab3e9c62d9b4,0x66fd1b1e8b9e49a8e3897b2803c50674799c9afd,5.388657227639218e+22,Balancer Pool Token,BPT,18,111,249945,256000000000,126736,8772155,deprecated,4413132
57,10770642,2020-08-31 19:35:11,0xd0b1380224d178cd1c9ec443edac100c7722089ef71bb9b317904e634df28908,70,0xf38fb8e27207863bc1dc4efaa86b64785f2cf156ef87c03b2da9065c36dc9f55,0x66fd1b1e8b9e49a8e3897b2803c50674799c9afd,0x10dd17ecfc86101eab956e0a443cab3e9c62d9b4,0x67ffb615eaeb8aa88ff37cca6a32e322286a42bb,5.388657227639218e+22,Balancer Pool Token,BPT,18,172,199335,289000000000,117890,11099785,deprecated,4413114
58,10780707,2020-09-02 08:21:15,0x33b38d709201651599638cc50c2dc99472938d8f67623b52cb9cbb8fab47a24b,71,0x658a6c12fb55b6203e1340e5c2b8e2fda21bcdd65eb32197046b704505a87bb0,0x1c990fc37f399c935625b815975d0c9fad5c31a1,0x45f24baeef268bb6d63aee5129015d69702bcdfa,0x66fd1b1e8b9e49a8e3897b2803c50674799c9afd,4.612411507528602e+18,YFValue,YFV,18,171,301884,350000000000,181919,6908582,deprecated,4403049
59,10780707,2020-09-02 08:21:15,0x33b38d709201651599638cc50c2dc99472938d8f67623b52cb9cbb8fab47a24b,71,0x658a6c12fb55b6203e1340e5c2b8e2fda21bcdd65eb32197046b704505a87bb0,0x1c990fc37f399c935625b815975d0c9fad5c31a1,0x1b8e12f839bd4e73a47addf76cf7f0097d74c14c,0x66fd1b1e8b9e49a8e3897b2803c50674799c9afd,221857215.0,Value USD,vUSD,9,171,301884,350000000000,181919,6908582,deprecated,4403049
60,10783492,2020-09-02 18:32:30,0xfcfb424085f92aa9b486e74780eb0542d185c7a0f7f7acce4ba05e95365c6454,73,0xe04c42aba86fa08913a081d9797881b7b94ce28f6f20d7a4abe2f0e8b385fc1f,0x66fd1b1e8b9e49a8e3897b2803c50674799c9afd,0x45f24baeef268bb6d63aee5129015d69702bcdfa,0xd58b1b5d2148f744e9eb3a87f20bebf3ca5f8974,4.612411507528602e+18,YFValue,YFV,18,103,150914,433000000000,115732,8714684,deprecated,4400264
61,10783492,2020-09-02 18:32:30,0xfcfb424085f92aa9b486e74780eb0542d185c7a0f7f7acce4ba05e95365c6454,73,0xe04c42aba86fa08913a081d9797881b7b94ce28f6f20d7a4abe2f0e8b385fc1f,0xd58b1b5d2148f744e9eb3a87f20bebf3ca5f8974,0xdac17f958d2ee523a2206206994597c13d831ec7,0x66fd1b1e8b9e49a8e3897b2803c50674799c9afd,269663920.0,Tether USD,USDT,6,103,150914,433000000000,115732,8714684,deprecated,4400264
62,10846322,2020-09-12 09:31:42,0x0ed74520047eca76f99a86b22df96816c5aad866e6653e0573c50673ee610fbf,74,0xde77c6184099bcfeced021a70d62b29b4f5f070018939f60d176fb12b16e36d9,0x67ffb615eaeb8aa88ff37cca6a32e322286a42bb,0x45f24baeef268bb6d63aee5129015d69702bcdfa,0x66fd1b1e8b9e49a8e3897b2803c50674799c9afd,1.8016183777751572e+19,YFValue,YFV,18,177,279178,84000000000,166919,12072502,deprecated,4337434
63,10846322,2020-09-12 09:31:42,0x0ed74520047eca76f99a86b22df96816c5aad866e6653e0573c50673ee610fbf,74,0xde77c6184099bcfeced021a70d62b29b4f5f070018939f60d176fb12b16e36d9,0x67ffb615eaeb8aa88ff37cca6a32e322286a42bb,0x1b8e12f839bd4e73a47addf76cf7f0097d74c14c,0x66fd1b1e8b9e49a8e3897b2803c50674799c9afd,866579306.0,Value USD,vUSD,9,177,279178,84000000000,166919,12072502,deprecated,4337434
64,10846325,2020-09-12 09:33:00,0x4e56859e33a8243e31ade3d11672f687c40f16fcd0151816fd110f67d3b0c948,75,0x82a4f6ad1ff5987bb44beb7ee97d8efd40971a00a6fdf576d06a3241a90fa78a,0x1c990fc37f399c935625b815975d0c9fad5c31a1,0x45f24baeef268bb6d63aee5129015d69702bcdfa,0x66fd1b1e8b9e49a8e3897b2803c50674799c9afd,1.1233782690884923e+19,YFValue,YFV,18,93,234178,84000000000,136919,10141894,deprecated,4337431
65,10846325,2020-09-12 09:33:00,0x4e56859e33a8243e31ade3d11672f687c40f16fcd0151816fd110f67d3b0c948,75,0x82a4f6ad1ff5987bb44beb7ee97d8efd40971a00a6fdf576d06a3241a90fa78a,0x1c990fc37f399c935625b815975d0c9fad5c31a1,0x1b8e12f839bd4e73a47addf76cf7f0097d74c14c,0x66fd1b1e8b9e49a8e3897b2803c50674799c9afd,540345487.0,Value USD,vUSD,9,93,234178,84000000000,136919,10141894,deprecated,4337431
66,10846386,2020-09-12 09:47:00,0x678721e893816453085781fa0c78e5dfe7d9276722ed9e80965bffffcd65c35b,78,0x67907c707934e9f4d94f22c68cb873c6a4d9a9a75d335bbd4fa655887bf4a835,0x66fd1b1e8b9e49a8e3897b2803c50674799c9afd,0xc02aaa39b223fe8d0a0e5c4f27ead9083c756cc2,0x9ae980d63401584f234a24671cc56de347252e46,6.565656565656566e+18,Wrapped Ether,WETH,18,70,393617,85000000000,271542,5110405,deprecated,4337370
67,10846386,2020-09-12 09:47:00,0x678721e893816453085781fa0c78e5dfe7d9276722ed9e80965bffffcd65c35b,78,0x67907c707934e9f4d94f22c68cb873c6a4d9a9a75d335bbd4fa655887bf4a835,0x66fd1b1e8b9e49a8e3897b2803c50674799c9afd,0x45f24baeef268bb6d63aee5129015d69702bcdfa,0x9ae980d63401584f234a24671cc56de347252e46,2.8315047261579064e+18,YFValue,YFV,18,70,393617,85000000000,271542,5110405,deprecated,4337370
68,10846386,2020-09-12 09:47:00,0x678721e893816453085781fa0c78e5dfe7d9276722ed9e80965bffffcd65c35b,78,0x67907c707934e9f4d94f22c68cb873c6a4d9a9a75d335bbd4fa655887bf4a835,0x9ae980d63401584f234a24671cc56de347252e46,0xc02aaa39b223fe8d0a0e5c4f27ead9083c756cc2,0x66fd1b1e8b9e49a8e3897b2803c50674799c9afd,6.5012216059628584e+16,Wrapped Ether,WETH,18,70,393617,85000000000,271542,5110405,deprecated,4337370
69,10846386,2020-09-12 09:47:00,0x678721e893816453085781fa0c78e5dfe7d9276722ed9e80965bffffcd65c35b,78,0x67907c707934e9f4d94f22c68cb873c6a4d9a9a75d335bbd4fa655887bf4a835,0x9ae980d63401584f234a24671cc56de347252e46,0x45f24baeef268bb6d63aee5129015d69702bcdfa,0x66fd1b1e8b9e49a8e3897b2803c50674799c9afd,4.162659441042554e+16,YFValue,YFV,18,70,393617,85000000000,271542,5110405,deprecated,4337370
70,10846386,2020-09-12 09:47:00,0x678721e893816453085781fa0c78e5dfe7d9276722ed9e80965bffffcd65c35b,78,0x67907c707934e9f4d94f22c68cb873c6a4d9a9a75d335bbd4fa655887bf4a835,0x9ae980d63401584f234a24671cc56de347252e46,0x10dd17ecfc86101eab956e0a443cab3e9c62d9b4,0x66fd1b1e8b9e49a8e3897b2803c50674799c9afd,2.9959883096039677e+22,Balancer Pool Token,BPT,18,70,393617,85000000000,271542,5110405,deprecated,4337370
71,10846401,2020-09-12 09:50:51,0xd02379473d23377006b9ccdbf5c59244eb082e9d518b21a90c8f412e2448b9ea,79,0xf20220010d13f0b28b836b3c548f87c40ceaab5a4302ba0427718179fa63fe1f,0x66fd1b1e8b9e49a8e3897b2803c50674799c9afd,0x45f24baeef268bb6d63aee5129015d69702bcdfa,0xcb4f983e705caeb7217c5c3785001cb138115f0b,2e+19,YFValue,YFV,18,32,192748,64000000000,165058,9184598,deprecated,4337355
72,10846401,2020-09-12 09:50:51,0xd02379473d23377006b9ccdbf5c59244eb082e9d518b21a90c8f412e2448b9ea,79,0xf20220010d13f0b28b836b3c548f87c40ceaab5a4302ba0427718179fa63fe1f,0x0d4a11d5eeaac28ec3f61d100daf4d40471f1852,0xdac17f958d2ee523a2206206994597c13d831ec7,0x66fd1b1e8b9e49a8e3897b2803c50674799c9afd,350037027.0,Tether USD,USDT,6,32,192748,64000000000,165058,9184598,deprecated,4337355
73,10846405,2020-09-12 09:52:10,0x6d985a013a6139c8e26a2f9118feed5ab4b2b9be9ac82fe763f74b019b929c0d,80,0x6434547df89f2f0286d1859a8a94deaf1887d7f4c472d56af8985548ce9c393f,0x66fd1b1e8b9e49a8e3897b2803c50674799c9afd,0x10dd17ecfc86101eab956e0a443cab3e9c62d9b4,0x67ffb615eaeb8aa88ff37cca6a32e322286a42bb,2.9959883096039677e+22,Balancer Pool Token,BPT,18,73,170467,83000000000,107135,4202339,deprecated,4337351
74,10848091,2020-09-12 16:00:35,0x686ff9c74e273011b003b02ddddc7aa7ad3bbbcb500376e4142422e90553abb0,81,0xb298afc73203a391874e574ee300725303c42a1dde81e4bc5fc933058d1770c5,0x66fd1b1e8b9e49a8e3897b2803c50674799c9afd,0x45f24baeef268bb6d63aee5129015d69702bcdfa,0xd58b1b5d2148f744e9eb3a87f20bebf3ca5f8974,6.460088336889014e+18,YFValue,YFV,18,64,134152,102000000000,100732,3636890,deprecated,4335665
75,10848091,2020-09-12 16:00:35,0x686ff9c74e273011b003b02ddddc7aa7ad3bbbcb500376e4142422e90553abb0,81,0xb298afc73203a391874e574ee300725303c42a1dde81e4bc5fc933058d1770c5,0xd58b1b5d2148f744e9eb3a87f20bebf3ca5f8974,0xdac17f958d2ee523a2206206994597c13d831ec7,0x66fd1b1e8b9e49a8e3897b2803c50674799c9afd,155543989.0,Tether USD,USDT,6,64,134152,102000000000,100732,3636890,deprecated,4335665
76,10878463,2020-09-17 08:04:02,0x8a0e750d489404a05c60a46e732ca28a1f894f397401839483a4092c59f0f566,2840975,0xcf4711cd163e0b74202c334b6c084fe323ca83259ba3a8ba7565cc63c275b8f3,0x0681d8db095565fe8a346fa0277bffde9c0edbbf,0x6b175474e89094c44da98b954eedeac495271d0f,0x66fd1b1e8b9e49a8e3897b2803c50674799c9afd,3.57312997263e+21,Dai Stablecoin,DAI,18,293,142858,700000000000,52030,9878042,deprecated,4305293
77,10878605,2020-09-17 08:36:39,0x6625c0ec6af1533a01630641b305bb18b7446cea0ba29fb7f1f57e5471a304ac,2792342,0x7c4403e697242f2fb89b8aecbcaf609cec5d8235db779b95e4b7952f10d330f7,0x564286362092d8e7936f0549571a803b203aaced,0x6b175474e89094c44da98b954eedeac495271d0f,0x66fd1b1e8b9e49a8e3897b2803c50674799c9afd,3.53112991e+21,Dai Stablecoin,DAI,18,83,142858,700000000000,37030,3916068,deprecated,4305151
78,10883714,2020-09-18 03:14:42,0x965f9b68f3e4d8036f1328ddd123ab39435ca9f238af1fccd8096a5cd61d7601,82,0x9b285401d410795e41a312e1a6b41004dcb98086baf7b5f4fd6db46b5d815691,0x1c990fc37f399c935625b815975d0c9fad5c31a1,0x471eb7dcf6647abaf838a5aad94940ce6932198c,0x66fd1b1e8b9e49a8e3897b2803c50674799c9afd,5.2036792037787975e+22,Balancer Pool Token,BPT,18,53,366484,259000000000,201633,5972253,deprecated,4300042
79,10883714,2020-09-18 03:14:42,0x965f9b68f3e4d8036f1328ddd123ab39435ca9f238af1fccd8096a5cd61d7601,82,0x9b285401d410795e41a312e1a6b41004dcb98086baf7b5f4fd6db46b5d815691,0x1c990fc37f399c935625b815975d0c9fad5c31a1,0x45f24baeef268bb6d63aee5129015d69702bcdfa,0x66fd1b1e8b9e49a8e3897b2803c50674799c9afd,4.565164883865833e+18,YFValue,YFV,18,53,366484,259000000000,201633,5972253,deprecated,4300042
80,10883714,2020-09-18 03:14:42,0x965f9b68f3e4d8036f1328ddd123ab39435ca9f238af1fccd8096a5cd61d7601,82,0x9b285401d410795e41a312e1a6b41004dcb98086baf7b5f4fd6db46b5d815691,0x1c990fc37f399c935625b815975d0c9fad5c31a1,0x1b8e12f839bd4e73a47addf76cf7f0097d74c14c,0x66fd1b1e8b9e49a8e3897b2803c50674799c9afd,219584650.0,Value USD,vUSD,9,53,366484,259000000000,201633,5972253,deprecated,4300042
81,10883714,2020-09-18 03:14:42,0x65e7c9d04d20c2e626c0eda791281360d1d89ed1016baf71f48bc31d20b758b1,83,0x9b285401d410795e41a312e1a6b41004dcb98086baf7b5f4fd6db46b5d815691,0x67ffb615eaeb8aa88ff37cca6a32e322286a42bb,0x10dd17ecfc86101eab956e0a443cab3e9c62d9b4,0x66fd1b1e8b9e49a8e3897b2803c50674799c9afd,8.384645537243186e+22,Balancer Pool Token,BPT,18,54,343984,261000000000,175833,6148086,deprecated,4300042
82,10883714,2020-09-18 03:14:42,0x65e7c9d04d20c2e626c0eda791281360d1d89ed1016baf71f48bc31d20b758b1,83,0x9b285401d410795e41a312e1a6b41004dcb98086baf7b5f4fd6db46b5d815691,0x67ffb615eaeb8aa88ff37cca6a32e322286a42bb,0x45f24baeef268bb6d63aee5129015d69702bcdfa,0x66fd1b1e8b9e49a8e3897b2803c50674799c9afd,9.745039411201925e+18,YFValue,YFV,18,54,343984,261000000000,175833,6148086,deprecated,4300042
83,10883714,2020-09-18 03:14:42,0x65e7c9d04d20c2e626c0eda791281360d1d89ed1016baf71f48bc31d20b758b1,83,0x9b285401d410795e41a312e1a6b41004dcb98086baf7b5f4fd6db46b5d815691,0x67ffb615eaeb8aa88ff37cca6a32e322286a42bb,0x1b8e12f839bd4e73a47addf76cf7f0097d74c14c,0x66fd1b1e8b9e49a8e3897b2803c50674799c9afd,468736864.0,Value USD,vUSD,9,54,343984,261000000000,175833,6148086,deprecated,4300042
84,10915152,2020-09-22 23:09:53,0x1b1f81d59a03a24012770d8f12bd70e87fd1cc4a267f37c2cf488b628a2abdd4,260,0xb72b4430a487c8d7cbd0c383886a4e3f37d21df062b301fad6f507e0be165f46,0xd152f549545093347a162dce210e7293f1452150,0xba100000625a3754423978a60c9317c58a424e3d,0x66fd1b1e8b9e49a8e3897b2803c50674799c9afd,7.11244168610306e+16,Balancer,BAL,18,48,7000000,95000000000,6707535,10668493,deprecated,4268604
85,10951586,2020-09-28 14:50:05,0x21bab2bc0cdbb521706c3763fe56937f1a4e6bd199e07a31a3d3fa3a58e9d2b3,84,0x72a3a741d20eed37cf195252eba8cf38655c1d065953a6d2747d997a39805d2e,0x66fd1b1e8b9e49a8e3897b2803c50674799c9afd,0x471eb7dcf6647abaf838a5aad94940ce6932198c,0x471eb7dcf6647abaf838a5aad94940ce6932198c,5.2036792037787975e+22,Balancer Pool Token,BPT,18,126,141847,125000000000,104072,9775521,deprecated,4232170
86,10951586,2020-09-28 14:50:05,0x21bab2bc0cdbb521706c3763fe56937f1a4e6bd199e07a31a3d3fa3a58e9d2b3,84,0x72a3a741d20eed37cf195252eba8cf38655c1d065953a6d2747d997a39805d2e,0x471eb7dcf6647abaf838a5aad94940ce6932198c,0x0d8775f648430679a709e98d2b0cb6250d2887ef,0x66fd1b1e8b9e49a8e3897b2803c50674799c9afd,6.855837686712117e+21,BAT,BAT,18,126,141847,125000000000,104072,9775521,deprecated,4232170
87,10951586,2020-09-28 14:50:05,0x21bab2bc0cdbb521706c3763fe56937f1a4e6bd199e07a31a3d3fa3a58e9d2b3,84,0x72a3a741d20eed37cf195252eba8cf38655c1d065953a6d2747d997a39805d2e,0x471eb7dcf6647abaf838a5aad94940ce6932198c,0x45f24baeef268bb6d63aee5129015d69702bcdfa,0x66fd1b1e8b9e49a8e3897b2803c50674799c9afd,4.366575744935028e+18,YFValue,YFV,18,126,141847,125000000000,104072,9775521,deprecated,4232170
88,10951639,2020-09-28 15:05:56,0xb7caf50a4b03a9a3cd758a1ccc79bd3d8dde62d4c1ebdaf35b33ac16351fc728,86,0x69d5a87f36d6a650ab2b2020b261415e9aba08be442e3e4b9c7e7962b4176c19,0x66fd1b1e8b9e49a8e3897b2803c50674799c9afd,0x10dd17ecfc86101eab956e0a443cab3e9c62d9b4,0x10dd17ecfc86101eab956e0a443cab3e9c62d9b4,8.384645537243186e+22,Balancer Pool Token,BPT,18,132,158063,138000000000,103814,11520957,deprecated,4232117
89,10951639,2020-09-28 15:05:56,0xb7caf50a4b03a9a3cd758a1ccc79bd3d8dde62d4c1ebdaf35b33ac16351fc728,86,0x69d5a87f36d6a650ab2b2020b261415e9aba08be442e3e4b9c7e7962b4176c19,0x10dd17ecfc86101eab956e0a443cab3e9c62d9b4,0xc02aaa39b223fe8d0a0e5c4f27ead9083c756cc2,0x66fd1b1e8b9e49a8e3897b2803c50674799c9afd,1.8008515529977297e+19,Wrapped Ether,WETH,18,132,158063,138000000000,103814,11520957,deprecated,4232117
90,10951639,2020-09-28 15:05:56,0xb7caf50a4b03a9a3cd758a1ccc79bd3d8dde62d4c1ebdaf35b33ac16351fc728,86,0x69d5a87f36d6a650ab2b2020b261415e9aba08be442e3e4b9c7e7962b4176c19,0x10dd17ecfc86101eab956e0a443cab3e9c62d9b4,0x45f24baeef268bb6d63aee5129015d69702bcdfa,0x66fd1b1e8b9e49a8e3897b2803c50674799c9afd,1.7818373500890255e+19,YFValue,YFV,18,132,158063,138000000000,103814,11520957,deprecated,4232117
91,10964842,2020-09-30 16:33:12,0xeae1997c9c243744be6e967fc020bbc285cc0ef20898f1a157e560203483d580,300,0xcf5c13147e7baca3bc4fdaf0a5111082e0a859ebe88b5168df0e6b2733625043,0xd152f549545093347a162dce210e7293f1452150,0xba100000625a3754423978a60c9317c58a424e3d,0x66fd1b1e8b9e49a8e3897b2803c50674799c9afd,1.9496837814449213e+17,Balancer,BAL,18,5,7000000,110000000000,6436983,6597249,deprecated,4218914
92,10983992,2020-10-03 16:21:52,0xc3ca57b0ffc6bdb392c5c21df06319ea7591dda135100655873a62275ae1e2ec,87,0x1209a001f9f554cb5801e5bfb8dafe8a0c1075430c5848505fc2f78d897e6283,0x66fd1b1e8b9e49a8e3897b2803c50674799c9afd,0xc02aaa39b223fe8d0a0e5c4f27ead9083c756cc2,0x9ae980d63401584f234a24671cc56de347252e46,1.8181818181818182e+19,Wrapped Ether,WETH,18,128,370950,87000000000,251258,9981098,deprecated,4199764
93,10983992,2020-10-03 16:21:52,0xc3ca57b0ffc6bdb392c5c21df06319ea7591dda135100655873a62275ae1e2ec,87,0x1209a001f9f554cb5801e5bfb8dafe8a0c1075430c5848505fc2f78d897e6283,0x66fd1b1e8b9e49a8e3897b2803c50674799c9afd,0x45f24baeef268bb6d63aee5129015d69702bcdfa,0x9ae980d63401584f234a24671cc56de347252e46,1.898690825786586e+19,YFValue,YFV,18,128,370950,87000000000,251258,9981098,deprecated,4199764
94,10983992,2020-10-03 16:21:52,0xc3ca57b0ffc6bdb392c5c21df06319ea7591dda135100655873a62275ae1e2ec,87,0x1209a001f9f554cb5801e5bfb8dafe8a0c1075430c5848505fc2f78d897e6283,0x9ae980d63401584f234a24671cc56de347252e46,0xc02aaa39b223fe8d0a0e5c4f27ead9083c756cc2,0x66fd1b1e8b9e49a8e3897b2803c50674799c9afd,1.818354729523893e+17,Wrapped Ether,WETH,18,128,370950,87000000000,251258,9981098,deprecated,4199764
95,10983992,2020-10-03 16:21:52,0xc3ca57b0ffc6bdb392c5c21df06319ea7591dda135100655873a62275ae1e2ec,87,0x1209a001f9f554cb5801e5bfb8dafe8a0c1075430c5848505fc2f78d897e6283,0x9ae980d63401584f234a24671cc56de347252e46,0x45f24baeef268bb6d63aee5129015d69702bcdfa,0x66fd1b1e8b9e49a8e3897b2803c50674799c9afd,1.898690825786586e+17,YFValue,YFV,18,128,370950,87000000000,251258,9981098,deprecated,4199764
96,10983992,2020-10-03 16:21:52,0xc3ca57b0ffc6bdb392c5c21df06319ea7591dda135100655873a62275ae1e2ec,87,0x1209a001f9f554cb5801e5bfb8dafe8a0c1075430c5848505fc2f78d897e6283,0x9ae980d63401584f234a24671cc56de347252e46,0x10dd17ecfc86101eab956e0a443cab3e9c62d9b4,0x66fd1b1e8b9e49a8e3897b2803c50674799c9afd,8.38242931812145e+22,Balancer Pool Token,BPT,18,128,370950,87000000000,251258,9981098,deprecated,4199764
97,10984010,2020-10-03 16:26:30,0x874495dab2470c83e0444b55275fc625a5c2bc3ff81a64deb79ddd220842e4f7,89,0xdf56226605b5f031e8df94369773bf02ac317c23c015c562802edabd884b6e0f,0x66fd1b1e8b9e49a8e3897b2803c50674799c9afd,0x0000000000004946c0e9f43f4dee607b0ef1fa1c,0x0000000000000000000000000000000000000000,0.0,Chi Gastoken by 1inch,CHI,0,175,285970,85000000000,174114,11779783,deprecated,4199746
98,10984010,2020-10-03 16:26:30,0x874495dab2470c83e0444b55275fc625a5c2bc3ff81a64deb79ddd220842e4f7,89,0xdf56226605b5f031e8df94369773bf02ac317c23c015c562802edabd884b6e0f,0x66fd1b1e8b9e49a8e3897b2803c50674799c9afd,0x10dd17ecfc86101eab956e0a443cab3e9c62d9b4,0x1e71c74d45ffdf184a91f63b94d6469876aee046,8.38242931812145e+22,Balancer Pool Token,BPT,18,175,285970,85000000000,174114,11779783,deprecated,4199746
99,10984010,2020-10-03 16:26:30,0x874495dab2470c83e0444b55275fc625a5c2bc3ff81a64deb79ddd220842e4f7,89,0xdf56226605b5f031e8df94369773bf02ac317c23c015c562802edabd884b6e0f,0x66fd1b1e8b9e49a8e3897b2803c50674799c9afd,0x0000000000004946c0e9f43f4dee607b0ef1fa1c,0x0000000000000000000000000000000000000000,0.0,Chi Gastoken by 1inch,CHI,0,175,285970,85000000000,174114,11779783,deprecated,4199746
100,11001660,2020-10-06 10:28:38,0xf710ee97f585d7a4f20102950d344d74c69e4d9d362596aa9a80491fce2385c9,92,0x79d1c8b3a4dc76f9982c822fe9a8645326732e08c03d8f2c2ceb40ca84af1640,0x66fd1b1e8b9e49a8e3897b2803c50674799c9afd,0x45f24baeef268bb6d63aee5129015d69702bcdfa,0x3e66b66fd1d0b02fda6c811da9e0547970db2f21,1.76981e+19,YFValue,YFV,18,57,346059,67000001459,241659,4375589,deprecated,4182096
101,11001660,2020-10-06 10:28:38,0xf710ee97f585d7a4f20102950d344d74c69e4d9d362596aa9a80491fce2385c9,92,0x79d1c8b3a4dc76f9982c822fe9a8645326732e08c03d8f2c2ceb40ca84af1640,0x3e66b66fd1d0b02fda6c811da9e0547970db2f21,0xc02aaa39b223fe8d0a0e5c4f27ead9083c756cc2,0x66fd1b1e8b9e49a8e3897b2803c50674799c9afd,2.553783619395371e+17,Wrapped Ether,WETH,18,57,346059,67000001459,241659,4375589,deprecated,4182096
102,11003681,2020-10-06 18:10:42,0x384ccad73c9e2b939882d4fb601c99f113a91b0c478a238fbbd88c076285197a,94,0xdc2e3e2465c544cde82c94a6d1a9886bc5c956719bb993cc82b9c816dda7e7ad,0x66fd1b1e8b9e49a8e3897b2803c50674799c9afd,0x6b175474e89094c44da98b954eedeac495271d0f,0x2e703d658f8dd21709a7b458967ab4081f8d3d05,1e+20,Dai Stablecoin,DAI,18,133,232296,77000000000,149243,11831484,deprecated,4180075
103,11003681,2020-10-06 18:10:42,0x384ccad73c9e2b939882d4fb601c99f113a91b0c478a238fbbd88c076285197a,94,0xdc2e3e2465c544cde82c94a6d1a9886bc5c956719bb993cc82b9c816dda7e7ad,0x0000000000000000000000000000000000000000,0x2e703d658f8dd21709a7b458967ab4081f8d3d05,0x66fd1b1e8b9e49a8e3897b2803c50674799c9afd,1.0087741123314568e+20,Shells,SHL,18,133,232296,77000000000,149243,11831484,deprecated,4180075
104,11003688,2020-10-06 18:12:24,0xc9a8786eda307619983c1e11ef57689114f1f33b15ede24110424380ce1d87d2,95,0xc616f243db5aa171e7c82b152ae52b48179bb97e2ca3b0ed30ddfc3ffb75ebef,0x66fd1b1e8b9e49a8e3897b2803c50674799c9afd,0x6b175474e89094c44da98b954eedeac495271d0f,0x2e703d658f8dd21709a7b458967ab4081f8d3d05,4.93e+18,Dai Stablecoin,DAI,18,56,235086,76999999999,151101,4108455,deprecated,4180068
105,11003688,2020-10-06 18:12:24,0xc9a8786eda307619983c1e11ef57689114f1f33b15ede24110424380ce1d87d2,95,0xc616f243db5aa171e7c82b152ae52b48179bb97e2ca3b0ed30ddfc3ffb75ebef,0x2e703d658f8dd21709a7b458967ab4081f8d3d05,0xdac17f958d2ee523a2206206994597c13d831ec7,0x66fd1b1e8b9e49a8e3897b2803c50674799c9afd,4986034.0,Tether USD,USDT,6,56,235086,76999999999,151101,4108455,deprecated,4180068
106,11005052,2020-10-06 23:05:19,0x707fc1a9633f6e3a6fe438001bb71e05fe389ccae5899251bd887a6806b7d220,305,0x16ee921949bf9c3122a23622b4a7e2eb343441fa0e6c8da4495c0328605ffd72,0xd152f549545093347a162dce210e7293f1452150,0xba100000625a3754423978a60c9317c58a424e3d,0x66fd1b1e8b9e49a8e3897b2803c50674799c9afd,1.7021510285280508e+16,Balancer,BAL,18,5,7000000,48000000000,6512547,7198369,deprecated,4178704
107,11034333,2020-10-11 12:54:18,0xc026bc49130786b98988a350b3aed3399c22ee7ca005da289c4e781f035f87f5,97,0xbe7d80cdea06faceebd0daf71c628a67be4235652ed1c1fac706d142ac2f7d0e,0x66fd1b1e8b9e49a8e3897b2803c50674799c9afd,0x6b175474e89094c44da98b954eedeac495271d0f,0x3fe7940616e5bc47b0775a0dccf6237893353bb4,1.51e+20,Dai Stablecoin,DAI,18,17,403570,35200000000,332028,5031518,deprecated,4149423
108,11034333,2020-10-11 12:54:18,0xc026bc49130786b98988a350b3aed3399c22ee7ca005da289c4e781f035f87f5,97,0xbe7d80cdea06faceebd0daf71c628a67be4235652ed1c1fac706d142ac2f7d0e,0x0000000000000000000000000000000000000000,0x3fe7940616e5bc47b0775a0dccf6237893353bb4,0x66fd1b1e8b9e49a8e3897b2803c50674799c9afd,1.4993378954706905e+20,IdleDAI v4 [Best yield],idleDAIYield,18,17,403570,35200000000,332028,5031518,deprecated,4149423
109,11046068,2020-10-13 07:53:53,0x57647324e33e2d59bc29450109242ffd22d09e896534e30915d62053db2a8749,98,0xefb4c82b5a384189c511053f51f328c279aed210ef0d137178ba87ff30cf8df0,0x66fd1b1e8b9e49a8e3897b2803c50674799c9afd,0x0000000000004946c0e9f43f4dee607b0ef1fa1c,0x0000000000000000000000000000000000000000,0.0,Chi Gastoken by 1inch,CHI,0,189,363202,58000000000,210600,9985048,deprecated,4137688
110,11046068,2020-10-13 07:53:53,0x57647324e33e2d59bc29450109242ffd22d09e896534e30915d62053db2a8749,98,0xefb4c82b5a384189c511053f51f328c279aed210ef0d137178ba87ff30cf8df0,0x1e71c74d45ffdf184a91f63b94d6469876aee046,0x49e833337ece7afe375e44f4e3e8481029218e5c,0x66fd1b1e8b9e49a8e3897b2803c50674799c9afd,1.5040109013728483e+19,Value Liquidity,VALUE,18,189,363202,58000000000,210600,9985048,deprecated,4137688
111,11046068,2020-10-13 07:53:53,0x57647324e33e2d59bc29450109242ffd22d09e896534e30915d62053db2a8749,98,0xefb4c82b5a384189c511053f51f328c279aed210ef0d137178ba87ff30cf8df0,0x1e71c74d45ffdf184a91f63b94d6469876aee046,0xb8098e1cb8645da67238e340558ec1c8625b10db,0x66fd1b1e8b9e49a8e3897b2803c50674799c9afd,8.38242931812145e+22,Value Liquidity Provider,VLP,18,189,363202,58000000000,210600,9985048,deprecated,4137688
112,11046068,2020-10-13 07:53:53,0x57647324e33e2d59bc29450109242ffd22d09e896534e30915d62053db2a8749,98,0xefb4c82b5a384189c511053f51f328c279aed210ef0d137178ba87ff30cf8df0,0x66fd1b1e8b9e49a8e3897b2803c50674799c9afd,0x0000000000004946c0e9f43f4dee607b0ef1fa1c,0x0000000000000000000000000000000000000000,0.0,Chi Gastoken by 1inch,CHI,0,189,363202,58000000000,210600,9985048,deprecated,4137688
113,11046223,2020-10-13 08:30:23,0x4f24d738dac525908ef3a9b4f8b9eabda17037f938c6f6ae9c30a4f37929aff7,100,0x15c2c382332a2c7e46384d2651468940e19ea62ad4fe10e671ae235c850dc70e,0x66fd1b1e8b9e49a8e3897b2803c50674799c9afd,0xb8098e1cb8645da67238e340558ec1c8625b10db,0xb8098e1cb8645da67238e340558ec1c8625b10db,8.38242931812145e+22,Value Liquidity Provider,VLP,18,140,144673,36000000000,104793,10667341,deprecated,4137533
114,11046223,2020-10-13 08:30:23,0x4f24d738dac525908ef3a9b4f8b9eabda17037f938c6f6ae9c30a4f37929aff7,100,0x15c2c382332a2c7e46384d2651468940e19ea62ad4fe10e671ae235c850dc70e,0xb8098e1cb8645da67238e340558ec1c8625b10db,0xc02aaa39b223fe8d0a0e5c4f27ead9083c756cc2,0x66fd1b1e8b9e49a8e3897b2803c50674799c9afd,1.7844580308294674e+19,Wrapped Ether,WETH,18,140,144673,36000000000,104793,10667341,deprecated,4137533
115,11046223,2020-10-13 08:30:23,0x4f24d738dac525908ef3a9b4f8b9eabda17037f938c6f6ae9c30a4f37929aff7,100,0x15c2c382332a2c7e46384d2651468940e19ea62ad4fe10e671ae235c850dc70e,0xb8098e1cb8645da67238e340558ec1c8625b10db,0x49e833337ece7afe375e44f4e3e8481029218e5c,0x66fd1b1e8b9e49a8e3897b2803c50674799c9afd,2.9971478439313723e+19,Value Liquidity,VALUE,18,140,144673,36000000000,104793,10667341,deprecated,4137533
116,11107795,2020-10-22 18:59:39,0x56e4d695380837d8da1b1f1765882c973b2566695e9d93369ab0e7f9bd9911fd,103,0x857f31f39f5bcc9158fd247c94d6513bfc9865ccacac8d15b30144bc658fb6f0,0x66fd1b1e8b9e49a8e3897b2803c50674799c9afd,0x0d8775f648430679a709e98d2b0cb6250d2887ef,0xc06578f12f98243991c29585a1995cd90a1d9b82,6.855897686702118e+21,BAT,BAT,18,89,78114,45000000000,37076,4250570,deprecated,4075961
117,11107822,2020-10-22 19:04:21,0x735c5143b3ae7e12d652be8ad6befa5940f246a9a3421babea896b08cbfaae71,104,0x613b3caa431a7d48b37a5d23c401cd1238bb46776330e776239267e354a7eb0c,0x66fd1b1e8b9e49a8e3897b2803c50674799c9afd,0x49e833337ece7afe375e44f4e3e8481029218e5c,0x0dea42987d029c6bef4f95b92c0789ff9b374b45,4.501158745304221e+19,Value Liquidity,VALUE,18,58,300394,20100000000,173529,6189211,deprecated,4075934
118,11107822,2020-10-22 19:04:21,0x735c5143b3ae7e12d652be8ad6befa5940f246a9a3421babea896b08cbfaae71,104,0x613b3caa431a7d48b37a5d23c401cd1238bb46776330e776239267e354a7eb0c,0x0dea42987d029c6bef4f95b92c0789ff9b374b45,0x514910771af9ca656af840dff83e8264ecf986ca,0x66fd1b1e8b9e49a8e3897b2803c50674799c9afd,1.1834353330380935e+19,ChainLink Token,LINK,18,58,300394,20100000000,173529,6189211,deprecated,4075934
119,11107835,2020-10-22 19:07:19,0xfdcf83f6621abda26f032ee170a5f4d80a5190f0bf9e74213b17def8a4bf3f43,105,0x5c731d59e050d2a149355846129fc5d1a494a32a0716bb3b0eccc98fc0a3529d,0x66fd1b1e8b9e49a8e3897b2803c50674799c9afd,0x514910771af9ca656af840dff83e8264ecf986ca,0xc06578f12f98243991c29585a1995cd90a1d9b82,0.0,ChainLink Token,LINK,18,51,42157,44000000000,28105,6871721,deprecated,4075921
120,11118334,2020-10-24 09:41:00,0xd491970e2fdd23a3320d781b009c3e7be9b9ba31cd0a3c0545cab765d76a1808,106,0x28d37695210a97550af5dc862ae02589c78d63e0afd170cc0e8d72895f2bb6ab,0x66fd1b1e8b9e49a8e3897b2803c50674799c9afd,0x514910771af9ca656af840dff83e8264ecf986ca,0xc06578f12f98243991c29585a1995cd90a1d9b82,1.1834353330380935e+19,ChainLink Token,LINK,18,69,77401,18100000000,36601,6049781,deprecated,4065422
121,11137471,2020-10-27 08:22:56,0x4ac0a0e0d7880b2131b08641d475f607e0894c9ac6c1872d73b77dff0d7870ba,107,0x5c0e9d5faf18ef9144edc6006db521e2b928092ae911780f79350a00f57a8ebf,0x66fd1b1e8b9e49a8e3897b2803c50674799c9afd,0x6b175474e89094c44da98b954eedeac495271d0f,0x3fe7940616e5bc47b0775a0dccf6237893353bb4,5e+20,Dai Stablecoin,DAI,18,23,346437,25000001459,284817,3908766,deprecated,4046285
122,11137471,2020-10-27 08:22:56,0x4ac0a0e0d7880b2131b08641d475f607e0894c9ac6c1872d73b77dff0d7870ba,107,0x5c0e9d5faf18ef9144edc6006db521e2b928092ae911780f79350a00f57a8ebf,0x0000000000000000000000000000000000000000,0x3fe7940616e5bc47b0775a0dccf6237893353bb4,0x66fd1b1e8b9e49a8e3897b2803c50674799c9afd,4.957351200686723e+20,IdleDAI v4 [Best yield],idleDAIYield,18,23,346437,25000001459,284817,3908766,deprecated,4046285
123,11205773,2020-11-06 19:54:23,0xe8e71a78805fec798b79fc68682501d54a0febcfc38a3fd752f8dad35a733eca,111,0x315173f440ab94e6584e3d0bc6bcafcf5cf9228d9ba3ec6c6685e59b3055024f,0xef2893306735a7f5c3cd5ba9985486ebf48fba5a,0x6b175474e89094c44da98b954eedeac495271d0f,0x66fd1b1e8b9e49a8e3897b2803c50674799c9afd,1.0500123798224798e+20,Dai Stablecoin,DAI,18,179,126150,27500000000,98553,12232569,deprecated,3977983
124,11205802,2020-11-06 20:02:17,0xd203fd85925ee597b6f5a62f44a3629d32538d0c27286698f156cd20dbfefeb8,113,0x064cf7eade744082ade0b160939d3c0f28187358b35d29ad4be9c0babe38eea3,0x66fd1b1e8b9e49a8e3897b2803c50674799c9afd,0x6b175474e89094c44da98b954eedeac495271d0f,0x1e0447b19bb6ecfdae1e4ae1694b0c3659614e4e,4.4e+20,Dai Stablecoin,DAI,18,79,241161,27000000000,136042,7667399,deprecated,3977954
125,11205819,2020-11-06 20:05:01,0xda456d875695472ccda57c019c46d71c7b915ea8708c3a5086109407db01bf2b,115,0x34ec0267fe171cd76351bc9d1b9cd015e101b1bbc576936840f49f9a136a55df,0x66fd1b1e8b9e49a8e3897b2803c50674799c9afd,0x6b175474e89094c44da98b954eedeac495271d0f,0x1e0447b19bb6ecfdae1e4ae1694b0c3659614e4e,9e+18,Dai Stablecoin,DAI,18,81,286486,27000000000,142046,7617365,deprecated,3977937
126,11205857,2020-11-06 20:12:23,0xb90845acd3483e94fa963f0b63c04d87289b341742223fe44498c9ded5660811,116,0x00e3891a999dfd774997e1635c6737b6fb133910504bccee1fa860a96defcb68,0x66408934ab87c3791fbbe3293dee31c009f082cd,0x6b175474e89094c44da98b954eedeac495271d0f,0x66fd1b1e8b9e49a8e3897b2803c50674799c9afd,2.19384317497565e+20,Dai Stablecoin,DAI,18,137,284936,32549999999,181149,8147381,deprecated,3977899
127,11205887,2020-11-06 20:18:21,0x10e4959302ab9efe9bf8d8c20fcbbbc22d0a93fac6e97f09563a158ad8ad025a,117,0x73df69fef0ac3c1f034d39e6bfaf49c7329c04619da1f22e7eccc33dbfcf431c,0x6a7a87c7b34c4d2bbeaa31089794c2f9b3ca75fe,0xe446a3247f2144aea33d5e776f2ecedb812a5a40,0x66fd1b1e8b9e49a8e3897b2803c50674799c9afd,200000000.0,Opyn UNI Call $4 11/20/20,oUNI $4 Call 11/20/20,6,56,94305,16000000000,93075,12285443,deprecated,3977869
128,11209401,2020-11-07 09:04:20,0x8e516abdbc19e621145f99f725cc80cbf8a6365eed26a41447f033929a43bac2,118,0x4fbc5c2691e883bc43c27031673d5443e30530e009da50156eb7a50e3c89f333,0x3fe7940616e5bc47b0775a0dccf6237893353bb4,0xc00e94cb662c3520282e6f5717214004a7f26888,0x66fd1b1e8b9e49a8e3897b2803c50674799c9afd,4410585863572737.0,Compound,COMP,18,130,472156,19300000000,372500,9496951,deprecated,3974355
129,11209401,2020-11-07 09:04:20,0x8e516abdbc19e621145f99f725cc80cbf8a6365eed26a41447f033929a43bac2,118,0x4fbc5c2691e883bc43c27031673d5443e30530e009da50156eb7a50e3c89f333,0x66fd1b1e8b9e49a8e3897b2803c50674799c9afd,0x3fe7940616e5bc47b0775a0dccf6237893353bb4,0x0000000000000000000000000000000000000000,6.456689096157414e+20,IdleDAI v4 [Best yield],idleDAIYield,18,130,472156,19300000000,372500,9496951,deprecated,3974355
130,11209401,2020-11-07 09:04:20,0x8e516abdbc19e621145f99f725cc80cbf8a6365eed26a41447f033929a43bac2,118,0x4fbc5c2691e883bc43c27031673d5443e30530e009da50156eb7a50e3c89f333,0x3fe7940616e5bc47b0775a0dccf6237893353bb4,0x6b175474e89094c44da98b954eedeac495271d0f,0x66fd1b1e8b9e49a8e3897b2803c50674799c9afd,6.520677903762213e+20,Dai Stablecoin,DAI,18,130,472156,19300000000,372500,9496951,deprecated,3974355
131,11209436,2020-11-07 09:10:45,0x9fbfb55a1d03f23475ced8c339cd9d3750d086651984208dbbf8f543d8b1d2cb,119,0x5f9cbd0fb03bf8b37ba8e1aece2062d40e2739b79c61e8b0d2a988628deeef8c,0x2e703d658f8dd21709a7b458967ab4081f8d3d05,0x6b175474e89094c44da98b954eedeac495271d0f,0x66fd1b1e8b9e49a8e3897b2803c50674799c9afd,7.3e+18,Dai Stablecoin,DAI,18,21,451900,19000001459,294811,2107546,deprecated,3974320
132,11209436,2020-11-07 09:10:45,0x9fbfb55a1d03f23475ced8c339cd9d3750d086651984208dbbf8f543d8b1d2cb,119,0x5f9cbd0fb03bf8b37ba8e1aece2062d40e2739b79c61e8b0d2a988628deeef8c,0x2e703d658f8dd21709a7b458967ab4081f8d3d05,0xa0b86991c6218b36c1d19d4a2e9eb0ce3606eb48,0x66fd1b1e8b9e49a8e3897b2803c50674799c9afd,53100000.0,USD Coin,USDC,6,21,451900,19000001459,294811,2107546,deprecated,3974320
133,11209436,2020-11-07 09:10:45,0x9fbfb55a1d03f23475ced8c339cd9d3750d086651984208dbbf8f543d8b1d2cb,119,0x5f9cbd0fb03bf8b37ba8e1aece2062d40e2739b79c61e8b0d2a988628deeef8c,0x2e703d658f8dd21709a7b458967ab4081f8d3d05,0xdac17f958d2ee523a2206206994597c13d831ec7,0x66fd1b1e8b9e49a8e3897b2803c50674799c9afd,38100000.0,Tether USD,USDT,6,21,451900,19000001459,294811,2107546,deprecated,3974320
134,11209436,2020-11-07 09:10:45,0x9fbfb55a1d03f23475ced8c339cd9d3750d086651984208dbbf8f543d8b1d2cb,119,0x5f9cbd0fb03bf8b37ba8e1aece2062d40e2739b79c61e8b0d2a988628deeef8c,0x2e703d658f8dd21709a7b458967ab4081f8d3d05,0x57ab1ec28d129707052df4df418d58a2d46d5f51,0x66fd1b1e8b9e49a8e3897b2803c50674799c9afd,2.5e+18,Synth sUSD,sUSD,18,21,451900,19000001459,294811,2107546,deprecated,3974320
135,11209436,2020-11-07 09:10:45,0x9fbfb55a1d03f23475ced8c339cd9d3750d086651984208dbbf8f543d8b1d2cb,119,0x5f9cbd0fb03bf8b37ba8e1aece2062d40e2739b79c61e8b0d2a988628deeef8c,0x66fd1b1e8b9e49a8e3897b2803c50674799c9afd,0x2e703d658f8dd21709a7b458967ab4081f8d3d05,0x0000000000000000000000000000000000000000,1.0067612375992554e+20,Shells,SHL,18,21,451900,19000001459,294811,2107546,deprecated,3974320
136,11309507,2020-11-22 17:53:17,0x5de27c8e8bd1c244d9d629a7e1231bffa6a1b82e6b8588e8696c7a3bbb032b79,5734524,0x04f4dae2bdc12c0cc3959b76c2c7055f46d0a4b178f9ca611eeb0cce7200918a,0x3f5ce5fbfe3e9af3971dd833d26ba9b5c936f0be,0xdac17f958d2ee523a2206206994597c13d831ec7,0x66fd1b1e8b9e49a8e3897b2803c50674799c9afd,19997000000.0,Tether USD,USDT,6,31,207128,60000000000,41221,1808691,deprecated,3874249
137,11310062,2020-11-22 19:57:45,0x74a44f5f5142167eb4379b278e5a20a0a83989e1f1d7144274fc8be82b39d7fc,122,0x39b0fa204b78ad89b95581c2d3018160362cd46de1f5270d45348d41f4a7cd10,0x66fd1b1e8b9e49a8e3897b2803c50674799c9afd,0xc02aaa39b223fe8d0a0e5c4f27ead9083c756cc2,0x7c66550c9c730b6fdd4c03bc2e73c5462c5f7acc,1.8607847141748777e+19,Wrapped Ether,WETH,18,40,884000,52000000000,153039,3341850,deprecated,3873694
138,11321872,2020-11-24 15:38:36,0xa43c7e26aa3faa90f2d53bbf07f09e8cde821dc5c0f5354f0ad03f63eced2aac,3197294,0x45de49053eed62457a7f3a5f62ea72c6b5f8a0b8cf65266ffd086ad2ded480d8,0x564286362092d8e7936f0549571a803b203aaced,0xdac17f958d2ee523a2206206994597c13d831ec7,0x66fd1b1e8b9e49a8e3897b2803c50674799c9afd,5000000000.0,Tether USD,USDT,6,27,207128,125000000000,41209,888900,deprecated,3861884
139,11366411,2020-12-01 11:38:45,0xb6f3c365a4f16fac1b047ad492492d5b91cee5089df1e0546f13769b32b3e62e,125,0xa2844ae4412a008feddf526c09f7101df10391560c247f01edf57636f3c1dc50,0x66fd1b1e8b9e49a8e3897b2803c50674799c9afd,0xdac17f958d2ee523a2206206994597c13d831ec7,0xe85954bcc1b53025d76e154f09cd5cebf0662635,25815330970.0,Tether USD,USDT,6,153,61831,102000000000,26221,10179763,deprecated,3817345
140,11471845,2020-12-17 16:48:33,0x6ab31d34e61c0ba93cd5c2c588e857115717ad22001d8a12974203b38c74ad83,698,0x57d5a46f6ddc3c65da2bcef5640faf9f19b9c0697315d52cf63f5d53b4829fb0,0xd152f549545093347a162dce210e7293f1452150,0xc944e90c64b2c07662a292be6244bdf05cda44a7,0x66fd1b1e8b9e49a8e3897b2803c50674799c9afd,3.331158e+22,Graph Token,GRT,18,28,2851630,250000000000,2832247,10925075,deprecated,3711911
141,11472122,2020-12-17 17:54:49,0x1bf74868c36c1f61e6ecfb7a0101d304fca3db53afa7b376a35a1cbe0d12fe7c,127,0xc928238cf86a98191a5d8fe134c24c18b22ed10d683770b81c9f6d58c7317fbd,0x66fd1b1e8b9e49a8e3897b2803c50674799c9afd,0xc944e90c64b2c07662a292be6244bdf05cda44a7,0xc06578f12f98243991c29585a1995cd90a1d9b82,2.3e+22,Graph Token,GRT,18,130,76713,252000000000,51142,7030094,deprecated,3711634
142,11472188,2020-12-17 18:09:58,0xb174ac6b095916b6fa4bb53c2d2e161009e148969e651241561c1d250e2f526d,130,0xe958ab2c8001517c2c12197fd4f8a865ce34b861dea43d05d1bbbd4cd1a48987,0x66fd1b1e8b9e49a8e3897b2803c50674799c9afd,0xc944e90c64b2c07662a292be6244bdf05cda44a7,0xdfa42ba0130425b21a1568507b084cc246fb0c8f,1.031158e+22,Graph Token,GRT,18,171,124114,331000000000,91750,9695085,deprecated,3711568
143,11472188,2020-12-17 18:09:58,0xb174ac6b095916b6fa4bb53c2d2e161009e148969e651241561c1d250e2f526d,130,0xe958ab2c8001517c2c12197fd4f8a865ce34b861dea43d05d1bbbd4cd1a48987,0xdfa42ba0130425b21a1568507b084cc246fb0c8f,0xa0b86991c6218b36c1d19d4a2e9eb0ce3606eb48,0x66fd1b1e8b9e49a8e3897b2803c50674799c9afd,1445360510.0,USD Coin,USDC,6,171,124114,331000000000,91750,9695085,deprecated,3711568
144,11473661,2020-12-17 23:26:17,0xf748ce14998f7b7512d4e8820ca9b0162a3aaf9b7763c246af58a7a8a21fa11e,132,0x60a26f80f6e9bfbbb0d5a8bab81bec40fe9a2dc978550dafd999fd09b2086caf,0x66fd1b1e8b9e49a8e3897b2803c50674799c9afd,0x6b175474e89094c44da98b954eedeac495271d0f,0x2e703d658f8dd21709a7b458967ab4081f8d3d05,5e+20,Dai Stablecoin,DAI,18,128,259893,37000001123,167611,8970745,deprecated,3710095
145,11473661,2020-12-17 23:26:17,0xf748ce14998f7b7512d4e8820ca9b0162a3aaf9b7763c246af58a7a8a21fa11e,132,0x60a26f80f6e9bfbbb0d5a8bab81bec40fe9a2dc978550dafd999fd09b2086caf,0x66fd1b1e8b9e49a8e3897b2803c50674799c9afd,0xa0b86991c6218b36c1d19d4a2e9eb0ce3606eb48,0x2e703d658f8dd21709a7b458967ab4081f8d3d05,500000000.0,USD Coin,USDC,6,128,259893,37000001123,167611,8970745,deprecated,3710095
146,11473661,2020-12-17 23:26:17,0xf748ce14998f7b7512d4e8820ca9b0162a3aaf9b7763c246af58a7a8a21fa11e,132,0x60a26f80f6e9bfbbb0d5a8bab81bec40fe9a2dc978550dafd999fd09b2086caf,0x0000000000000000000000000000000000000000,0x2e703d658f8dd21709a7b458967ab4081f8d3d05,0x66fd1b1e8b9e49a8e3897b2803c50674799c9afd,9.950207213773457e+20,Shells,SHL,18,128,259893,37000001123,167611,8970745,deprecated,3710095
147,11515044,2020-12-24 07:47:04,0x9432b996f7c5a8b0036704879dc66d9b4ef458a5b9dad67870e21cc0f770e48a,135,0xde448fb9462479a439f6f33c1ef6b53dd9e44e726d352f58a3c5456029d08804,0x66fd1b1e8b9e49a8e3897b2803c50674799c9afd,0x6b175474e89094c44da98b954eedeac495271d0f,0x31631b3dd6c697e574d6b886708cd44f5ccf258f,4.98015544663495e+20,Dai Stablecoin,DAI,18,108,192876,40000001123,169713,8034037,deprecated,3668712
148,11515044,2020-12-24 07:47:04,0x9432b996f7c5a8b0036704879dc66d9b4ef458a5b9dad67870e21cc0f770e48a,135,0xde448fb9462479a439f6f33c1ef6b53dd9e44e726d352f58a3c5456029d08804,0x66fd1b1e8b9e49a8e3897b2803c50674799c9afd,0xa0b86991c6218b36c1d19d4a2e9eb0ce3606eb48,0x31631b3dd6c697e574d6b886708cd44f5ccf258f,500000000.0,USD Coin,USDC,6,108,192876,40000001123,169713,8034037,deprecated,3668712
149,11515044,2020-12-24 07:47:04,0x9432b996f7c5a8b0036704879dc66d9b4ef458a5b9dad67870e21cc0f770e48a,135,0xde448fb9462479a439f6f33c1ef6b53dd9e44e726d352f58a3c5456029d08804,0x0000000000000000000000000000000000000000,0x31631b3dd6c697e574d6b886708cd44f5ccf258f,0x66fd1b1e8b9e49a8e3897b2803c50674799c9afd,4.9084370220306255e+20,Mooniswap V1 (DAI-USDC),MOON-V1-DAI-USDC,18,108,192876,40000001123,169713,8034037,deprecated,3668712
150,11515795,2020-12-24 10:37:08,0x21d0696dd1a845a1e5cdd6383237a14342d1e8a4e54fc5fc26a1b07e888ef878,136,0xc8b8fa8fb98e5f07010ddc1f3977d2b3625eaa157a4332f4ee38807ed1b66615,0x66fd1b1e8b9e49a8e3897b2803c50674799c9afd,0x6b175474e89094c44da98b954eedeac495271d0f,0x3fe7940616e5bc47b0775a0dccf6237893353bb4,5e+20,Dai Stablecoin,DAI,18,191,484651,50000000000,398087,10341549,deprecated,3667961
151,11515795,2020-12-24 10:37:08,0x21d0696dd1a845a1e5cdd6383237a14342d1e8a4e54fc5fc26a1b07e888ef878,136,0xc8b8fa8fb98e5f07010ddc1f3977d2b3625eaa157a4332f4ee38807ed1b66615,0x0000000000000000000000000000000000000000,0x3fe7940616e5bc47b0775a0dccf6237893353bb4,0x66fd1b1e8b9e49a8e3897b2803c50674799c9afd,4.920347277787395e+20,IdleDAI v4 [Best yield],idleDAIYield,18,191,484651,50000000000,398087,10341549,deprecated,3667961
152,11515853,2020-12-24 10:50:46,0x3504042db6ca344f43dd042eaff2e75745e785a65b2efd13acbd86143251160d,139,0x662447fb95b419f9aa3a624b0a37e37b5b09332b6d4fbb7faf0c31583c70947d,0x66fd1b1e8b9e49a8e3897b2803c50674799c9afd,0x6b175474e89094c44da98b954eedeac495271d0f,0xd47140f6ab73f6d6b6675fb1610bb5e9b5d96fe5,1e+20,Dai Stablecoin,DAI,18,223,176890,72000000000,103112,9939237,deprecated,3667903
153,11521617,2020-12-25 08:14:44,0x6000606305de89cd3012486c37d039d462be1f2aa81e1e3615f60741349d81a4,140,0xea0c1eb64865787d9a6429f1e092b1c06931c5a670bfc3f094dc918589925970,0xe295ad71242373c37c5fda7b57f26f9ea1088afe,0x111111111117dc0aa78b770fa6a738034120c302,0x66fd1b1e8b9e49a8e3897b2803c50674799c9afd,6.089411776973044e+20,1INCH Token,1INCH,18,119,113676,89000000000,75784,8810704,deprecated,3662139
154,11521646,2020-12-25 08:22:14,0x7f5eb861b26def29f82e235ae8ac45a0ea5c2f202d034cacc9771c28c8a48e39,142,0xd436b85b65cf96ca299e3ec7411302a8ed6ad10f1a3dac22c4c42be59fb032f7,0x66fd1b1e8b9e49a8e3897b2803c50674799c9afd,0x111111111117dc0aa78b770fa6a738034120c302,0xc06578f12f98243991c29585a1995cd90a1d9b82,0.0,1INCH Token,1INCH,18,120,41451,108000000000,27634,5995391,deprecated,3662110
155,11521649,2020-12-25 08:23:11,0x45eff913dc67eb37f9b3a7640a9639dab42eb87a0ac7be15d7205ff930c9282b,143,0xbe25e6ff515a4a1e1f5f8a36dd84a1239fe99668c327e828c06f0652c9412558,0x66fd1b1e8b9e49a8e3897b2803c50674799c9afd,0x111111111117dc0aa78b770fa6a738034120c302,0xc06578f12f98243991c29585a1995cd90a1d9b82,6.089411776973044e+20,1INCH Token,1INCH,18,124,76713,108000000000,36142,5239924,deprecated,3662107
156,11525303,2020-12-25 21:43:23,0x6384edb6121efc0ef3d3a5fc47320996d07f09b22e501b88cdc30d7aa0be7e87,144,0xaf126d43633c1449be39448f0ae1e71ff24e5e9d83ecb53a61ab0271be766aed,0x66fd1b1e8b9e49a8e3897b2803c50674799c9afd,0xa0b86991c6218b36c1d19d4a2e9eb0ce3606eb48,0x354f6df0af80df8d0e65363837485c11f58e371f,300000000.0,USD Coin,USDC,6,61,86772,45000000000,57369,3774485,deprecated,3658453
157,11525551,2020-12-25 22:43:13,0x0eb1bc12457b8cb8d1656c461a0be82be58324c81ccc1b35321db5dbc8193e12,145,0xc3d8ea2adf0400169b378f13289008606571d885d565c1f5daa8caed5fbdacad,0x66fd1b1e8b9e49a8e3897b2803c50674799c9afd,0x6b175474e89094c44da98b954eedeac495271d0f,0x1e0447b19bb6ecfdae1e4ae1694b0c3659614e4e,1e+21,Dai Stablecoin,DAI,18,85,205647,42000000000,160110,6328013,deprecated,3658205
158,11525567,2020-12-25 22:46:18,0x299eea43c5398980150313d1c291b63ef8fc098b4c6abc0ca88d5a0fb618b445,146,0xc7d6cac5cdced47f7eefacc33fbd8a883ba1ea6ca2f93a0849b6af8b652aeed4,0x1e0447b19bb6ecfdae1e4ae1694b0c3659614e4e,0x6b175474e89094c44da98b954eedeac495271d0f,0x66fd1b1e8b9e49a8e3897b2803c50674799c9afd,9.530131283932088e+20,Dai Stablecoin,DAI,18,60,280086,44000000000,185276,6707882,deprecated,3658189
159,11528014,2020-12-26 07:43:11,0xe5a2340aea59a679368b9dc64b5668c38b0d14782118b5ac867bbf82703b8615,147,0x14596a2826a323e14dc5f3e3ae0026ddde41c14002cb8160d16e99e39b0946c4,0x66fd1b1e8b9e49a8e3897b2803c50674799c9afd,0x6b175474e89094c44da98b954eedeac495271d0f,0x31ecb0819346edd4ac31e2c3adacd6629e411a78,7e+20,Dai Stablecoin,DAI,18,89,78027,40000000000,52018,4505449,deprecated,3655742
160,11576901,2021-01-02 19:24:14,0xac613bad0c3535deb0cc2dedfa9cfe417cdb7bffdfae71e359589c33092ac4d9,148,0x90d1271eb54a57cf1f3385edefaffff73e19d2f51e9fbf22ed5f70edeaac30a6,0x2e703d658f8dd21709a7b458967ab4081f8d3d05,0x6b175474e89094c44da98b954eedeac495271d0f,0x66fd1b1e8b9e49a8e3897b2803c50674799c9afd,4.704785740822309e+20,Dai Stablecoin,DAI,18,132,481501,70000000000,296052,9344195,deprecated,3606855
161,11576901,2021-01-02 19:24:14,0xac613bad0c3535deb0cc2dedfa9cfe417cdb7bffdfae71e359589c33092ac4d9,148,0x90d1271eb54a57cf1f3385edefaffff73e19d2f51e9fbf22ed5f70edeaac30a6,0x2e703d658f8dd21709a7b458967ab4081f8d3d05,0xa0b86991c6218b36c1d19d4a2e9eb0ce3606eb48,0x66fd1b1e8b9e49a8e3897b2803c50674799c9afd,415926104.0,USD Coin,USDC,6,132,481501,70000000000,296052,9344195,deprecated,3606855
162,11576901,2021-01-02 19:24:14,0xac613bad0c3535deb0cc2dedfa9cfe417cdb7bffdfae71e359589c33092ac4d9,148,0x90d1271eb54a57cf1f3385edefaffff73e19d2f51e9fbf22ed5f70edeaac30a6,0x2e703d658f8dd21709a7b458967ab4081f8d3d05,0xdac17f958d2ee523a2206206994597c13d831ec7,0x66fd1b1e8b9e49a8e3897b2803c50674799c9afd,91316440.0,Tether USD,USDT,6,132,481501,70000000000,296052,9344195,deprecated,3606855
163,11576901,2021-01-02 19:24:14,0xac613bad0c3535deb0cc2dedfa9cfe417cdb7bffdfae71e359589c33092ac4d9,148,0x90d1271eb54a57cf1f3385edefaffff73e19d2f51e9fbf22ed5f70edeaac30a6,0x2e703d658f8dd21709a7b458967ab4081f8d3d05,0x57ab1ec28d129707052df4df418d58a2d46d5f51,0x66fd1b1e8b9e49a8e3897b2803c50674799c9afd,2.588980808975739e+19,Synth sUSD,sUSD,18,132,481501,70000000000,296052,9344195,deprecated,3606855
164,11576901,2021-01-02 19:24:14,0xac613bad0c3535deb0cc2dedfa9cfe417cdb7bffdfae71e359589c33092ac4d9,148,0x90d1271eb54a57cf1f3385edefaffff73e19d2f51e9fbf22ed5f70edeaac30a6,0x66fd1b1e8b9e49a8e3897b2803c50674799c9afd,0x2e703d658f8dd21709a7b458967ab4081f8d3d05,0x0000000000000000000000000000000000000000,9.952220088505658e+20,Shells,SHL,18,132,481501,70000000000,296052,9344195,deprecated,3606855
165,11580689,2021-01-03 09:31:33,0xd4d1d0a1eba006395894c2505c83aa431eff0950ea71ae3be998198de70368b9,152,0x4906df844387f1813fa920fd03273f5bb69b6903fef017e4929be6375f96a6e4,0x66fd1b1e8b9e49a8e3897b2803c50674799c9afd,0x6b175474e89094c44da98b954eedeac495271d0f,0x8f26d7bab7a73309141a291525c965ecdea7bf42,4.5e+20,Dai Stablecoin,DAI,18,128,333787,50000000000,216874,7577867,deprecated,3603067
166,11580689,2021-01-03 09:31:33,0xd4d1d0a1eba006395894c2505c83aa431eff0950ea71ae3be998198de70368b9,152,0x4906df844387f1813fa920fd03273f5bb69b6903fef017e4929be6375f96a6e4,0x66fd1b1e8b9e49a8e3897b2803c50674799c9afd,0xa0b86991c6218b36c1d19d4a2e9eb0ce3606eb48,0x8f26d7bab7a73309141a291525c965ecdea7bf42,500000000.0,USD Coin,USDC,6,128,333787,50000000000,216874,7577867,deprecated,3603067
167,11580689,2021-01-03 09:31:33,0xd4d1d0a1eba006395894c2505c83aa431eff0950ea71ae3be998198de70368b9,152,0x4906df844387f1813fa920fd03273f5bb69b6903fef017e4929be6375f96a6e4,0x66fd1b1e8b9e49a8e3897b2803c50674799c9afd,0xdac17f958d2ee523a2206206994597c13d831ec7,0x8f26d7bab7a73309141a291525c965ecdea7bf42,91000000.0,Tether USD,USDT,6,128,333787,50000000000,216874,7577867,deprecated,3603067
168,11580689,2021-01-03 09:31:33,0xd4d1d0a1eba006395894c2505c83aa431eff0950ea71ae3be998198de70368b9,152,0x4906df844387f1813fa920fd03273f5bb69b6903fef017e4929be6375f96a6e4,0x0000000000000000000000000000000000000000,0x8f26d7bab7a73309141a291525c965ecdea7bf42,0x66fd1b1e8b9e49a8e3897b2803c50674799c9afd,1.0400059830303465e+21,Shells,SHL,18,128,333787,50000000000,216874,7577867,deprecated,3603067
169,11694777,2021-01-20 21:20:35,0x240cfb38ad6d644867d547ef38a2505c7466cfd008e7b29601e53de1b6d40b00,77330,0x345e69b02541e495592fa46eabd7d4ee455f1bb6d79182b50d82c1fffae5493d,0x708396f17127c42383e3b9014072679b2f60b82f,0x2260fac5e5542a773aa44fbcfedf7c193bc2c599,0x66fd1b1e8b9e49a8e3897b2803c50674799c9afd,1399000.0,Wrapped BTC,WBTC,8,88,207128,71000000000,53299,6693865,deprecated,3488979
170,11694928,2021-01-20 21:51:51,0xdbd1c09eacea4e1951efc31504898c1d1e9d40ca3032be31727d385298de7509,154,0x73d55385185a94969a7be17c264c5f255d7ce83945bb9a95572743087380c354,0x66fd1b1e8b9e49a8e3897b2803c50674799c9afd,0x2260fac5e5542a773aa44fbcfedf7c193bc2c599,0x4f6a43ad7cba042606decaca730d4ce0a57ac62e,1399000.0,Wrapped BTC,WBTC,8,47,273511,40000000000,236463,5566105,deprecated,3488828
171,11694928,2021-01-20 21:51:51,0xdbd1c09eacea4e1951efc31504898c1d1e9d40ca3032be31727d385298de7509,154,0x73d55385185a94969a7be17c264c5f255d7ce83945bb9a95572743087380c354,0x4f6a43ad7cba042606decaca730d4ce0a57ac62e,0xfe18be6b3bd88a2d2a7f928d00292e7a9963cfc6,0x66fd1b1e8b9e49a8e3897b2803c50674799c9afd,1.3905186253563164e+16,Synth sBTC,sBTC,18,47,273511,40000000000,236463,5566105,deprecated,3488828
172,11710205,2021-01-23 06:29:44,0x16ede5abf099e390c717e1da90289c3ba4369f4d3d3804b0cdc05f2964b53b41,156,0x3b63139d9d9bd36ff31d7ac7220d2b5a0c950e9a0e4ee650d73abaab27e14dd2,0x66fd1b1e8b9e49a8e3897b2803c50674799c9afd,0xfe18be6b3bd88a2d2a7f928d00292e7a9963cfc6,0x4f6a43ad7cba042606decaca730d4ce0a57ac62e,1.3905186253563164e+16,Synth sBTC,sBTC,18,117,293273,54000000000,255916,10799122,deprecated,3473551
173,11710205,2021-01-23 06:29:44,0x16ede5abf099e390c717e1da90289c3ba4369f4d3d3804b0cdc05f2964b53b41,156,0x3b63139d9d9bd36ff31d7ac7220d2b5a0c950e9a0e4ee650d73abaab27e14dd2,0x4f6a43ad7cba042606decaca730d4ce0a57ac62e,0x2260fac5e5542a773aa44fbcfedf7c193bc2c599,0x66fd1b1e8b9e49a8e3897b2803c50674799c9afd,1398910.0,Wrapped BTC,WBTC,8,117,293273,54000000000,255916,10799122,deprecated,3473551
174,11718103,2021-01-24 11:39:31,0x1a6d1ab04dc65f45e7930466885611880c95a5dfc96ff39e1cbee048fb0ac5c8,158,0x03fd743651013ae1215d0c265d617e9e2150a2eda3905d8d2e8fa4ee989fdfa2,0x66fd1b1e8b9e49a8e3897b2803c50674799c9afd,0x6b175474e89094c44da98b954eedeac495271d0f,0x8fe59d8fb5ffd3509e5cb3d386be8bdb2d363662,9.5e+18,Dai Stablecoin,DAI,18,91,180000,50000000000,83590,7418831,deprecated,3465653
175,11718103,2021-01-24 11:39:31,0x1a6d1ab04dc65f45e7930466885611880c95a5dfc96ff39e1cbee048fb0ac5c8,158,0x03fd743651013ae1215d0c265d617e9e2150a2eda3905d8d2e8fa4ee989fdfa2,0x66fd1b1e8b9e49a8e3897b2803c50674799c9afd,0x6b175474e89094c44da98b954eedeac495271d0f,0x00de4b13153673bcae2616b67bf822500d325fc3,5e+17,Dai Stablecoin,DAI,18,91,180000,50000000000,83590,7418831,deprecated,3465653
176,11731553,2021-01-26 13:21:11,0x83e405c2c508b4f402db13cf52ef66e1bc0fcc133616210ebed4dc020645c2d6,47,0x58b1acf507617f14318fd01f038aca1218d22668e6edd21832b0077a460a9f75,0xe85954bcc1b53025d76e154f09cd5cebf0662635,0xdac17f958d2ee523a2206206994597c13d831ec7,0x66fd1b1e8b9e49a8e3897b2803c50674799c9afd,1000000000.0,Tether USD,USDT,6,226,61795,56100001604,41197,12230523,deprecated,3452203
177,11731658,2021-01-26 13:43:55,0xe340a617dcf0cb38c9d244ac0a415129044b622225f424add6c1760e9d1204ec,160,0x721e51fa697ce17e1608f15a0afc19b47db739974fae2474eac4c4e6bb271132,0x66fd1b1e8b9e49a8e3897b2803c50674799c9afd,0xdac17f958d2ee523a2206206994597c13d831ec7,0xf8f12fe1b51d1398019c4facd4d00adab5fef746,100000000.0,Tether USD,USDT,6,203,51895,55000000000,47178,11096496,deprecated,3452098
178,11731663,2021-01-26 13:45:08,0x1e0d852ac0b1933c9fe8028bf31bfd0f6ba06615e47fbf6f22274fb7754642ff,162,0xf87006135ff5c648b35a0dfc4cfc925895bd3bd144a4ba870b0f1386d9e2d195,0x66fd1b1e8b9e49a8e3897b2803c50674799c9afd,0xdac17f958d2ee523a2206206994597c13d831ec7,0xf0d1109e723cb06e400e2e57d0b6c7c32bedf61a,50000000.0,Tether USD,USDT,6,154,145535,55000000000,125879,11530227,deprecated,3452093
179,11731663,2021-01-26 13:45:08,0x1e0d852ac0b1933c9fe8028bf31bfd0f6ba06615e47fbf6f22274fb7754642ff,162,0xf87006135ff5c648b35a0dfc4cfc925895bd3bd144a4ba870b0f1386d9e2d195,0xf0d1109e723cb06e400e2e57d0b6c7c32bedf61a,0xa91ac63d040deb1b7a5e4d4134ad23eb0ba07e14,0x66fd1b1e8b9e49a8e3897b2803c50674799c9afd,3.467311577350566e+19,Bella,BEL,18,154,145535,55000000000,125879,11530227,deprecated,3452093
180,11751112,2021-01-29 13:37:46,0x840726e521a5346cae2c12d02df308cbb6b20337e4c8ffb0f29e97010b2c708a,163,0x80d8577ea9ee9da94b8894730444e62a569a5f8e6feef385b030140294e370ec,0x66fd1b1e8b9e49a8e3897b2803c50674799c9afd,0xdac17f958d2ee523a2206206994597c13d831ec7,0xd3d8c734f06229e36febd07505d8f57b7b78af7c,600000000.0,Tether USD,USDT,6,139,142745,90000000000,111365,7866510,deprecated,3432644
181,11751112,2021-01-29 13:37:46,0x840726e521a5346cae2c12d02df308cbb6b20337e4c8ffb0f29e97010b2c708a,163,0x80d8577ea9ee9da94b8894730444e62a569a5f8e6feef385b030140294e370ec,0xd3d8c734f06229e36febd07505d8f57b7b78af7c,0xe4815ae53b124e7263f08dcdbbb757d41ed658c6,0x66fd1b1e8b9e49a8e3897b2803c50674799c9afd,3.384074269049897e+20,Zks,ZKS,18,139,142745,90000000000,111365,7866510,deprecated,3432644
182,11751440,2021-01-29 14:52:05,0x85b21e14c499e0d93b4d9ea9bc6bfbab9c6cfe9fee11cf14955185b00e695bee,164,0xa6ce9603b7cfd50213287b3fa0ceba1a793d407ef121d26b41615596d994351b,0x66fd1b1e8b9e49a8e3897b2803c50674799c9afd,0xe4815ae53b124e7263f08dcdbbb757d41ed658c6,0x354f6df0af80df8d0e65363837485c11f58e371f,1e+20,Zks,ZKS,18,175,77059,71000000000,51373,10957136,deprecated,3432316
183,11767915,2021-02-01 03:20:47,0x29570e763cfc12ebbe1935e929c6030436c17ca4d5a12c61c3ea6f0c4bd66e8c,165,0xa6129260050b2c89860f0baa50c9f9af19c09adef39f6f5fc73872a03174c415,0x66fd1b1e8b9e49a8e3897b2803c50674799c9afd,0xdac17f958d2ee523a2206206994597c13d831ec7,0xdfae8f0f4ae094cfc034c9e68696c264117e367d,100000000.0,Tether USD,USDT,6,131,61795,66000000000,41197,11723238,deprecated,3415841
184,11796899,2021-02-05 14:50:35,0x55b00fa2919990e2bec7638c3d04fae81e5dc189feb87e8a3ca01376be6822b5,3853231,0x997c7e8914d6043dd4c0dc36140b688fcc08d59d565adab12bea28c6aa439a62,0x564286362092d8e7936f0549571a803b203aaced,0xa0b86991c6218b36c1d19d4a2e9eb0ce3606eb48,0x66fd1b1e8b9e49a8e3897b2803c50674799c9afd,18712520926.0,USD Coin,USDC,6,123,207128,600000000000,42393,4036506,deprecated,3386857
185,11809516,2021-02-07 13:25:41,0xdfdbd367815bde99d3346d4ac5f8efaf4314841ec2659aa49496f3fce2dc95eb,1231,0x81ddc46ce80bdc93d6a303de77489bce0cf866b655be6e8499da37603b86c530,0x19cadc90d5e8514d0c06bd9cbea5e7c1c7cd9090,0xe4815ae53b124e7263f08dcdbbb757d41ed658c6,0x66fd1b1e8b9e49a8e3897b2803c50674799c9afd,2.3840742690499e+20,Zks,ZKS,18,10,400000,222000000000,36397,459503,deprecated,3374240
186,11880461,2021-02-18 11:05:45,0xbcc93587094373bc1e032f3f28a8f903069bd759552c539348a9b1e839794fa4,169,0x11fd1f3623624dd33b0e84af5b15711440225c05e3ce310a1d5c203d274a6ed0,0x66fd1b1e8b9e49a8e3897b2803c50674799c9afd,0xe4815ae53b124e7263f08dcdbbb757d41ed658c6,0x9379c119d3b84712d058cd5baec73d17f55321f4,4.768148538099797e+20,Zks,ZKS,18,134,77095,115000000000,21397,8831431,deprecated,3303295
187,11882730,2021-02-18 19:32:13,0x935b6100e6b3db0e59726e046644497b5dc32f89b8d085a3d543904823cf6299,170,0xb5c49d05ffca6e96a4ede20e5a7024c474ce67dcf3742566c74cb7da41d8c106,0x66fd1b1e8b9e49a8e3897b2803c50674799c9afd,0x6b175474e89094c44da98b954eedeac495271d0f,0x4aa42145aa6ebf72e164c9bbc74fbd3788045016,8e+20,Dai Stablecoin,DAI,18,155,37018,164000000000,37018,10580925,deprecated,3301026
188,11895436,2021-02-20 18:31:39,0x0892becc7ea9a2c7f402a5eb8691339e6dbbc77675b4e88cf1f5b75ad702108e,171,0xfe1944225b48c5dd83754e29d3a2be8c30b70e85e867dbbb036de7fdc4a849ac,0x66fd1b1e8b9e49a8e3897b2803c50674799c9afd,0x6b175474e89094c44da98b954eedeac495271d0f,0x4aa42145aa6ebf72e164c9bbc74fbd3788045016,8.1e+20,Dai Stablecoin,DAI,18,213,37018,158000000000,37018,11948665,deprecated,3288320
189,11945776,2021-02-28 12:25:31,0xdece22f3ea91ebf3c600f5990a57e469080848437d954f1d81bdfdee9c500f35,173,0x733141a7e92266182d46c79b8b7d92674da5e3c715cbad22233e0c1360e30739,0x66fd1b1e8b9e49a8e3897b2803c50674799c9afd,0xdac17f958d2ee523a2206206994597c13d831ec7,0xf90e98f3d8dce44632e5020abf2e122e0f99dfab,150000000.0,Tether USD,USDT,6,81,284587,93253000000,178568,4575363,deprecated,3237980
190,11945776,2021-02-28 12:25:31,0xdece22f3ea91ebf3c600f5990a57e469080848437d954f1d81bdfdee9c500f35,173,0x733141a7e92266182d46c79b8b7d92674da5e3c715cbad22233e0c1360e30739,0xf90e98f3d8dce44632e5020abf2e122e0f99dfab,0xa0b86991c6218b36c1d19d4a2e9eb0ce3606eb48,0x66fd1b1e8b9e49a8e3897b2803c50674799c9afd,149502332.0,USD Coin,USDC,6,81,284587,93253000000,178568,4575363,deprecated,3237980
191,11973772,2021-03-04 19:49:26,0x06e687fa3643d925731a38f018d7df0cc340090ea68b9786c6b3fa65a995b65c,174,0x1043260569dd5f6f7bf1d3cb49a5fb4550bc52c63f32cf53e814a749d7c54efd,0x8f26d7bab7a73309141a291525c965ecdea7bf42,0x6b175474e89094c44da98b954eedeac495271d0f,0x66fd1b1e8b9e49a8e3897b2803c50674799c9afd,1.7114750375855315e+20,Dai Stablecoin,DAI,18,138,461227,75000000000,286947,11809329,deprecated,3209984
192,11973772,2021-03-04 19:49:26,0x06e687fa3643d925731a38f018d7df0cc340090ea68b9786c6b3fa65a995b65c,174,0x1043260569dd5f6f7bf1d3cb49a5fb4550bc52c63f32cf53e814a749d7c54efd,0x8f26d7bab7a73309141a291525c965ecdea7bf42,0xa0b86991c6218b36c1d19d4a2e9eb0ce3606eb48,0x66fd1b1e8b9e49a8e3897b2803c50674799c9afd,450123880.0,USD Coin,USDC,6,138,461227,75000000000,286947,11809329,deprecated,3209984
193,11973772,2021-03-04 19:49:26,0x06e687fa3643d925731a38f018d7df0cc340090ea68b9786c6b3fa65a995b65c,174,0x1043260569dd5f6f7bf1d3cb49a5fb4550bc52c63f32cf53e814a749d7c54efd,0x8f26d7bab7a73309141a291525c965ecdea7bf42,0xdac17f958d2ee523a2206206994597c13d831ec7,0x66fd1b1e8b9e49a8e3897b2803c50674799c9afd,380251009.0,Tether USD,USDT,6,138,461227,75000000000,286947,11809329,deprecated,3209984
194,11973772,2021-03-04 19:49:26,0x06e687fa3643d925731a38f018d7df0cc340090ea68b9786c6b3fa65a995b65c,174,0x1043260569dd5f6f7bf1d3cb49a5fb4550bc52c63f32cf53e814a749d7c54efd,0x8f26d7bab7a73309141a291525c965ecdea7bf42,0x57ab1ec28d129707052df4df418d58a2d46d5f51,0x66fd1b1e8b9e49a8e3897b2803c50674799c9afd,4.8586892237178675e+19,Synth sUSD,sUSD,18,138,461227,75000000000,286947,11809329,deprecated,3209984
195,11973772,2021-03-04 19:49:26,0x06e687fa3643d925731a38f018d7df0cc340090ea68b9786c6b3fa65a995b65c,174,0x1043260569dd5f6f7bf1d3cb49a5fb4550bc52c63f32cf53e814a749d7c54efd,0x66fd1b1e8b9e49a8e3897b2803c50674799c9afd,0x8f26d7bab7a73309141a291525c965ecdea7bf42,0x0000000000000000000000000000000000000000,1.0400059830303465e+21,Shells,SHL,18,138,461227,75000000000,286947,11809329,deprecated,3209984
196,11984900,2021-03-06 12:35:10,0x2db75bf854777ff98c042c0227d6adb98aaaec1bd9cd4e03d9e0113076bf0699,175,0x413dcbce7ffdd7a88b789cc20641b58179d373f4871de4818cafcc4c1f514b0b,0x3fe7940616e5bc47b0775a0dccf6237893353bb4,0xc00e94cb662c3520282e6f5717214004a7f26888,0x66fd1b1e8b9e49a8e3897b2803c50674799c9afd,1.1099926162671272e+16,Compound,COMP,18,109,589130,63000000000,449491,9932035,deprecated,3198856
197,11984900,2021-03-06 12:35:10,0x2db75bf854777ff98c042c0227d6adb98aaaec1bd9cd4e03d9e0113076bf0699,175,0x413dcbce7ffdd7a88b789cc20641b58179d373f4871de4818cafcc4c1f514b0b,0x3fe7940616e5bc47b0775a0dccf6237893353bb4,0x875773784af8135ea0ef43b5a374aad105c5d39e,0x66fd1b1e8b9e49a8e3897b2803c50674799c9afd,3.06630207852803e+18,Idle,IDLE,18,109,589130,63000000000,449491,9932035,deprecated,3198856
198,11984900,2021-03-06 12:35:10,0x2db75bf854777ff98c042c0227d6adb98aaaec1bd9cd4e03d9e0113076bf0699,175,0x413dcbce7ffdd7a88b789cc20641b58179d373f4871de4818cafcc4c1f514b0b,0x66fd1b1e8b9e49a8e3897b2803c50674799c9afd,0x3fe7940616e5bc47b0775a0dccf6237893353bb4,0x0000000000000000000000000000000000000000,4.920347277787395e+20,IdleDAI v4 [Best yield],idleDAIYield,18,109,589130,63000000000,449491,9932035,deprecated,3198856
199,11984900,2021-03-06 12:35:10,0x2db75bf854777ff98c042c0227d6adb98aaaec1bd9cd4e03d9e0113076bf0699,175,0x413dcbce7ffdd7a88b789cc20641b58179d373f4871de4818cafcc4c1f514b0b,0x3fe7940616e5bc47b0775a0dccf6237893353bb4,0x6b175474e89094c44da98b954eedeac495271d0f,0x66fd1b1e8b9e49a8e3897b2803c50674799c9afd,5.0814353477920077e+20,Dai Stablecoin,DAI,18,109,589130,63000000000,449491,9932035,deprecated,3198856
200,11985446,2021-03-06 14:32:47,0x7c20ed9d2523a1240ca5f1824bfc74daf96a385241be080578ac81475f42ec43,176,0xe762687dfd27e5414c525efe5219010f454fec2c5163554a40044acd9b076df7,0x66fd1b1e8b9e49a8e3897b2803c50674799c9afd,0x31631b3dd6c697e574d6b886708cd44f5ccf258f,0x0000000000000000000000000000000000000000,4.9084370220306255e+20,Mooniswap V1 (DAI-USDC),MOON-V1-DAI-USDC,18,117,153508,65000000000,118863,10024549,deprecated,3198310
201,11985446,2021-03-06 14:32:47,0x7c20ed9d2523a1240ca5f1824bfc74daf96a385241be080578ac81475f42ec43,176,0xe762687dfd27e5414c525efe5219010f454fec2c5163554a40044acd9b076df7,0x31631b3dd6c697e574d6b886708cd44f5ccf258f,0x6b175474e89094c44da98b954eedeac495271d0f,0x66fd1b1e8b9e49a8e3897b2803c50674799c9afd,5.046846783903702e+20,Dai Stablecoin,DAI,18,117,153508,65000000000,118863,10024549,deprecated,3198310
202,11985446,2021-03-06 14:32:47,0x7c20ed9d2523a1240ca5f1824bfc74daf96a385241be080578ac81475f42ec43,176,0xe762687dfd27e5414c525efe5219010f454fec2c5163554a40044acd9b076df7,0x31631b3dd6c697e574d6b886708cd44f5ccf258f,0xa0b86991c6218b36c1d19d4a2e9eb0ce3606eb48,0x66fd1b1e8b9e49a8e3897b2803c50674799c9afd,493953511.0,USD Coin,USDC,6,117,153508,65000000000,118863,10024549,deprecated,3198310
203,11985466,2021-03-06 14:35:45,0x65690d67cffb5d69a11781b4a13feed2aca55ccaf3550f00c187343a89952886,177,0x1a082cd9b063573c6d295dd39f1c7f2bec82bc28b6a0208b9147a3e3171b5365,0x66fd1b1e8b9e49a8e3897b2803c50674799c9afd,0x971d048e737619884f2df75e31c7eb6412392328,0xed44f70df7283e91500024deb335bd15a75232e0,2.425e+22,Sparkster,SPRK,18,100,91824,63000000000,46216,5968440,deprecated,3198290
204,12044931,2021-03-15 18:58:59,0x82aabe5f1855f9b43ea5056e58a929cc4c3ca5267b988496a97beac43b8cb503,4328402,0x5a7fa23103f26c77f2840a3f9436418c3edcfcdbbabc012a75d8fdcf096ef81a,0xd551234ae421e3bcba99a0da6d736074f22192ff,0x0bc529c00c6401aef6d220be8c6ea1667f6ad93e,0x66fd1b1e8b9e49a8e3897b2803c50674799c9afd,1.3835e+16,yearn.finance,YFI,18,34,207128,216000000000,51284,958439,deprecated,3138825
205,12051154,2021-03-16 18:02:57,0xce6a5472736897f27d0d2605a1dedfbf86e92b2d22e25c861894b04f538b898f,180,0x4debf7fab1e54816df0f5732187513a76325ecec6f632fa9b744c8a60ec8e8b7,0x0000000000000000000000000000000000000000,0xc2c505613aaca4d5f333d3a4e0177e99fe233c37,0x66fd1b1e8b9e49a8e3897b2803c50674799c9afd,1.006e+21,FORCE_DAI,xDAI,18,112,351802,228000000000,231366,5981314,deprecated,3132602
206,12051154,2021-03-16 18:02:57,0xce6a5472736897f27d0d2605a1dedfbf86e92b2d22e25c861894b04f538b898f,180,0x4debf7fab1e54816df0f5732187513a76325ecec6f632fa9b744c8a60ec8e8b7,0x66fd1b1e8b9e49a8e3897b2803c50674799c9afd,0x6b175474e89094c44da98b954eedeac495271d0f,0xc2c505613aaca4d5f333d3a4e0177e99fe233c37,1.006e+21,Dai Stablecoin,DAI,18,112,351802,228000000000,231366,5981314,deprecated,3132602
207,12051184,2021-03-16 18:08:17,0xed0d496e269b89c22708a666858a9c7098bcdb8d86f25ef197ad8f466a5f7591,182,0x5a9d13a37cdd2e5e76238f68a4601697a17d7b072a7a7a3afd16cad2bea98b7b,0x66fd1b1e8b9e49a8e3897b2803c50674799c9afd,0xc2c505613aaca4d5f333d3a4e0177e99fe233c37,0x469034dc349101007903a0e99f2a2569c2130cbb,1.006e+21,FORCE_DAI,xDAI,18,96,146571,248000000000,82714,5731797,deprecated,3132572
208,12055782,2021-03-17 10:58:33,0x573a0578eb8b6bf112122d072cda74bd7dc7d7dfcd4c1d666c442e8bdd92f78c,185,0xa77380825e80dbf4b28e965e4bad66a6e13a1960030ed8c8dc245be82b50cb32,0x66fd1b1e8b9e49a8e3897b2803c50674799c9afd,0x6b175474e89094c44da98b954eedeac495271d0f,0x973f509c695cffcf355787456923637ff8a34b29,1.5e+21,Dai Stablecoin,DAI,18,108,182868,129000000000,163668,5440101,deprecated,3127974
209,12055782,2021-03-17 10:58:33,0x573a0578eb8b6bf112122d072cda74bd7dc7d7dfcd4c1d666c442e8bdd92f78c,185,0xa77380825e80dbf4b28e965e4bad66a6e13a1960030ed8c8dc245be82b50cb32,0x66fd1b1e8b9e49a8e3897b2803c50674799c9afd,0x6b175474e89094c44da98b954eedeac495271d0f,0x926df14a23be491164dcf93f4c468a50ef659d5b,1.5e+18,Dai Stablecoin,DAI,18,108,182868,129000000000,163668,5440101,deprecated,3127974
210,12055782,2021-03-17 10:58:33,0x573a0578eb8b6bf112122d072cda74bd7dc7d7dfcd4c1d666c442e8bdd92f78c,185,0xa77380825e80dbf4b28e965e4bad66a6e13a1960030ed8c8dc245be82b50cb32,0x0000000000000000000000000000000000000000,0x865377367054516e17014ccded1e7d814edc9ce4,0x66fd1b1e8b9e49a8e3897b2803c50674799c9afd,1.5e+21,Dola USD Stablecoin,DOLA,18,108,182868,129000000000,163668,5440101,deprecated,3127974
211,12055799,2021-03-17 11:01:56,0xa62e6e71969c1190f1f38abebcf5502f5ee5eb702cf99904125897a1f78ccdeb,187,0x14a19bad272f0ce9afdd81060c30738be59852b0c5c945c8b1f7ab7a30f0ca75,0x66fd1b1e8b9e49a8e3897b2803c50674799c9afd,0x865377367054516e17014ccded1e7d814edc9ce4,0x7fcb7dac61ee35b3d4a51117a7c58d53f0a8a670,1.5e+21,Dola USD Stablecoin,DOLA,18,177,165288,115000001347,144679,11256076,deprecated,3127957
212,12055799,2021-03-17 11:01:56,0xa62e6e71969c1190f1f38abebcf5502f5ee5eb702cf99904125897a1f78ccdeb,187,0x14a19bad272f0ce9afdd81060c30738be59852b0c5c945c8b1f7ab7a30f0ca75,0x7fcb7dac61ee35b3d4a51117a7c58d53f0a8a670,0x7fcb7dac61ee35b3d4a51117a7c58d53f0a8a670,0x66fd1b1e8b9e49a8e3897b2803c50674799c9afd,7493058435824.0,Anchor Dola,anDola,8,177,165288,115000001347,144679,11256076,deprecated,3127957
213,12056110,2021-03-17 12:13:37,0x0e4005201a35f72f5b30e1658d15457e62694a887edd7028a437a4ed5d2f1de8,6943048,0x8eccdceebe6c03f3af8b6b6106ead6c3974c13f4353786faecb8be2dbef0bd00,0x3f5ce5fbfe3e9af3971dd833d26ba9b5c936f0be,0x4688a8b1f292fdab17e9a90c8bc379dc1dbd8713,0x66fd1b1e8b9e49a8e3897b2803c50674799c9afd,3.2901e+17,Cover Protocol Governance Token,COVER,18,29,207128,188000000000,51160,1545666,deprecated,3127646
214,12075125,2021-03-20 10:23:16,0xab958e67d10ea02ecf4a75b0ac659ea61bec51b4292518113063c1399c01fad4,191,0x2082f83fc7a479b8fdbadbd07c00a006ab0125efde738975c8b5fc9e2d41a8bc,0x66fd1b1e8b9e49a8e3897b2803c50674799c9afd,0xa0b86991c6218b36c1d19d4a2e9eb0ce3606eb48,0xb4e16d0168e52d35cacd2c6185b44281ec28c9dc,3000000000.0,USD Coin,USDC,6,12,212960,103000000000,195114,1919489,deprecated,3108631
215,12075125,2021-03-20 10:23:16,0xab958e67d10ea02ecf4a75b0ac659ea61bec51b4292518113063c1399c01fad4,191,0x2082f83fc7a479b8fdbadbd07c00a006ab0125efde738975c8b5fc9e2d41a8bc,0x41fcf9e248e2be21c5debe8f010080335dcb0d40,0xcb8d1260f9c92a3a545d409466280ffdd7af7042,0x66fd1b1e8b9e49a8e3897b2803c50674799c9afd,3.6291878137536085e+21,NFT Protocol,NFT,18,12,212960,103000000000,195114,1919489,deprecated,3108631
216,12082328,2021-03-21 13:07:54,0x805ad64fdfab75c71d36a4dbdcf95bff1ae3a43bd8449f154dbe8e6243318e53,550254,0x5a3deb7011f61401a8c651e947877dc80970b80608cf44af87c9e1f91e9e0405,0xa1d8d972560c2f8144af871db508f0b0b10a3fbf,0x557b933a7c2c45672b610f8954a3deb39a51a8ca,0x66fd1b1e8b9e49a8e3897b2803c50674799c9afd,6.0422036765e+20,REVV,REVV,18,63,126545,122225000000,51189,2769953,deprecated,3101428
217,12110454,2021-03-25 21:05:55,0xe95cca009ad3236c394f56fbf7bbf5b560aad50aa916cb612d74ad894ea2f9cb,193,0x17fa4c8554b5d955a55868518cd3e3175f3bedc18084fc69b24089188f77759d,0x25fb9a4a430120e945c48f4a0dc7ce9b41ffde4f,0x000000000000d0151e748d25b766e77efe2a6c83,0x66fd1b1e8b9e49a8e3897b2803c50674799c9afd,1e+20,XDEFI Governance Token,XDEX,18,80,145476,125000000000,96984,6676539,deprecated,3073302
218,12141824,2021-03-30 17:05:05,0x8ec0e2d338269072dde26bd490bf98f96d03f77fca52cae8bfd5820ad69d4185,347,0x30217203c06c25c5447697febec6214b5beeafed10686d26b2413a81be6db390,0x354f6df0af80df8d0e65363837485c11f58e371f,0x8798249c2e607446efb7ad49ec89dd1865ff4272,0x66fd1b1e8b9e49a8e3897b2803c50674799c9afd,8e+18,SushiBar,xSUSHI,18,85,76767,201000000000,51178,7823577,deprecated,3041932
219,12168630,2021-04-03 19:54:19,0x3302200e19318161c2815e30c4cc4b96058496d6f30f27d32ae834e15a81af1d,194,0x9eb0c9327728a26db2211ea9d3b9b5e9788a13c16fee1489be3e05bc32d05cdc,0x6dc02fc80f070daa5188ad410587e5502ddb3c63,0xe7f445b93eb9cdabfe76541cc43ff8de930a58e6,0x66fd1b1e8b9e49a8e3897b2803c50674799c9afd,6.63267e+20,xFORCE,xFORCE,18,126,113412,176000000000,75291,5772317,deprecated,3015126
220,12168652,2021-04-03 20:01:17,0xbd1a9c532ea6bf304fe9875f6404232cd7ac907890db93b83192b30809f48e53,195,0xba1fa7d69b8f3e55b2cf8a0dffeecdd8981af430a1a842c7fb30aefbfee36907,0x66fd1b1e8b9e49a8e3897b2803c50674799c9afd,0xe7f445b93eb9cdabfe76541cc43ff8de930a58e6,0x31ecb0819346edd4ac31e2c3adacd6629e411a78,6.63267e+20,xFORCE,xFORCE,18,55,54225,160000000000,21150,2293245,deprecated,3015104
221,12173020,2021-04-04 12:11:13,0xf69200da6f537a1e34794cebf3cbfa5f9235631fa45792cbbf3925626ca40d77,196,0xabe2a678e4747696ef1f4bcab728f8ed96a46cadc8811ce72dbd2e8ab0fa8b2c,0x469034dc349101007903a0e99f2a2569c2130cbb,0xc2c505613aaca4d5f333d3a4e0177e99fe233c37,0x66fd1b1e8b9e49a8e3897b2803c50674799c9afd,1.006e+21,FORCE_DAI,xDAI,18,46,204588,88000000000,121392,2977573,deprecated,3010736
222,12214471,2021-04-10 20:54:56,0x8c725004a9d59d004e630f80c56886bc3843b786c50bee7cb10ecbbb8f17e155,197,0x1c3ad1f8e7fd11228985e91bfc3e6c95ac3847ab030097ef69481ac393b8dad3,0x66fd1b1e8b9e49a8e3897b2803c50674799c9afd,0xc2c505613aaca4d5f333d3a4e0177e99fe233c37,0x0000000000000000000000000000000000000000,1.006e+21,FORCE_DAI,xDAI,18,349,352801,75000001347,216924,11284091,deprecated,2969285
223,12214471,2021-04-10 20:54:56,0x8c725004a9d59d004e630f80c56886bc3843b786c50bee7cb10ecbbb8f17e155,197,0x1c3ad1f8e7fd11228985e91bfc3e6c95ac3847ab030097ef69481ac393b8dad3,0xc2c505613aaca4d5f333d3a4e0177e99fe233c37,0x6b175474e89094c44da98b954eedeac495271d0f,0x66fd1b1e8b9e49a8e3897b2803c50674799c9afd,1.0133074242706487e+21,Dai Stablecoin,DAI,18,349,352801,75000001347,216924,11284091,deprecated,2969285
224,12233212,2021-04-13 17:52:59,0x11539bdccb2901780ae0abfc9ecaf25c1600e4e9ec976dd053fa37e4adb1b637,199,0x805ed208f19826eeb07997b10726c038a8d38ed33979bb33e3e536a8a86354ba,0x66fd1b1e8b9e49a8e3897b2803c50674799c9afd,0xa0b86991c6218b36c1d19d4a2e9eb0ce3606eb48,0x52de8d3febd3a06d3c627f59d56e6892b80dcf12,6050000000.0,USD Coin,USDC,6,89,300000,217500000000,77016,4039592,deprecated,2950544
225,12234199,2021-04-13 21:32:58,0x87bc677f51dc21da8ac7501e6638d322909b592706d06650554fe8509f02f345,495,0xf8867331a824a1c79628ff1af4c839afa5ea69a062737de28a048f66efe3cd53,0x5c7ca6a93a46ae786d99d91ed423a91d6fa13879,0xa0b86991c6218b36c1d19d4a2e9eb0ce3606eb48,0x66fd1b1e8b9e49a8e3897b2803c50674799c9afd,3000000000.0,USD Coin,USDC,6,174,63915,99000000000,27369,9725006,deprecated,2949557
226,12244545,2021-04-15 12:06:56,0x9de65c529cf481c4a6fdcebbe16c2b5a63ac8beb431ac01f8a83427855d5e75c,205,0x3c480c81b74aa3d235e2ea28754dd7b18e38c11dacbc0d6b7290f9363c3cd319,0xf2477449c35ca3d79fb8a401380479642fe99c5b,0xa0b86991c6218b36c1d19d4a2e9eb0ce3606eb48,0x66fd1b1e8b9e49a8e3897b2803c50674799c9afd,3000000000.0,USD Coin,USDC,6,141,73102,76000000000,48469,9932344,deprecated,2939211
227,12258712,2021-04-17 16:37:59,0xd4fcad775b41f0b8063f559f4417333c39edb69c0053199ae3f2f6e1bc613b49,503,0x5e6bad1ba278e566d7eba947e3638428bdaafe9eb427d65570ef9071c86b889e,0x5c7ca6a93a46ae786d99d91ed423a91d6fa13879,0xdac17f958d2ee523a2206206994597c13d831ec7,0x66fd1b1e8b9e49a8e3897b2803c50674799c9afd,361000000.0,Tether USD,USDT,6,103,69163,177000000000,46109,4378872,deprecated,2925044
228,12282321,2021-04-21 07:49:53,0xe200d57f2cede604e5718bec4d4d79f18cd8f5fdac303323ce1d981217e673ef,506,0xea6e37797c084dfad35cd6c03db1f205ec189b4de4cbcca0e3a33d3382266d32,0x5c7ca6a93a46ae786d99d91ed423a91d6fa13879,0xdac17f958d2ee523a2206206994597c13d831ec7,0x66fd1b1e8b9e49a8e3897b2803c50674799c9afd,1030000000.0,Tether USD,USDT,6,255,69163,171000000000,46109,11100131,deprecated,2901435
229,12332193,2021-04-29 00:35:34,0xf64ec4299c0837d402c441cac47c14e844771eacb2b738655110d2ac66bee4dd,521,0x76df8e98d45f8f3fb3669807e806c88c7730549a8eb94c3c31c511c4bf55f6cf,0x5c7ca6a93a46ae786d99d91ed423a91d6fa13879,0xdac17f958d2ee523a2206206994597c13d831ec7,0x66fd1b1e8b9e49a8e3897b2803c50674799c9afd,500000000.0,Tether USD,USDT,6,53,69145,55000000000,46097,4819178,deprecated,2851563
230,12350278,2021-05-01 19:46:42,0x798061481f79cbef7fbde3afcdc764e37f60f773fa749b7acc3738e9085b2d2c,200,0x03156b4fd52ff160d2bdeb47ef439f0d5c8cad183cdb9776e65fe5b57fae8c9d,0x42b38ca3e09c92ca82fa3659ca039188a6a076ac,0x2c31b10ca416b82cec4c5e93c615ca851213d48d,0x66fd1b1e8b9e49a8e3897b2803c50674799c9afd,7.038026518838399e+19,Force DAO,FORCE,18,163,84583,56000000000,84134,12603911,deprecated,2833478
231,12350297,2021-05-01 19:49:55,0x709b15e6ec0de6f66acc46a68d4415941222211da16da2475bf9acd36cc4cb9e,201,0xdc0939253c8f999d3800365c4fccf05425d8a67feafe39e22734662cdb98c97c,0x66fd1b1e8b9e49a8e3897b2803c50674799c9afd,0x2c31b10ca416b82cec4c5e93c615ca851213d48d,0x31ecb0819346edd4ac31e2c3adacd6629e411a78,7.038026518838399e+19,Force DAO,FORCE,18,246,63622,46000000000,27415,10975133,deprecated,2833459
232,12418921,2021-05-12 09:50:18,0x2f492a6310a1955c4278a029265b338001e478add8cdaf0f7c43fbee10e89338,4878301,0x2a43296afea17da04e78df902d72b8a60df748715bf121ce131237c2fe6c8210,0xd551234ae421e3bcba99a0da6d736074f22192ff,0xd533a949740bb3306d119cc777fa900ba034cd52,0x66fd1b1e8b9e49a8e3897b2803c50674799c9afd,1.000806e+21,Curve DAO Token,CRV,18,31,207128,191000000000,51325,1323767,deprecated,2764835
233,12446426,2021-05-16 15:55:30,0xc47a2f7860a98fe728e1e84a56c1486524cc11e7ed6b1bfeca2e2f116744ac00,203,0xd83080feee03a2d133b355e0fb5d5a4715439972ccc756e9fa91c0da0e4fa16e,0x66fd1b1e8b9e49a8e3897b2803c50674799c9afd,0xd533a949740bb3306d119cc777fa900ba034cd52,0x5f3b5dfeb7b28cdbd7faba78963ee202a494e2a2,1e+21,Curve DAO Token,CRV,18,114,600000,64000000000,314752,8235129,deprecated,2737330
234,12446520,2021-05-16 16:13:47,0x4f08577e5c1fe36af0fcdea54862c44b497e17715c3a8d42809c70d0608b9585,469648,0xa811ca39d9bf268dc8222d5112d9b3a174fa88157bc46608903af34c45a7471e,0xd1669ac6044269b59fa12c5822439f609ca54f41,0xdac17f958d2ee523a2206206994597c13d831ec7,0x66fd1b1e8b9e49a8e3897b2803c50674799c9afd,39015318375.0,Tether USD,USDT,6,73,199368,64000000000,98849,6784254,deprecated,2737236
235,12457267,2021-05-18 08:21:29,0x01ad5e448658e1651c9e9cf5c9441045c94c1eb509fa7b6a9aa079a6137ca0fb,207,0xe8eb3d58a97d10e9ff2c6bcfad76c56628318679e96f09252bb7584957be8054,0x66fd1b1e8b9e49a8e3897b2803c50674799c9afd,0x6b175474e89094c44da98b954eedeac495271d0f,0x094d12e5b541784701fd8d65f11fc0598fbc6332,2.62834e+21,Dai Stablecoin,DAI,18,203,695426,61000000000,424911,13329406,deprecated,2726489
236,12457267,2021-05-18 08:21:29,0x01ad5e448658e1651c9e9cf5c9441045c94c1eb509fa7b6a9aa079a6137ca0fb,207,0xe8eb3d58a97d10e9ff2c6bcfad76c56628318679e96f09252bb7584957be8054,0x66fd1b1e8b9e49a8e3897b2803c50674799c9afd,0xa0b86991c6218b36c1d19d4a2e9eb0ce3606eb48,0x094d12e5b541784701fd8d65f11fc0598fbc6332,16870487263.0,USD Coin,USDC,6,203,695426,61000000000,424911,13329406,deprecated,2726489
237,12457267,2021-05-18 08:21:29,0x01ad5e448658e1651c9e9cf5c9441045c94c1eb509fa7b6a9aa079a6137ca0fb,207,0xe8eb3d58a97d10e9ff2c6bcfad76c56628318679e96f09252bb7584957be8054,0x66fd1b1e8b9e49a8e3897b2803c50674799c9afd,0xdac17f958d2ee523a2206206994597c13d831ec7,0x094d12e5b541784701fd8d65f11fc0598fbc6332,32000000000.0,Tether USD,USDT,6,203,695426,61000000000,424911,13329406,deprecated,2726489
238,12457267,2021-05-18 08:21:29,0x01ad5e448658e1651c9e9cf5c9441045c94c1eb509fa7b6a9aa079a6137ca0fb,207,0xe8eb3d58a97d10e9ff2c6bcfad76c56628318679e96f09252bb7584957be8054,0x094d12e5b541784701fd8d65f11fc0598fbc6332,0x4f3e8f405cf5afc05d68142f3783bdfe13811522,0x66fd1b1e8b9e49a8e3897b2803c50674799c9afd,5.0356471918264645e+22,Curve.fi USDN/3Crv,usdn3CRV,18,203,695426,61000000000,424911,13329406,deprecated,2726489
239,12457272,2021-05-18 08:22:43,0xab6c2eb37c0ffc182f05d8d14e352024552649418fb67c0f58baa42ab3f25d8d,209,0x95ff01e240071a254ae3ba33602eeab0d65149039009d53045144f36fe9b2113,0x66fd1b1e8b9e49a8e3897b2803c50674799c9afd,0x4f3e8f405cf5afc05d68142f3783bdfe13811522,0xf98450b5602fa59cc66e1379dffb6fddc724cfc4,5.0356471918264645e+22,Curve.fi USDN/3Crv,usdn3CRV,18,173,386105,61000000000,284653,11874213,deprecated,2726484
240,12471652,2021-05-20 13:48:19,0x41932ab57e80ad64db0bb6a720e3aff59eea86a2f6050c75be5728fe1804b1eb,528,0x1cea843add0e0e0cc327a76dd36ec5f141d107a5ce9092ccbc7590b74ee8cd89,0x5c7ca6a93a46ae786d99d91ed423a91d6fa13879,0xdac17f958d2ee523a2206206994597c13d831ec7,0x66fd1b1e8b9e49a8e3897b2803c50674799c9afd,470000000.0,Tether USD,USDT,6,266,69163,160000000000,46109,14305317,deprecated,2712104
241,12515586,2021-05-27 09:24:36,0xd78afe1ba6dd55a123df189511098c684eaecca00eb7fec71d40535cb77b9be9,529,0x8594abb5dd0268b0c06cc17cb3d8116d05ea53d3cea9f2799c046ee9c655d3fb,0x5c7ca6a93a46ae786d99d91ed423a91d6fa13879,0xdac17f958d2ee523a2206206994597c13d831ec7,0x66fd1b1e8b9e49a8e3897b2803c50674799c9afd,500000000.0,Tether USD,USDT,6,112,69145,35000000000,46097,5062589,deprecated,2668170
242,12586261,2021-06-07 08:09:59,0x14391ce8c6be9b98717d665230915618998cb6dd0181097a4b74d788abc415c4,210,0xe1629e95a16ca97cca20e053aaab904c9d3241e45fe67f8b60d74c72d2537531,0x0000000000000000000000000000000000000000,0xd533a949740bb3306d119cc777fa900ba034cd52,0x66fd1b1e8b9e49a8e3897b2803c50674799c9afd,2.845796317209622e+20,Curve DAO Token,CRV,18,145,380797,13000000000,273901,8671488,deprecated,2597495
243,12586353,2021-06-07 08:30:38,0x3d9097ce690676b911b6ac00f8122b708889093aa07eb08e0b3cbc51b0f6d11d,212,0x1c87fe795891ee8dfc180c4691099c3a24b0f4c9b2b67f8830c889adad581f19,0x66fd1b1e8b9e49a8e3897b2803c50674799c9afd,0xd533a949740bb3306d119cc777fa900ba034cd52,0x919fa96e88d67499339577fa202345436bcdaf79,2.853856317209622e+20,Curve DAO Token,CRV,18,142,256777,11000000000,180459,12348663,deprecated,2597403
244,12586353,2021-06-07 08:30:38,0x3d9097ce690676b911b6ac00f8122b708889093aa07eb08e0b3cbc51b0f6d11d,212,0x1c87fe795891ee8dfc180c4691099c3a24b0f4c9b2b67f8830c889adad581f19,0x11b815efb8f581194ae79006d24e0d814b7697f6,0xdac17f958d2ee523a2206206994597c13d831ec7,0x66fd1b1e8b9e49a8e3897b2803c50674799c9afd,712945808.0,Tether USD,USDT,6,142,256777,11000000000,180459,12348663,deprecated,2597403
245,12658203,2021-06-18 11:42:17,0x2fe0846daa69f63303643739a94b3c23fbd618d6906f601c9a447c15195fba34,570,0x65cd07c1ba186686c10eddf58c0f08b0c7e1e8f11464eb3aabae322b57ff389b,0x5c7ca6a93a46ae786d99d91ed423a91d6fa13879,0xdac17f958d2ee523a2206206994597c13d831ec7,0x66fd1b1e8b9e49a8e3897b2803c50674799c9afd,1000000000.0,Tether USD,USDT,6,96,69145,17000000000,46097,3330168,deprecated,2525553
246,12680347,2021-06-21 22:39:28,0xb61bf69e9a537b48be36325b8063e7fd353d5955b2dc5786cc8aba0f7b589cdc,573,0x31491220e190efafb30ae7ebfd880cc131591e8a108b37129f099bb11775ea22,0x5c7ca6a93a46ae786d99d91ed423a91d6fa13879,0xdac17f958d2ee523a2206206994597c13d831ec7,0x66fd1b1e8b9e49a8e3897b2803c50674799c9afd,361000000.0,Tether USD,USDT,6,65,69163,62000000000,46109,3298836,deprecated,2503409
247,12683650,2021-06-22 11:07:31,0x8f4452c7fe43c76247d95a870bc034eb908528c15d9252165352bbdf2e71d9c6,574,0xd7ea3cb8d985bbb1fa7a4f649ec65a6cc1a0d1ed2f6b8d6e954dc5b827130ba1,0x5c7ca6a93a46ae786d99d91ed423a91d6fa13879,0xdac17f958d2ee523a2206206994597c13d831ec7,0x66fd1b1e8b9e49a8e3897b2803c50674799c9afd,425000000.0,Tether USD,USDT,6,39,69163,35000000000,46109,4091897,deprecated,2500106
248,12683668,2021-06-22 11:10:53,0xb8cc847f2bdc11ece5014ec2e7b72ffd12564ba95473b9faea9cdcb38cdf1621,209,0x3e307e82c69bbbf96ab2b16571b751e464b1a4e1da44737ac1b3ea9fa8f06a81,0xf2477449c35ca3d79fb8a401380479642fe99c5b,0xdac17f958d2ee523a2206206994597c13d831ec7,0x66fd1b1e8b9e49a8e3897b2803c50674799c9afd,1249000000.0,Tether USD,USDT,6,87,69163,23000000000,46109,7483229,deprecated,2500088
249,12811849,2021-07-12 10:11:50,0xce33116b6c59fb0786f8c4a7d6718cee28042f60dd59422796fd904258cb536b,213,0xac41ff056d2278034e21359795c3fa9e2e265ccbca3d337f490071211072a8cb,0x66fd1b1e8b9e49a8e3897b2803c50674799c9afd,0xdac17f958d2ee523a2206206994597c13d831ec7,0xf8f12fe1b51d1398019c4facd4d00adab5fef746,1000000000.0,Tether USD,USDT,6,123,63005,26000000000,57278,10181774,deprecated,2371907
250,12837119,2021-07-16 09:33:57,0xc23ce2859d1cc08876db1e9967896eede005887e1e57835a3b3488a4bf12d7f6,606,0x7a5e7b8f35ae368e0f638f6020d5d53f886c8256fc21db698c101c830ca8c6a7,0x5c7ca6a93a46ae786d99d91ed423a91d6fa13879,0xdac17f958d2ee523a2206206994597c13d831ec7,0x66fd1b1e8b9e49a8e3897b2803c50674799c9afd,2400000000.0,Tether USD,USDT,6,76,46097,37000000000,46097,4105930,deprecated,2346637
251,12869834,2021-07-21 12:37:18,0x1460e92b1a3cfaea84a94cd91f9cb3161324f4ce2f6e3bf25b6485f08b83bfbd,611,0xbe844478e8c3211a7ab0c1b5e2e8498abdf0a26dab84c29474ac51602fe6acf9,0x5c7ca6a93a46ae786d99d91ed423a91d6fa13879,0xdac17f958d2ee523a2206206994597c13d831ec7,0x66fd1b1e8b9e49a8e3897b2803c50674799c9afd,282000000.0,Tether USD,USDT,6,148,46109,19000000000,46109,7915105,deprecated,2313922
252,12878357,2021-07-22 20:36:57,0xcf661b28fa0e8291a384e23ccf65ab41a6b9021db3ae0bbc2d77eda6b12230c0,214,0xd5de42e7f7c6816a5a9c6eac286b67eef0522eec91191476abec414e9c7ab8e8,0x0000000000000000000000000000000000000000,0xd533a949740bb3306d119cc777fa900ba034cd52,0x66fd1b1e8b9e49a8e3897b2803c50674799c9afd,2.9866523502553e+20,Curve DAO Token,CRV,18,73,473428,36000000000,318555,8617108,deprecated,2305399
253,12878436,2021-07-22 20:53:21,0xbd0fa41f65b15efe610c23b87c54df9b3fcddbf9ada402dd10b4ab149b2f1868,3069,0xc65a2f74e433afc34672280dad6e5c9932c643c005c8a392abc6d6c95082e04d,0xf8f12fe1b51d1398019c4facd4d00adab5fef746,0xdac17f958d2ee523a2206206994597c13d831ec7,0x66fd1b1e8b9e49a8e3897b2803c50674799c9afd,990094865.0,Tether USD,USDT,6,204,85165,30600000000,85165,14396680,deprecated,2305320
254,12953322,2021-08-03 16:20:33,0x6dd6d602c8cc7e2a704e5731ee4db9d9af5375903ea4436972945ce89c0c4367,620,0x7c9ea21fd125169be8ea6a6b15f378cb811f05e4a653596f658db0a65ae84d12,0x5c7ca6a93a46ae786d99d91ed423a91d6fa13879,0xdac17f958d2ee523a2206206994597c13d831ec7,0x66fd1b1e8b9e49a8e3897b2803c50674799c9afd,1260000000.0,Tether USD,USDT,6,205,69145,47000000000,46097,11041911,deprecated,2230434
255,12983800,2021-08-08 10:10:28,0x9497e44a94ef6ca2b8142d618c44ba95c0b80e4b5132954b0d2d998bac2632ae,217,0x2ef3c550add9d8785ab49199f52853097a2f3adc3cbd1205046226fe9a2da675,0xa4f327ab8fd2f412ad377614ed1a36ce0b335e49,0xa0b86991c6218b36c1d19d4a2e9eb0ce3606eb48,0x66fd1b1e8b9e49a8e3897b2803c50674799c9afd,1881341015.0,USD Coin,USDC,6,194,109719,31000000000,107612,11707200,deprecated,2199956
256,12983821,2021-08-08 10:13:05,0x9debed7ed2032d6eb63b4ce7f434c1dbc0cb039687799c197dc7ad1560de0df3,219,0x11fbc82ba163036bd0c8e169096e9dabc68c0f3eae5d1222432382b639488cb5,0x66fd1b1e8b9e49a8e3897b2803c50674799c9afd,0xa0b86991c6218b36c1d19d4a2e9eb0ce3606eb48,0xa4f327ab8fd2f412ad377614ed1a36ce0b335e49,1300000000.0,USD Coin,USDC,6,103,99432,27897529583,98596,7460760,deprecated,2199935
257,12983829,2021-08-08 10:15:16,0xa28900ea66d598a706e19d3e74823a342063037cfe8194c0cec403b601d53e21,221,0x5da4fb4257cd90a9c03bb1121cc54e48e4a589c486719d8d3a6b92ad3fbe4b26,0x66fd1b1e8b9e49a8e3897b2803c50674799c9afd,0xa0b86991c6218b36c1d19d4a2e9eb0ce3606eb48,0xd54f502e184b6b739d7d27a6410a67dc462d69c8,581341015.0,USD Coin,USDC,6,360,170000,29637751164,150426,29783580,deprecated,2199927
258,12983853,2021-08-08 10:21:20,0xa810afd4231b2b8d8803f3393ac976d702c925be8d049edfe69c964a1c7cbb87,11698,0xdf9d07f2df89e8389c2d83eae2ef931d599dee3dd742c7209bf2eff71a75bdc0,0xf42ed7184f3bdd07b0456952f67695683afd9044,0xa0b86991c6218b36c1d19d4a2e9eb0ce3606eb48,0x66fd1b1e8b9e49a8e3897b2803c50674799c9afd,568433113.0,USD Coin,USDC,6,239,159222,30809869757,104935,21109456,deprecated,2199903
259,13070515,2021-08-21 19:23:53,0x39756f74c3076571bc68e224431eae0dfc385552f9d85d2c95dab03836f1d940,661,0xbb2389539649479612f8edafd3b4b8a24525575cd51284bc51c0ab38229ae86c,0x5c7ca6a93a46ae786d99d91ed423a91d6fa13879,0xdac17f958d2ee523a2206206994597c13d831ec7,0x66fd1b1e8b9e49a8e3897b2803c50674799c9afd,282000000.0,Tether USD,USDT,6,206,69163,37581337576,46109,15631099,deprecated,2113241
260,13146651,2021-09-02 13:54:16,0x5fbe01239e036c2d5e7516345b1d24b2052ee75d3594370cd8e6a26156c00c41,222,0x90ecfa240167d4aae1059d342f7c19c62927e2c5a9091a80bdfc054e86cf1f09,0x66fd1b1e8b9e49a8e3897b2803c50674799c9afd,0xdac17f958d2ee523a2206206994597c13d831ec7,0xca0b3e7ff137313d0018564478d7860d4e4b75ab,2240000000.0,Tether USD,USDT,6,24,200000,110149010261,46085,1564293,deprecated,2037105
261,13146667,2021-09-02 13:57:31,0x348aa9352fb85a8409f27922641d4706dff33059c54c2e8810fbfeace0f346d8,665,0x4870b6e303d482fe707ba0884b0ec3d61396bf18ab5c25e6fa4316f62dd7020a,0x5c7ca6a93a46ae786d99d91ed423a91d6fa13879,0xdac17f958d2ee523a2206206994597c13d831ec7,0x66fd1b1e8b9e49a8e3897b2803c50674799c9afd,2240000000.0,Tether USD,USDT,6,202,69145,105377163521,46097,16494939,deprecated,2037089
262,13185852,2021-09-08 15:10:41,0xbbefce096fb8273e817e3fab8d224365f85bd0801e679be1071524f8331d77ae,223,0xeec255ce97eabf78a5b8326fb74d68dc0496b34d03f2b285576788410ffb17fd,0x639192d54431f8c816368d3fb4107bc168d0e871,0x92d6c1e31e14520e676a687f0a93788b716beff5,0x66fd1b1e8b9e49a8e3897b2803c50674799c9afd,1.16351e+21,dYdX,DYDX,18,219,308779,271559975481,246066,28128953,deprecated,1997904
263,13185909,2021-09-08 15:22:42,0x09078954795092681a982af4d3d82cbeb4adf4921e4d916d20ff0993b48f2495,227,0x199ca1a01d8257b9f963296ca2910730b4d716bbe515a6d1462fd7bfb825d17c,0x66fd1b1e8b9e49a8e3897b2803c50674799c9afd,0x92d6c1e31e14520e676a687f0a93788b716beff5,0xe4ebd836832f1a8a81641111a5b081a2f90b9430,1.16351e+21,dYdX,DYDX,18,189,321151,339677507154,254588,22868246,deprecated,1997847
264,13185909,2021-09-08 15:22:42,0x09078954795092681a982af4d3d82cbeb4adf4921e4d916d20ff0993b48f2495,227,0x199ca1a01d8257b9f963296ca2910730b4d716bbe515a6d1462fd7bfb825d17c,0x06da0fd433c1a5d7a4faa01111c044910a184553,0xdac17f958d2ee523a2206206994597c13d831ec7,0x66fd1b1e8b9e49a8e3897b2803c50674799c9afd,14411785722.0,Tether USD,USDT,6,189,321151,339677507154,254588,22868246,deprecated,1997847
265,13235391,2021-09-16 07:23:04,0x4687b02ad73ba3cfb6fbcd6dff48ad6cbccd5ed04133bcda1c6cf8047fe1245a,229,0xc317641f4901a8473943da9360c55b79f6bf2118318ee8947eafeee23d752b31,0x9445bd19767f73dcae6f2de90e6cd31192f62589,0xa0b86991c6218b36c1d19d4a2e9eb0ce3606eb48,0x66fd1b1e8b9e49a8e3897b2803c50674799c9afd,967539617.0,USD Coin,USDC,6,183,147710,45765817987,120415,9367336,deprecated,1948365
266,13235391,2021-09-16 07:23:04,0x4687b02ad73ba3cfb6fbcd6dff48ad6cbccd5ed04133bcda1c6cf8047fe1245a,229,0xc317641f4901a8473943da9360c55b79f6bf2118318ee8947eafeee23d752b31,0x66fd1b1e8b9e49a8e3897b2803c50674799c9afd,0xd533a949740bb3306d119cc777fa900ba034cd52,0x9445bd19767f73dcae6f2de90e6cd31192f62589,2.9866523502553e+20,Curve DAO Token,CRV,18,183,147710,45765817987,120415,9367336,deprecated,1948365
267,13236611,2021-09-16 11:53:51,0x7d7406bdd8521e0d9c70e12d23ffc18a89f048c50e74534ec5c171c8a3af9ffa,230,0x119cdadaa5d277d6c5fdb307504e7f50f534dd5bf3c15c8d4ce3b36e5bfa9603,0x0000000000000000000000000000000000000000,0xd533a949740bb3306d119cc777fa900ba034cd52,0x66fd1b1e8b9e49a8e3897b2803c50674799c9afd,2.5395764350751143e+20,Curve DAO Token,CRV,18,288,493063,34000000000,331645,25277812,deprecated,1947145
268,13237883,2021-09-16 16:32:42,0x88209ad9182a762387f02fa3b5a1b0814686507ac1dde937dd5f169b0f3eac73,50,0xf586729dd40ffac1724a0bc8d79f7991bab3a6b858e2824436194a299d214ad6,0x34278f6f40079eae344cbac61a764bcf85afc949,0x34278f6f40079eae344cbac61a764bcf85afc949,0x66fd1b1e8b9e49a8e3897b2803c50674799c9afd,3e+23,FF9.io,FF9.io,18,58,1447380,115519883698,1315800,4623175,deprecated,1945873
269,13237891,2021-09-16 16:34:29,0xc2f3fe80c68135d234320a37619812e4b67734197a65c136c7d2e359b5c292ca,232,0xa7280b6dded68d4c6150af2e5c107e5a704241aa96c7e337a0179f62f2e02128,0x66fd1b1e8b9e49a8e3897b2803c50674799c9afd,0xa0b86991c6218b36c1d19d4a2e9eb0ce3606eb48,0x8481a6ebaf5c7dabc3f7e09e44a89531fd31f822,1100000000.0,USD Coin,USDC,6,123,237906,80489941193,151673,8733124,deprecated,1945865
270,13237891,2021-09-16 16:34:29,0xc2f3fe80c68135d234320a37619812e4b67734197a65c136c7d2e359b5c292ca,232,0xa7280b6dded68d4c6150af2e5c107e5a704241aa96c7e337a0179f62f2e02128,0x0000000000000000000000000000000000000000,0x6a445e9f40e0b97c92d0b8a3366cef1d67f700bf,0x66fd1b1e8b9e49a8e3897b2803c50674799c9afd,1.0711106307166865e+21,Fidu,FIDU,18,123,237906,80489941193,151673,8733124,deprecated,1945865
271,13241162,2021-09-17 04:42:08,0xa9724ea3ac21fa35f54e6789b17001ce0b1072d6146ffb444c265963f328106b,233,0x61b33fb017c16c661b13d0d091ac2b1c11783df3e7d390957745f6a6f80c6a1a,0x9445bd19767f73dcae6f2de90e6cd31192f62589,0xa0b86991c6218b36c1d19d4a2e9eb0ce3606eb48,0x66fd1b1e8b9e49a8e3897b2803c50674799c9afd,772080531.0,USD Coin,USDC,6,298,147703,45400834957,120409,16182517,deprecated,1942594
272,13241162,2021-09-17 04:42:08,0xa9724ea3ac21fa35f54e6789b17001ce0b1072d6146ffb444c265963f328106b,233,0x61b33fb017c16c661b13d0d091ac2b1c11783df3e7d390957745f6a6f80c6a1a,0x66fd1b1e8b9e49a8e3897b2803c50674799c9afd,0xd533a949740bb3306d119cc777fa900ba034cd52,0x9445bd19767f73dcae6f2de90e6cd31192f62589,2.5395764350751143e+20,Curve DAO Token,CRV,18,298,147703,45400834957,120409,16182517,deprecated,1942594
273,13303679,2021-09-26 20:52:22,0xc7738d8374d20c5397716c56f67a7f09eb265b42ede01d574d7672d492016954,234,0xcd5ec79ab80bfc059b8578cdcf9e908682d508dd8fe48092b079bd57aba6e885,0x66fd1b1e8b9e49a8e3897b2803c50674799c9afd,0xdac17f958d2ee523a2206206994597c13d831ec7,0xf8f12fe1b51d1398019c4facd4d00adab5fef746,501000000.0,Tether USD,USDT,6,201,63019,69955858593,57290,19372159,deprecated,1880077
274,13339365,2021-10-02 10:38:44,0x6edb13ef61d97d7790db6ddb26dabfbe584b1d4405a5ee0f54a36d3320ee9e01,238,0xb0994f541fa9b53772716ab5c2a9ddaeead92fb00ae74db78fcb34deecbeab0a,0x7fcb7dac61ee35b3d4a51117a7c58d53f0a8a670,0x865377367054516e17014ccded1e7d814edc9ce4,0x66fd1b1e8b9e49a8e3897b2803c50674799c9afd,1.5102257e+21,Dola USD Stablecoin,DOLA,18,164,240964,44001528286,236041,15496224,deprecated,1844391
275,13339365,2021-10-02 10:38:44,0x6edb13ef61d97d7790db6ddb26dabfbe584b1d4405a5ee0f54a36d3320ee9e01,238,0xb0994f541fa9b53772716ab5c2a9ddaeead92fb00ae74db78fcb34deecbeab0a,0x66fd1b1e8b9e49a8e3897b2803c50674799c9afd,0x7fcb7dac61ee35b3d4a51117a7c58d53f0a8a670,0x7fcb7dac61ee35b3d4a51117a7c58d53f0a8a670,7424172163111.0,Anchor Dola,anDola,8,164,240964,44001528286,236041,15496224,deprecated,1844391
276,13339402,2021-10-02 10:46:37,0x0123fdcd4cb6e3aae5e190e7009d1ae57764c4825ab2a9f1e68114b503f1f97c,240,0xfa63ee3db2e4a14eeb835abc1f00ef51cd8d522f7b3708e354add8b06f0435ce,0x66fd1b1e8b9e49a8e3897b2803c50674799c9afd,0x865377367054516e17014ccded1e7d814edc9ce4,0xecfbe9b182f6477a93065c1c11271232147838e5,1.5102257e+21,Dola USD Stablecoin,DOLA,18,253,220694,39000000000,168071,17879700,deprecated,1844354
277,13339402,2021-10-02 10:46:37,0x0123fdcd4cb6e3aae5e190e7009d1ae57764c4825ab2a9f1e68114b503f1f97c,240,0xfa63ee3db2e4a14eeb835abc1f00ef51cd8d522f7b3708e354add8b06f0435ce,0x0d4a11d5eeaac28ec3f61d100daf4d40471f1852,0xdac17f958d2ee523a2206206994597c13d831ec7,0x66fd1b1e8b9e49a8e3897b2803c50674799c9afd,1421088323.0,Tether USD,USDT,6,253,220694,39000000000,168071,17879700,deprecated,1844354
278,13345373,2021-10-03 09:25:06,0xd461c3e9bdd16133083123dec628b7e13552c5e27819993b310969c4347b3233,242,0xf961847342fd1bfa6aa011de00b5d7d2c2fb76ba9ccebcb1aee40c461e536b41,0x66fd1b1e8b9e49a8e3897b2803c50674799c9afd,0xdac17f958d2ee523a2206206994597c13d831ec7,0x3e4a3a4796d16c0cd582c382691998f7c06420b6,1000000000.0,Tether USD,USDT,6,131,105738,41827762485,100938,8517836,deprecated,1838383
279,13345464,2021-10-03 09:41:38,0x025214b1a054d6a976411be042bf14c46bf77d75ca66355b7e6378ae40dab7ba,244,0xc2f0fea16a6e9067f06518266ca00e5756d0d03697446d83e5a0d17c1222d4af,0x66fd1b1e8b9e49a8e3897b2803c50674799c9afd,0xdac17f958d2ee523a2206206994597c13d831ec7,0x3e4a3a4796d16c0cd582c382691998f7c06420b6,10000000000.0,Tether USD,USDT,6,180,102568,35131570558,102568,15953390,deprecated,1838292
280,13346164,2021-10-03 12:16:32,0x61142ed1dbac01a5335cf91093e6d4a85f339d3d2896dc4e5872c1ef104d73fa,246,0x80d09e6a67e6ad431f953d771d7539945a99c4689d2ee85875a37c687fb99a46,0x66fd1b1e8b9e49a8e3897b2803c50674799c9afd,0x2260fac5e5542a773aa44fbcfedf7c193bc2c599,0x231b7589426ffe1b75405526fc32ac09d44364c4,1398910.0,Wrapped BTC,WBTC,8,182,137447,37900000000,89052,11777510,deprecated,1837592
281,13346164,2021-10-03 12:16:32,0x61142ed1dbac01a5335cf91093e6d4a85f339d3d2896dc4e5872c1ef104d73fa,246,0x80d09e6a67e6ad431f953d771d7539945a99c4689d2ee85875a37c687fb99a46,0x231b7589426ffe1b75405526fc32ac09d44364c4,0x6b175474e89094c44da98b954eedeac495271d0f,0x66fd1b1e8b9e49a8e3897b2803c50674799c9afd,6.626991072999533e+20,Dai Stablecoin,DAI,18,182,137447,37900000000,89052,11777510,deprecated,1837592
282,13360530,2021-10-05 17:58:08,0x268a892ff7b6df066f886c78a7d0a68f03a3362a385e34651c98de872e809064,247,0x41593b7a4c73c2045d592d8a534943be086a5247f226f4ef58b68138db60b2b6,0x66fd1b1e8b9e49a8e3897b2803c50674799c9afd,0xdac17f958d2ee523a2206206994597c13d831ec7,0xd679e28409fa1bdfac01f789eafb5199974ad2c0,370000000.0,Tether USD,USDT,6,82,69163,87966216721,46109,4869637,deprecated,1823226
283,13396707,2021-10-11 10:17:18,0x82366a3f66ac87a15869543d5a5363fca80a22a52af33881f7d7893ac76e7307,249,0xdeb8fc861957fcbbdd8946601f67e89e3bac8aeedcc1c3ee09146c10df9e8b97,0x66fd1b1e8b9e49a8e3897b2803c50674799c9afd,0xdac17f958d2ee523a2206206994597c13d831ec7,0xacb83e0633d6605c5001e2ab59ef3c745547c8c7,1010000000.0,Tether USD,USDT,6,135,211667,75000000000,198725,7950415,deprecated,1787049
284,13396707,2021-10-11 10:17:18,0x82366a3f66ac87a15869543d5a5363fca80a22a52af33881f7d7893ac76e7307,249,0xdeb8fc861957fcbbdd8946601f67e89e3bac8aeedcc1c3ee09146c10df9e8b97,0x0000000000000000000000000000000000000000,0x5f86558387293b6009d7896a61fcc86c17808d62,0x66fd1b1e8b9e49a8e3897b2803c50674799c9afd,1.0088864529316012e+21,Saddle DAI/USDC/USDT V2,saddleUSD-V2,18,135,211667,75000000000,198725,7950415,deprecated,1787049
285,13408696,2021-10-13 07:23:32,0xcbf644058a59938c185e749442b7794b8cf275eb664de455462e9f13435a0f3a,252,0x9c7a57013aec319e1b14ad4605d944b0365efa8e8d21828ac4b6bf1d5e5cc75c,0x66fd1b1e8b9e49a8e3897b2803c50674799c9afd,0xa0b86991c6218b36c1d19d4a2e9eb0ce3606eb48,0xba12222222228d8ba445958a75a0704d566bf2c8,1001000000.0,USD Coin,USDC,6,290,145362,67484159383,140465,23596405,deprecated,1775060
286,13408696,2021-10-13 07:23:32,0xcbf644058a59938c185e749442b7794b8cf275eb664de455462e9f13435a0f3a,252,0x9c7a57013aec319e1b14ad4605d944b0365efa8e8d21828ac4b6bf1d5e5cc75c,0xba12222222228d8ba445958a75a0704d566bf2c8,0x8a2228705ec979961f0e16df311debcf097a2766,0x66fd1b1e8b9e49a8e3897b2803c50674799c9afd,1006823999.0,Element Principal Token yvUSDC-28JAN22,ePyvUSDC-28JAN22,6,290,145362,67484159383,140465,23596405,deprecated,1775060
287,13408819,2021-10-13 07:53:34,0x743c087a070cd8663b8d37bb43735c6c24364a86a8b21e645dead5e536df67dc,253,0x1183560cb9d37252bb5419002203c32c45942c2ebc151673e653a7ba6ef1c77b,0x66fd1b1e8b9e49a8e3897b2803c50674799c9afd,0x6b175474e89094c44da98b954eedeac495271d0f,0x5591f644b377ed784e558d4be1bba78f5a26bdcd,6.62e+20,Dai Stablecoin,DAI,18,39,250000,70430622830,240611,5816340,deprecated,1774937
288,13408819,2021-10-13 07:53:34,0x743c087a070cd8663b8d37bb43735c6c24364a86a8b21e645dead5e536df67dc,253,0x1183560cb9d37252bb5419002203c32c45942c2ebc151673e653a7ba6ef1c77b,0x5591f644b377ed784e558d4be1bba78f5a26bdcd,0x9d7e85d095934471a2788f485a3c765d0a463bd7,0x66fd1b1e8b9e49a8e3897b2803c50674799c9afd,6.62235497999887e+20,Yield Dai - 2021-12-31,fyDai21Dec,18,39,250000,70430622830,240611,5816340,deprecated,1774937
289,13411826,2021-10-13 19:26:34,0x5ea2673d262e41158202460789a35e807c5ce7ca398c5f396e02c749f35cb1c0,254,0x4ce314322fee2eff30cc4a1da20dd24ff7a4eed7bd230a880530211fb69ef7e9,0x6e16394cbf840fc599fa3d9e5d1e90949c32a4f5,0x6b175474e89094c44da98b954eedeac495271d0f,0x66fd1b1e8b9e49a8e3897b2803c50674799c9afd,1.11e+20,Dai Stablecoin,DAI,18,273,607778,66531837111,524849,25310358,deprecated,1771930
290,13419249,2021-10-14 23:28:36,0x506895a77f643661040c33f5d420d28f7721b7d4285f5b153209b4beb14c4703,255,0x9a84a5d6c8dbf7878be0631c280fe72467542481acca3fd20f7a92a0dc781237,0x66fd1b1e8b9e49a8e3897b2803c50674799c9afd,0xdac17f958d2ee523a2206206994597c13d831ec7,0x24ad736374b2229c705926920587fbc1303b671b,789210000.0,Tether USD,USDT,6,214,94813,78973461719,63209,21247695,deprecated,1764507
291,13437361,2021-10-17 19:37:21,0xd8943ae5517ef3b8e3ba192100cc5117d6f46d33e948169c14934218e11f0ef8,1927676,0xd1f5a5fecfe7f612ca955a251b4d860a313e13c4841a95706ece30673e9ce147,0x21a31ee1afc51d94c2efccaa2092ad1028285549,0xa0b86991c6218b36c1d19d4a2e9eb0ce3606eb48,0x66fd1b1e8b9e49a8e3897b2803c50674799c9afd,2014307888.0,USD Coin,USDC,6,29,207128,96000000000,48525,1953558,deprecated,1746395
292,13437962,2021-10-17 21:49:30,0xeba04d6974627d10f0b780ff902d2a5199522af77e500fcde91356e219e2d7ed,258,0x1543752b6e616cd95354f7bb4408fe6ba3a045657b0035ba2c12308a8b35963d,0x66fd1b1e8b9e49a8e3897b2803c50674799c9afd,0xa0b86991c6218b36c1d19d4a2e9eb0ce3606eb48,0x9ae980d63401584f234a24671cc56de347252e46,1010000000.0,USD Coin,USDC,6,171,374769,61000000000,327592,14985634,deprecated,1745794
293,13441176,2021-10-18 10:06:26,0xfac8576b406a3c07031d58203beee2ea4ea76d5398ca6ca4eb447f50bc42085c,259,0xcb8944130a4e1e1b58341acf02f0c0e066bd9a83387392ed197b0df32fbfbdc2,0x6e16394cbf840fc599fa3d9e5d1e90949c32a4f5,0x6b175474e89094c44da98b954eedeac495271d0f,0x66fd1b1e8b9e49a8e3897b2803c50674799c9afd,1.21e+20,Dai Stablecoin,DAI,18,80,563171,61044751590,484297,4515785,deprecated,1742580
294,13578021,2021-11-08 21:01:19,0xda2400c2d80ad7fe2f1df10dd0809da8d7f577a2b1a53d0e6f9314be30cc45ee,8,0x4fd16ffdb77acae1987b53ca19395ae2b86dbcfcdf14e82d27f439608e89dc48,0x9e539adbaacde0a1a409c3971b3a368ef5ff3ac7,0x2da719db753dfa10a62e140f436e1d67f2ddb0d6,0x66fd1b1e8b9e49a8e3897b2803c50674799c9afd,1714285714285715.0,CERE Network,CERE,10,17,5813603,142267993611,5813258,7199582,deprecated,1605735
295,13578050,2021-11-08 21:08:06,0x8c3497ea81adb7ce102a5b5f4ae5e82748f2d5191806b6d9d8b8ed6c83a90129,261,0x962276de44c6a6f0d775b2d1c01539a4366c804db1e45ba1f82532a5255a7d68,0x66fd1b1e8b9e49a8e3897b2803c50674799c9afd,0x2da719db753dfa10a62e140f436e1d67f2ddb0d6,0x3803636800fee62518a1f60cf3addcb9929daf50,1714285714285715.0,CERE Network,CERE,10,411,77440,159410304431,46827,28192171,deprecated,1605706
296,13596890,2021-11-11 19:55:04,0x99f9e03c90a939a315445dce2e5830983989a7f3dd3985e1259a2a2e11fa0ea2,2494460,0x340b193b24282e58399b8fb08b91d4767acebdf8c662dd89bf7d3a988f1498a7,0x2faf487a4414fe77e2327f0bf4ae2a264a776ad2,0x1f9840a85d5af5bf1d1762f925bdaddc4201f984,0x66fd1b1e8b9e49a8e3897b2803c50674799c9afd,4e+18,Uniswap,UNI,18,23,86632,240582643190,57194,1343492,deprecated,1586866
297,13596946,2021-11-11 20:07:24,0xcefab6fed0efea1f7563f975e95f24876e7a4004d857d2992ac99b5957d6173f,2500889,0xbdb0afc252cac66056f897fa0762252b0d8e4207a7c8ec448f8e9d62da300368,0x28c6c06298d514db089934071355e5743bf21d60,0x3f382dbd960e3a9bbceae22651e88158d2791550,0x66fd1b1e8b9e49a8e3897b2803c50674799c9afd,3.38e+19,Aavegotchi GHST Token,GHST,18,65,207128,231000000000,145103,4010806,deprecated,1586810
298,13596969,2021-11-11 20:12:25,0x957f4a304bfd0f7807fffbe7b2da116c34d73632a8a69875544c0c8d3b051d65,2500936,0x274116a7462b8c09680fe747765a62f9966e410821d2c7312ab4e01f97d622be,0x28c6c06298d514db089934071355e5743bf21d60,0xc7283b66eb1eb5fb86327f08e1b5816b0720212b,0x66fd1b1e8b9e49a8e3897b2803c50674799c9afd,4.6e+19,Tribe,TRIBE,18,10,207128,273000000000,57030,846146,deprecated,1586787
299,13597056,2021-11-11 20:34:31,0x8799635183ec4ca4315f7a0750d7ab6e1252db41fce84f62251b0de1bd921068,2110346,0x5b00bf4342c326c4fe5195f66b086c939bc848d4c8717c10a117fe2bef0bc169,0xdfd5293d8e347dfe59e90efd55b2956a1343963d,0xeb4c2781e4eba804ce9a9803c67d0893436bb27d,0x66fd1b1e8b9e49a8e3897b2803c50674799c9afd,92000.0,renBTC,renBTC,8,27,207128,292000000000,58925,3023003,deprecated,1586700
300,13597087,2021-11-11 20:41:19,0x5087c75acf2db95549e9f8565dbb20c169f6c4c463b362197d014590681d4320,2501223,0x5f837b5b584c082f927c214f1bf58d8209b4dbfbac494519fcbfb1e92de1b362,0x28c6c06298d514db089934071355e5743bf21d60,0x2260fac5e5542a773aa44fbcfedf7c193bc2c599,0x66fd1b1e8b9e49a8e3897b2803c50674799c9afd,92000.0,Wrapped BTC,WBTC,8,35,207128,292000000000,54399,2209871,deprecated,1586669
301,13597143,2021-11-11 20:52:35,0xda574b76cf903ee2b06cee7e363adbe45a34a98087eaa08b20f27500d057edda,263,0xf4db8dca93f6f4209e82be1d814003dd7ef329e4611d24c52231a86133ee177b,0xf83d5aaab14507a53f97d3c18bdb52c4a62efc40,0x23b608675a2b2fb1890d3abbd85c5775c51691d5,0x66fd1b1e8b9e49a8e3897b2803c50674799c9afd,100000000000000.0,Unisocks Edition 0,SOCKS,18,260,199171,170000000000,141986,18899395,deprecated,1586613
302,13597202,2021-11-11 21:06:23,0x68c80104b997adc5a2ce3d363eebc2bb45aa68c880b35d7f2e90089438ca47e1,264,0xf28c0fb6b025a21151c6b0ffdc5056fa8bfb260b11a7c212be47e614fdddf274,0x0379da7a5895d13037b6937b109fa8607a659adf,0xa7ed29b253d8b4e3109ce07c80fc570f81b63696,0x66fd1b1e8b9e49a8e3897b2803c50674799c9afd,1.01e+20,BAS,BAS,18,134,237351,172517018077,184416,10904189,deprecated,1586554
303,13597265,2021-11-11 21:19:37,0x86b17a65783f0283e6cd6b762fd66081e69f0f1be04c2d5fde64441fd1b27896,2495265,0xc1c15d75b99d85f2a77f4010580555c7c0852dcda320018eed1c33f292449303,0x2faf487a4414fe77e2327f0bf4ae2a264a776ad2,0x2ba592f78db6436527729929aaf6c908497cb200,0x66fd1b1e8b9e49a8e3897b2803c50674799c9afd,5.1e+17,Cream,CREAM,18,194,86906,212736643915,57422,11624381,deprecated,1586491
304,13597267,2021-11-11 21:20:52,0x338cbe1c762c7284bf95d9584d3e919a701097c3caa968cc7f84842d5223e4c4,2495284,0x29914ce48f625e1846ec00a6e744e8457cadb94dbf044789a7dc8d427ff0e2e9,0x2faf487a4414fe77e2327f0bf4ae2a264a776ad2,0xfa5047c9c78b8877af97bdcb85db743fd7313d4a,0x66fd1b1e8b9e49a8e3897b2803c50674799c9afd,1.5e+17,ROOK,ROOK,18,86,79977,237324331888,51648,6381564,deprecated,1586489
305,13603138,2021-11-12 19:20:28,0x5a73237b8d66b28100e02b94110dce4791dccb99e107e3cd1ba31ee0404d1698,2505814,0xbcd61256d6d2559e0e5796f18dbe0bfad53eadd91186bd2e478a615b8df01c83,0x2faf487a4414fe77e2327f0bf4ae2a264a776ad2,0x2260fac5e5542a773aa44fbcfedf7c193bc2c599,0x66fd1b1e8b9e49a8e3897b2803c50674799c9afd,1320000.0,Wrapped BTC,WBTC,8,72,62758,145617618184,37299,3322857,deprecated,1580618
306,13606705,2021-11-13 08:53:38,0x6e775c499c053ef0e0ae9cbf717185ee03f217995b7d783df547b01d00f7210f,267,0xc37b607003aefca006737758ecd8ffd6e68b0305f040c4fbdb058afc5a074cf4,0x66fd1b1e8b9e49a8e3897b2803c50674799c9afd,0x2260fac5e5542a773aa44fbcfedf7c193bc2c599,0xbd7c6d2ede836b6b27c461799c4e9ecb8f4e8a66,1207377.0,Wrapped BTC,WBTC,8,178,243382,102477024046,210763,15294435,deprecated,1577051
307,13606705,2021-11-13 08:53:38,0x6e775c499c053ef0e0ae9cbf717185ee03f217995b7d783df547b01d00f7210f,267,0xc37b607003aefca006737758ecd8ffd6e68b0305f040c4fbdb058afc5a074cf4,0x66fd1b1e8b9e49a8e3897b2803c50674799c9afd,0xa0b86991c6218b36c1d19d4a2e9eb0ce3606eb48,0xbd7c6d2ede836b6b27c461799c4e9ecb8f4e8a66,599999759.0,USD Coin,USDC,6,178,243382,102477024046,210763,15294435,deprecated,1577051
308,13606705,2021-11-13 08:53:38,0x6e775c499c053ef0e0ae9cbf717185ee03f217995b7d783df547b01d00f7210f,267,0xc37b607003aefca006737758ecd8ffd6e68b0305f040c4fbdb058afc5a074cf4,0x0000000000000000000000000000000000000000,0xbd7c6d2ede836b6b27c461799c4e9ecb8f4e8a66,0x66fd1b1e8b9e49a8e3897b2803c50674799c9afd,431777802.0,Alpha Vault,AV,18,178,243382,102477024046,210763,15294435,deprecated,1577051
309,13607378,2021-11-13 11:20:16,0x41ac79e5b8545dea42617079952a9c32a4d0c9fd0e31af2465c1d08f2aa33066,347,0xded511504b6f2603f61379ebb31261ae6e6cb5629d676e1fd2c0fba7b86bad8d,0x66fd1b1e8b9e49a8e3897b2803c50674799c9afd,0xdac17f958d2ee523a2206206994597c13d831ec7,0x9008d19f58aabd9ed0d60971565aa8510560ab41,5010000000.0,Tether USD,USDT,6,4,1269823,131767778623,1038024,1585652,deprecated,1576378
310,13696564,2021-11-27 14:27:10,0xf037433b603f036c454067240187a5064854fb189e9027386bbfa73aa5425152,270,0x5aacbde8eb1e219152c2f67dcc62f8e2dceb0c98c3d1b854cc3531bd37f3bbd7,0xf98450b5602fa59cc66e1379dffb6fddc724cfc4,0x4f3e8f405cf5afc05d68142f3783bdfe13811522,0x66fd1b1e8b9e49a8e3897b2803c50674799c9afd,5.0356471918264645e+22,Curve.fi USDN/3Crv,usdn3CRV,18,146,569125,81397682564,347716,11961078,deprecated,1487192
311,13696688,2021-11-27 14:54:53,0x9f487a0380494c49fe2491589de76ca53d7bd93e44ff0736007fa14c180d89df,272,0x5f3284afbcbbb5b37af0d7afeccbd4ef3a77f4a9667591653913a2d757b3f0a0,0x66fd1b1e8b9e49a8e3897b2803c50674799c9afd,0x4f3e8f405cf5afc05d68142f3783bdfe13811522,0x094d12e5b541784701fd8d65f11fc0598fbc6332,5.0356471918264645e+22,Curve.fi USDN/3Crv,usdn3CRV,18,203,519929,80000000000,297103,18820089,deprecated,1487068
312,13696688,2021-11-27 14:54:53,0x9f487a0380494c49fe2491589de76ca53d7bd93e44ff0736007fa14c180d89df,272,0x5f3284afbcbbb5b37af0d7afeccbd4ef3a77f4a9667591653913a2d757b3f0a0,0x094d12e5b541784701fd8d65f11fc0598fbc6332,0x6b175474e89094c44da98b954eedeac495271d0f,0x66fd1b1e8b9e49a8e3897b2803c50674799c9afd,5.2208780440278145e+22,Dai Stablecoin,DAI,18,203,519929,80000000000,297103,18820089,deprecated,1487068
313,13696766,2021-11-27 15:14:01,0x08ffd77bb48b5ae1356e1b697be7058de36ba27a22ccb2461978cc4fcdfa9cbe,273,0xae84dd23f31ae23e586fb9a0669bb20afc0a90236479ac6e058741623e695f00,0x0000000000000000000000000000000000000000,0xd533a949740bb3306d119cc777fa900ba034cd52,0x66fd1b1e8b9e49a8e3897b2803c50674799c9afd,1.8715010096146815e+20,Curve DAO Token,CRV,18,168,549196,82934057158,360657,17420434,deprecated,1486990
314,13701813,2021-11-28 10:13:45,0x9933d690373efb21cb2223166eaa41f9661efd5670358da9afa921d8c226cc44,274,0x9a5330f08a33deb2da44ff4ef7d451e2f2289ac59b438eef753780556cd728bd,0x66fd1b1e8b9e49a8e3897b2803c50674799c9afd,0xd533a949740bb3306d119cc777fa900ba034cd52,0x31ecb0819346edd4ac31e2c3adacd6629e411a78,1.8715010096146815e+20,Curve DAO Token,CRV,18,329,77023,67678649330,46549,21269933,deprecated,1481943
315,13760021,2021-12-07 18:08:32,0x5a852fff6f5a5aa44367db816bc4057cb82385333cca662f597633dacb273923,278,0x91df744df76b4329a0af136d790b0f4c5e5cd0893f6ae6d18271dd573f903877,0x66fd1b1e8b9e49a8e3897b2803c50674799c9afd,0x6b175474e89094c44da98b954eedeac495271d0f,0xabea9132b05a70803a4e85094fd0e1800777fbef,2e+20,Dai Stablecoin,DAI,18,198,140000,70320766062,103016,17027065,deprecated,1423735
316,13769844,2021-12-09 07:47:32,0xb1e636211e6f5b5d0837599b3c7266def578115ed84df396e5c3344d65139b59,1010,0x58500077c15f2f441361fbc71309955975beafe68c6a4d40a8aa9664581ba5e2,0x66fd1b1e8b9e49a8e3897b2803c50674799c9afd,0x6b175474e89094c44da98b954eedeac495271d0f,0x9008d19f58aabd9ed0d60971565aa8510560ab41,1.1e+21,Dai Stablecoin,DAI,18,34,258097,83841188437,137245,1276112,deprecated,1413912
317,13771482,2021-12-09 14:10:03,0xef72c6afe29e4533cf8dd6f9acf557d5ad170efa9d441e347115bc70f7d869cf,886,0x4c34d822ade0dd616673d99ca99426eccb6aa43a160c6acd7d72c6ed16879f5a,0x0000000000000000000000000000000000000000,0x446e028f972306b5a2c36e81d3d088af260132b3,0x66fd1b1e8b9e49a8e3897b2803c50674799c9afd,5000000.0,pSTAKE Pegged ATOM,pATOM,6,66,500000,79604496039,93195,4589947,deprecated,1412274
318,13771544,2021-12-09 14:26:40,0x9d7de7fb9e5fbb8e1f8086290dbffbc1c510e3022a0b3b4490f6cb8a5e9d17bc,280,0x43e06401c3c54780f16c085443ebb5eb39ffd168b5f74dde771f2426b5162d4e,0x66fd1b1e8b9e49a8e3897b2803c50674799c9afd,0x446e028f972306b5a2c36e81d3d088af260132b3,0x0000000000000000000000000000000000000000,5000000.0,pSTAKE Pegged ATOM,pATOM,6,99,224530,73288588041,141138,7015752,deprecated,1412212
319,13771544,2021-12-09 14:26:40,0x9d7de7fb9e5fbb8e1f8086290dbffbc1c510e3022a0b3b4490f6cb8a5e9d17bc,280,0x43e06401c3c54780f16c085443ebb5eb39ffd168b5f74dde771f2426b5162d4e,0x0000000000000000000000000000000000000000,0x44017598f2af1bd733f9d87b5017b4e7c1b28dde,0x66fd1b1e8b9e49a8e3897b2803c50674799c9afd,5000000.0,pSTAKE Staked ATOM,stkATOM,6,99,224530,73288588041,141138,7015752,deprecated,1412212
320,13811320,2021-12-15 18:19:36,0x988c0eb2cc66238f3f81bdf3afec70396e071de16217f7cd853a51ba9221340d,284,0x5da1190a9cf7b277d5f34dec5150d499410738853a407f2d7cea7468f7115f62,0xc57ac421d34d67252c71bc0bd18ea63a694b89f4,0x44709a920fccf795fbc57baa433cc3dd53c44dbe,0x66fd1b1e8b9e49a8e3897b2803c50674799c9afd,5.798e+21,DappRadar,RADAR,18,145,154497,95000000000,98012,8162110,deprecated,1372436
321,13816443,2021-12-16 13:27:42,0x836b6390d28cd4b1f95d9d96788c765aeb2d87804d03c2093e1b7862380f28f6,3523,0xbfcb776b52e92531e0f4c333c0ed4916064c31789c8d9f9ee00d0c994bd76a08,0x66fd1b1e8b9e49a8e3897b2803c50674799c9afd,0x6b175474e89094c44da98b954eedeac495271d0f,0x9008d19f58aabd9ed0d60971565aa8510560ab41,1.6e+21,Dai Stablecoin,DAI,18,3,748129,76854608130,610879,1237340,deprecated,1367313
322,13817781,2021-12-16 18:23:46,0xdd5f353dba261fc3e427a2d52d9a83a6efa25119e216da8dde8c9d32b51f3b14,285,0xb38787522a0996aa773bcd5cb453a160efbaba5361d9c090b4f78dcbb3bf293a,0x7b1aaf21ac0d420666b5966338ff9aee763c29df,0xba3335588d9403515223f109edc4eb7269a9ab5d,0x66fd1b1e8b9e49a8e3897b2803c50674799c9afd,1e+23,Gearbox,GEAR,18,119,2292231,125000000000,2254188,15414887,deprecated,1365975
323,13836667,2021-12-19 16:21:26,0xfa6557abf0645fba15ec740ffb8bbd93cfb251cbf26dc3c7498ab7caa48d7e64,527,0x0d1c95ca1eb7224e974c0ad5008b5bda9d984d03b8c4704e1f8b264f1d253fa4,0xf9d25eb4c75ed744596392cf89074afaa43614a8,0xf9d25eb4c75ed744596392cf89074afaa43614a8,0x66fd1b1e8b9e49a8e3897b2803c50674799c9afd,1.13054e+23,Up1.org,Up1.org,18,261,600733,58601391171,546121,21497392,deprecated,1347089
324,13882828,2021-12-26 19:59:32,0x731a1dfac9e9002186720474bd99760ef68a4e76c3374ec0997c54c5a52b616c,290,0xc8c4a1a69e860a764a406d56e5983972d2a36f708f4d3f8a5702d95f728df3ce,0x66fd1b1e8b9e49a8e3897b2803c50674799c9afd,0xdac17f958d2ee523a2206206994597c13d831ec7,0xa344eaf353b7a32fc60c947583ccb5e5481a65ae,550000000.0,Tether USD,USDT,6,251,96786,53801307271,95968,17059598,deprecated,1300928
325,13887162,2021-12-27 11:58:34,0x01feb4009b4eb0f50f311676c5a22cf5412e27879ca5d1ad216d395a2c598033,294,0x3524d93ee1813a603e33875c4008500d0c573dc5745ba2752ac633131d2030ef,0x66fd1b1e8b9e49a8e3897b2803c50674799c9afd,0xdac17f958d2ee523a2206206994597c13d831ec7,0x27182842e098f60e3d576794a5bffb0777e025d3,500000000.0,Tether USD,USDT,6,141,367805,49543792928,187200,5507210,deprecated,1296594
326,13887162,2021-12-27 11:58:34,0x01feb4009b4eb0f50f311676c5a22cf5412e27879ca5d1ad216d395a2c598033,294,0x3524d93ee1813a603e33875c4008500d0c573dc5745ba2752ac633131d2030ef,0x0000000000000000000000000000000000000000,0x4d19f33948b99800b6113ff3e83bec9b537c85d2,0x66fd1b1e8b9e49a8e3897b2803c50674799c9afd,4.9999885924857584e+20,Euler Pool: Tether USD,eUSDT,18,141,367805,49543792928,187200,5507210,deprecated,1296594
327,13887176,2021-12-27 12:01:25,0x9a56742d313ce599ef176d872dfd23620d38785efef6a3397a679ebf9f31a107,295,0x2e9c0a46904a1fd5cd64976e6be6b58d76e01185c182e2f662360d0b3a05e8fd,0x66fd1b1e8b9e49a8e3897b2803c50674799c9afd,0xa0b86991c6218b36c1d19d4a2e9eb0ce3606eb48,0x80142add3a597b1ed1de392a56b2cef3d8302797,500000000.0,USD Coin,USDC,6,213,270169,50992120145,204158,16786690,deprecated,1296580
328,13887176,2021-12-27 12:01:25,0x9a56742d313ce599ef176d872dfd23620d38785efef6a3397a679ebf9f31a107,295,0x2e9c0a46904a1fd5cd64976e6be6b58d76e01185c182e2f662360d0b3a05e8fd,0x80142add3a597b1ed1de392a56b2cef3d8302797,0x33c4f1a98cf0f540d8a1f6119129337ec5973e29,0x66fd1b1e8b9e49a8e3897b2803c50674799c9afd,503151383.0,FYUSDC Mar 22,FYUSDC2203,6,213,270169,50992120145,204158,16786690,deprecated,1296580
329,13892801,2021-12-28 09:03:06,0x47206fc46a2d3bc18806b2425ed6b6e382a7112f8d351735d3b84fc211918e25,297,0x28b0f8c20031b629bfe1471714b0348d3f5b968c3bbc5c33b967261f2e939169,0x66fd1b1e8b9e49a8e3897b2803c50674799c9afd,0x6b175474e89094c44da98b954eedeac495271d0f,0x27182842e098f60e3d576794a5bffb0777e025d3,5.11e+20,Dai Stablecoin,DAI,18,217,363829,50838696762,184332,21125475,deprecated,1290955
330,13892801,2021-12-28 09:03:06,0x47206fc46a2d3bc18806b2425ed6b6e382a7112f8d351735d3b84fc211918e25,297,0x28b0f8c20031b629bfe1471714b0348d3f5b968c3bbc5c33b967261f2e939169,0x0000000000000000000000000000000000000000,0xe025e3ca2be02316033184551d4d3aa22024d9dc,0x66fd1b1e8b9e49a8e3897b2803c50674799c9afd,5.107159826018671e+20,Euler Pool: Dai Stablecoin,eDAI,18,217,363829,50838696762,184332,21125475,deprecated,1290955
331,13892839,2021-12-28 09:11:44,0xa597d400ee8803d930fe18907dae165df071ba8ee3fc5817514ec9a5ab96d742,298,0x1923e44c328cc89837ff01178b029a30973b1eb6f7def737f3ae3da27f6faccc,0x0000000000000000000000000000000000000000,0x241357313e802e16eeb9380f2b027224e90b56dd,0x66fd1b1e8b9e49a8e3897b2803c50674799c9afd,5.039255030391319e+24,MaskDAO,MASK,18,137,80428,53234342751,80428,11632129,deprecated,1290917
332,13892864,2021-12-28 09:16:52,0xad84c168db29a94746808bee52e87d4e54de54f4015fd8dfaa0646ee8bd9aeb9,299,0x3bc78f9d97d98a9c1374fe270ac0d848a31247b4933214a208def6d537132e76,0x27182842e098f60e3d576794a5bffb0777e025d3,0x2260fac5e5542a773aa44fbcfedf7c193bc2c599,0x66fd1b1e8b9e49a8e3897b2803c50674799c9afd,150000.0,Wrapped BTC,WBTC,8,33,655208,49691063661,348823,3186291,deprecated,1290892
333,13892864,2021-12-28 09:16:52,0xad84c168db29a94746808bee52e87d4e54de54f4015fd8dfaa0646ee8bd9aeb9,299,0x3bc78f9d97d98a9c1374fe270ac0d848a31247b4933214a208def6d537132e76,0x0000000000000000000000000000000000000000,0x36c4a49f624342225ba45fcfc2e1a4bcbcdce557,0x66fd1b1e8b9e49a8e3897b2803c50674799c9afd,1500000000000000.0,Euler Debt: Wrapped BTC,dWBTC,18,33,655208,49691063661,348823,3186291,deprecated,1290892
334,13892927,2021-12-28 09:30:04,0xb603eaadee336519758a7b961c2c4d26bb4855a5beae6327e58343130886c315,302,0x7f2b29b44b8582acad93b312d2a35de300be7d2abd1e896ebf1e371c7ec2f798,0x66fd1b1e8b9e49a8e3897b2803c50674799c9afd,0x2260fac5e5542a773aa44fbcfedf7c193bc2c599,0xba12222222228d8ba445958a75a0704d566bf2c8,150000.0,Wrapped BTC,WBTC,8,184,133978,48006567923,129081,27989638,deprecated,1290829
335,13892927,2021-12-28 09:30:04,0xb603eaadee336519758a7b961c2c4d26bb4855a5beae6327e58343130886c315,302,0x7f2b29b44b8582acad93b312d2a35de300be7d2abd1e896ebf1e371c7ec2f798,0xba12222222228d8ba445958a75a0704d566bf2c8,0x49e9e169f0b661ea0a883f490564f4cc275123ed,0x66fd1b1e8b9e49a8e3897b2803c50674799c9afd,151136.0,Element Principal Token yvWBTC-29APR22,ePyvWBTC-29APR22,8,184,133978,48006567923,129081,27989638,deprecated,1290829
336,13911793,2021-12-31 07:28:20,0xa3cb1999a11cd819339f1ec9cda3f742902bac2de863e387ac6e1fd7b1b1c178,304,0x815db21a4a9cb749bdbfb19752d20b9792c899ed8ecd1cc3fdf04160307f0752,0xfe9a776154f30281517d4f06578591911906f4e1,0xfb782396c9b20e564a64896181c7ac8d8979d5f4,0x66fd1b1e8b9e49a8e3897b2803c50674799c9afd,3.5e+20,DivergenceProtocol,DIVER,18,150,271633,73434865132,199048,8055495,deprecated,1271963
337,13986343,2022-01-11 20:16:58,0x253453f5e9bead7a827470e7f962ff4aa07624e87e0f4d8b158e2c22fce91499,307,0x0cd9b6dba409dca9ca0820aec7cce93e5c5194c0a0b9ec1c8f91a5473d8773e9,0x7766e86584069cf5d1223323d89486e95d9a8c22,0xdab396ccf3d84cf2d07c4454e10c8a6f5b008d2b,0x66fd1b1e8b9e49a8e3897b2803c50674799c9afd,9.115288756154571e+20,Goldfinch,GFI,18,54,134608,146603547043,88914,3888815,deprecated,1197413
338,13986892,2022-01-11 22:17:14,0xac5345688984e086c6e525340352da2b9a00bf937d40d1264bf14044a8a7fb3e,201,0x6a498cdc28fb338d0d11ee6438ebe049c644eb9431360ba945d269b41fabeb85,0x2057cfb9fd11837d61b294d514c5bd03e5e7189a,0xa0b86991c6218b36c1d19d4a2e9eb0ce3606eb48,0x66fd1b1e8b9e49a8e3897b2803c50674799c9afd,3225984644.0,USD Coin,USDC,6,353,470674,203420480643,329746,22475896,deprecated,1196864
339,13986892,2022-01-11 22:17:14,0xac5345688984e086c6e525340352da2b9a00bf937d40d1264bf14044a8a7fb3e,201,0x6a498cdc28fb338d0d11ee6438ebe049c644eb9431360ba945d269b41fabeb85,0x66fd1b1e8b9e49a8e3897b2803c50674799c9afd,0xdab396ccf3d84cf2d07c4454e10c8a6f5b008d2b,0x2057cfb9fd11837d61b294d514c5bd03e5e7189a,2.4815266492309665e+20,Goldfinch,GFI,18,353,470674,203420480643,329746,22475896,deprecated,1196864
340,13986895,2022-01-11 22:19:00,0x385fd554fc3b06b8d39d3555bd142bcfe0ab47b6126fccf775c49c1432f3e196,6940,0x8f75e427903f7d5c86dd328c4073157f7557537805f121a68ecd09ab63f2de35,0x2057cfb9fd11837d61b294d514c5bd03e5e7189a,0xa0b86991c6218b36c1d19d4a2e9eb0ce3606eb48,0x66fd1b1e8b9e49a8e3897b2803c50674799c9afd,8320000000.0,USD Coin,USDC,6,0,1293958,299248906070,906345,906345,deprecated,1196861
341,13986895,2022-01-11 22:19:00,0x385fd554fc3b06b8d39d3555bd142bcfe0ab47b6126fccf775c49c1432f3e196,6940,0x8f75e427903f7d5c86dd328c4073157f7557537805f121a68ecd09ab63f2de35,0x66fd1b1e8b9e49a8e3897b2803c50674799c9afd,0xdab396ccf3d84cf2d07c4454e10c8a6f5b008d2b,0x2057cfb9fd11837d61b294d514c5bd03e5e7189a,6.400000000000509e+20,Goldfinch,GFI,18,0,1293958,299248906070,906345,906345,deprecated,1196861
342,13997374,2022-01-13 13:17:54,0xd372f134bbde53c4603bd0602a7b59f0f318c066b20e76bf1ff3c6d1b6f0f08d,1404,0x7374c1a57f5ba6e25a68fdce78fe281ca3e9b922feaa5159c3a2ed16ac44975d,0x220bda5c8994804ac96ebe4df184d25e5c2196d4,0xa0b86991c6218b36c1d19d4a2e9eb0ce3606eb48,0x66fd1b1e8b9e49a8e3897b2803c50674799c9afd,280021607.0,USD Coin,USDC,6,25,3225297,129782152996,1752198,3069595,deprecated,1186382
343,13997374,2022-01-13 13:17:54,0xd372f134bbde53c4603bd0602a7b59f0f318c066b20e76bf1ff3c6d1b6f0f08d,1404,0x7374c1a57f5ba6e25a68fdce78fe281ca3e9b922feaa5159c3a2ed16ac44975d,0x66fd1b1e8b9e49a8e3897b2803c50674799c9afd,0xdab396ccf3d84cf2d07c4454e10c8a6f5b008d2b,0x220bda5c8994804ac96ebe4df184d25e5c2196d4,2.154012361538633e+19,Goldfinch,GFI,18,25,3225297,129782152996,1752198,3069595,deprecated,1186382
344,14010541,2022-01-15 14:25:11,0x6fc9be2a2ab9d4b59459287ac79ded10d9282cb97d623e4d7eb6660011bfad74,311,0x985ffefda25201ffb4c42efd5af50be59e3aee3ba789662de04788f4fbe856a5,0x66fd1b1e8b9e49a8e3897b2803c50674799c9afd,0x6b175474e89094c44da98b954eedeac495271d0f,0xba12222222228d8ba445958a75a0704d566bf2c8,1.01e+21,Dai Stablecoin,DAI,18,73,131822,77548436699,126925,9123432,deprecated,1173215
345,14010541,2022-01-15 14:25:11,0x6fc9be2a2ab9d4b59459287ac79ded10d9282cb97d623e4d7eb6660011bfad74,311,0x985ffefda25201ffb4c42efd5af50be59e3aee3ba789662de04788f4fbe856a5,0xba12222222228d8ba445958a75a0704d566bf2c8,0x2c72692e94e757679289ac85d3556b2c0f717e0e,0x66fd1b1e8b9e49a8e3897b2803c50674799c9afd,1.0176813197148906e+21,Element Principal Token yvDAI-29APR22,ePyvDAI-29APR22,18,73,131822,77548436699,126925,9123432,deprecated,1173215
346,14022805,2022-01-17 11:38:19,0x71490f9579abb3ea0ef4865d4a696eb74b7edfc931754ac5b31f9f406432e226,2071,0x20c44363a2345ad8e4a44512da7e2e455449c31aa1efc7352187b146025c5ee8,0x66fd1b1e8b9e49a8e3897b2803c50674799c9afd,0xdac17f958d2ee523a2206206994597c13d831ec7,0x9008d19f58aabd9ed0d60971565aa8510560ab41,682221872.0,Tether USD,USDT,6,4,585964,116318914642,451826,1074366,deprecated,1160951
347,14022805,2022-01-17 11:38:19,0x71490f9579abb3ea0ef4865d4a696eb74b7edfc931754ac5b31f9f406432e226,2071,0x20c44363a2345ad8e4a44512da7e2e455449c31aa1efc7352187b146025c5ee8,0x9008d19f58aabd9ed0d60971565aa8510560ab41,0x41d5d79431a913c4ae7d69a668ecdfe5ff9dfb68,0x66fd1b1e8b9e49a8e3897b2803c50674799c9afd,1.05e+18,Inverse DAO,INV,18,4,585964,116318914642,451826,1074366,deprecated,1160951
348,14022889,2022-01-17 11:56:49,0x0b81def25090bf8dbd885b0bbe08cda0930c5f49d966aa44cfcb3584501f8ebd,18,0xa799fe0894344ca60dec97447a1eca35dde6725a198c240d64fb1032df3ca720,0x1a0f6d7731e26b9de1f37af4935b78990fbb90b4,0x2e9d63788249371f1dfc918a52f8d799f4a38c94,0x66fd1b1e8b9e49a8e3897b2803c50674799c9afd,1e+18,Tokemak,TOKE,18,108,80697,73125171558,53798,9114388,deprecated,1160867
349,14023751,2022-01-17 15:06:59,0xf91722daffc3d0602f7c1dcc32f3bb9cf8cd4abf590e03204c38d2c2d27953dc,313,0xa66cc52bf7520aa67b11ed223c0ef599a77d97ac03876ef398a5fdb2eba8d732,0x66fd1b1e8b9e49a8e3897b2803c50674799c9afd,0x6b175474e89094c44da98b954eedeac495271d0f,0xe78388b4ce79068e89bf8aa7f218ef6b9ab0e9d0,1e+22,Dai Stablecoin,DAI,18,193,34730,101798039720,34730,11176552,deprecated,1160005
350,14047980,2022-01-21 08:54:20,0x9652bfe4ea5dff4bb98f19756f6ca860609d929e8b604ab6f2d33219306a0203,315,0xb5afde697b77104ddbd58cf6ece8baeec442c31eb4020709093f97a7f3b1602e,0x66fd1b1e8b9e49a8e3897b2803c50674799c9afd,0x6b175474e89094c44da98b954eedeac495271d0f,0x8f26d7bab7a73309141a291525c965ecdea7bf42,6e+21,Dai Stablecoin,DAI,18,265,275121,70551951338,178493,14012831,deprecated,1135776
351,14047980,2022-01-21 08:54:20,0x9652bfe4ea5dff4bb98f19756f6ca860609d929e8b604ab6f2d33219306a0203,315,0xb5afde697b77104ddbd58cf6ece8baeec442c31eb4020709093f97a7f3b1602e,0x0000000000000000000000000000000000000000,0x8f26d7bab7a73309141a291525c965ecdea7bf42,0x66fd1b1e8b9e49a8e3897b2803c50674799c9afd,5.891686213383366e+21,Shells,SHL,18,265,275121,70551951338,178493,14012831,deprecated,1135776
352,14089284,2022-01-27 18:19:04,0xe5990389884811b3efbfc156fef16e6743f6f4f34dd23c5dea73e0d04e517152,39,0x327983726889a77cbe96a0fa67e053f062b6f57d36c9655bd63e68825195fbde,0x7eba8a9cacb4bfbf7e1258b402a8e7aa004ed9fd,0xc02aaa39b223fe8d0a0e5c4f27ead9083c756cc2,0x66fd1b1e8b9e49a8e3897b2803c50674799c9afd,2.730379188712522e+17,Wrapped Ether,WETH,18,8,13407673,198535458246,11913595,15088580,deprecated,1094472
353,14153891,2022-02-06 17:29:37,0xa4997d7b759b8a929e22b16f82ea9bb0eabbb892a970233ea92c380385bfcb2e,318,0xb517d22c3ee839e7bb45617b3ca3fa321291d6131d6d7f50a9fbc9008f5eec65,0x66fd1b1e8b9e49a8e3897b2803c50674799c9afd,0x6b175474e89094c44da98b954eedeac495271d0f,0x226e7af139a0f34c6771deb252f9988876ac1ced,1e+21,Dai Stablecoin,DAI,18,172,148049,120000000000,143249,11046684,deprecated,1029865
354,14153891,2022-02-06 17:29:37,0xa4997d7b759b8a929e22b16f82ea9bb0eabbb892a970233ea92c380385bfcb2e,318,0xb517d22c3ee839e7bb45617b3ca3fa321291d6131d6d7f50a9fbc9008f5eec65,0x0000000000000000000000000000000000000000,0x6ff0106d34feee8a8acf2e7b9168480f86b82e2f,0x66fd1b1e8b9e49a8e3897b2803c50674799c9afd,2e+19,Concave A Token (aCNV),aCNV,18,172,148049,120000000000,143249,11046684,deprecated,1029865
355,14177998,2022-02-10 11:09:41,0x97ba65ad7dcb13d924457affd6001a2259a3b5f0309392e91e794176a6930c90,319,0x4c696b60afe43c5a8afa6e63581c35745fcaf20a68029905718ac76869e1a495,0xa464e6dcda8ac41e03616f95f4bc98a13b8922dc,0x6c3f90f043a72fa612cbac8115ee7e52bde6e490,0x66fd1b1e8b9e49a8e3897b2803c50674799c9afd,1.6283964765617956e+20,Curve.fi DAI/USDC/USDT,3Crv,18,80,545617,53067800745,341650,5033346,deprecated,1005758
356,14178028,2022-02-10 11:17:06,0x92abbddb1867a3f0f149cadfdb04ae13896b31fadea32165f71937ffbfd27809,3187384,0x465db02d9773c4b5ee36d989e689f9a9b04130b1b884adc7cebdd5d57dd643f6,0x2faf487a4414fe77e2327f0bf4ae2a264a776ad2,0xd533a949740bb3306d119cc777fa900ba034cd52,0x66fd1b1e8b9e49a8e3897b2803c50674799c9afd,5.1e+19,Curve DAO Token,CRV,18,190,79590,55337851325,51325,13489090,deprecated,1005728
357,14178076,2022-02-10 11:29:50,0x3e114fd9ccdc8002a0ff6c2e25431bbcc61046dce8a7726211e22690341bf5b8,322,0x1d5939d9ac8d2087dc6517da5128d5d4fa5c3057b6580b29f93f9f076f1b2710,0x66fd1b1e8b9e49a8e3897b2803c50674799c9afd,0xd533a949740bb3306d119cc777fa900ba034cd52,0x5f3b5dfeb7b28cdbd7faba78963ee202a494e2a2,5.1e+19,Curve DAO Token,CRV,18,45,600000,52000000000,267932,3981501,deprecated,1005680
358,14183978,2022-02-11 09:40:54,0x6345b36b209dd822c49eb74761b380c78224f470ad612fbf22efb2005df4a65a,323,0x321ede204af37180dc390c9a361cc3bff64777fa007441634356c8db84e6ca6a,0x66fd1b1e8b9e49a8e3897b2803c50674799c9afd,0x6b175474e89094c44da98b954eedeac495271d0f,0x60a26d69263ef43e9a68964ba141263f19d71d51,1e+19,Dai Stablecoin,DAI,18,193,245073,43866689790,206503,9121331,deprecated,999778
359,14183978,2022-02-11 09:40:54,0x6345b36b209dd822c49eb74761b380c78224f470ad612fbf22efb2005df4a65a,323,0x321ede204af37180dc390c9a361cc3bff64777fa007441634356c8db84e6ca6a,0x23bfedb92a5e5b8571650c975f9553c1113e75cb,0xe5feeac09d36b18b3fa757e5cf3f8da6b8e27f4c,0x66fd1b1e8b9e49a8e3897b2803c50674799c9afd,4374746799469513.0,NFT INDEX,NFTI,18,193,245073,43866689790,206503,9121331,deprecated,999778
360,14183989,2022-02-11 09:43:29,0x0d36598a995cdfcde759faedc0edd05cd51d03d60761c67f8b67f3945c09e306,325,0x5396e1a7d5a42f1e6f2bdbd6e4756a51c1c654db42d64ddfd9f63a4efb51bb40,0x66fd1b1e8b9e49a8e3897b2803c50674799c9afd,0xe5feeac09d36b18b3fa757e5cf3f8da6b8e27f4c,0x0c6d898ac945e493d25751ea43be2c8beb881d8c,4374746799469513.0,NFT INDEX,NFTI,18,74,89071,40352564262,84271,6180703,deprecated,999767
361,14184071,2022-02-11 10:02:39,0xcdbb9ae41f0d359f29e525218fcc9c68f63e57ec2b3a151737c700e5b3e36f61,331,0x8f26f0313992a7e791c19e72e79dfae41252ea6c7df591d6152a1b5e0ec865a0,0x66fd1b1e8b9e49a8e3897b2803c50674799c9afd,0x6b175474e89094c44da98b954eedeac495271d0f,0x220bda5c8994804ac96ebe4df184d25e5c2196d4,5e+18,Dai Stablecoin,DAI,18,212,314349,41000000000,218618,19304855,deprecated,999685
362,14184071,2022-02-11 10:02:39,0xcdbb9ae41f0d359f29e525218fcc9c68f63e57ec2b3a151737c700e5b3e36f61,331,0x8f26f0313992a7e791c19e72e79dfae41252ea6c7df591d6152a1b5e0ec865a0,0x1111111254fb6c44bac0bed2854e76f90643097d,0x0327112423f3a68efdf1fcf402f6c5cb9f7c33fd,0x66fd1b1e8b9e49a8e3897b2803c50674799c9afd,69842058477541.0,PieDAO BTC++,BTC++,18,212,314349,41000000000,218618,19304855,deprecated,999685
363,14184080,2022-02-11 10:04:06,0x5c3c6046dd1f6d4ed172fab0a1305c2cd342e691c4eaa11a7cda4b5a9402d077,333,0x27352e2e1078571156e9287592c0d11a3f2d1b19570bfbfa1554396b3e4ab5c2,0x66fd1b1e8b9e49a8e3897b2803c50674799c9afd,0x0327112423f3a68efdf1fcf402f6c5cb9f7c33fd,0x0c6d898ac945e493d25751ea43be2c8beb881d8c,69842058477541.0,PieDAO BTC++,BTC++,18,143,97438,41698086128,87838,10392185,deprecated,999676
364,14184086,2022-02-11 10:05:10,0x2182d02d435cd7aba3d7a5b10442a4203874fc0b2a38a36a6884937dc8c4a0f0,335,0x22b9feff422f72c0fa468741b30fc364afb30cb2827d6b05550f7a629ac9a14d,0x66fd1b1e8b9e49a8e3897b2803c50674799c9afd,0x6b175474e89094c44da98b954eedeac495271d0f,0x60a26d69263ef43e9a68964ba141263f19d71d51,5e+18,Dai Stablecoin,DAI,18,231,208820,40109794491,170193,13177021,deprecated,999670
365,14184086,2022-02-11 10:05:10,0x2182d02d435cd7aba3d7a5b10442a4203874fc0b2a38a36a6884937dc8c4a0f0,335,0x22b9feff422f72c0fa468741b30fc364afb30cb2827d6b05550f7a629ac9a14d,0x04e02423299c2c56c451ceb125779cfa0f7ac6bc,0x26607ac599266b21d13c7acf7942c7701a8b699c,0x66fd1b1e8b9e49a8e3897b2803c50674799c9afd,2.436631394327721e+18,Power Index Pool Token,PIPT,18,231,208820,40109794491,170193,13177021,deprecated,999670
366,14184095,2022-02-11 10:07:39,0x215651cf9d7ed1be054d77876f2f4b3c0cf526777ae2a537dd2cbc7cf2c8291b,337,0x0909ad5dff0a178441427c4074810daaefd0df971c8b401f57b8c9a00914d141,0x66fd1b1e8b9e49a8e3897b2803c50674799c9afd,0x26607ac599266b21d13c7acf7942c7701a8b699c,0x0c6d898ac945e493d25751ea43be2c8beb881d8c,2.436631394327721e+18,Power Index Pool Token,PIPT,18,64,89882,41140522962,80282,7711797,deprecated,999661
367,14184106,2022-02-11 10:10:14,0x50c19ff4a7b568bfcfcb57593b46a7d8968df86ff07af5ec1ec4f655c1f18124,340,0x297127d9be4418e4d4c983903ebc7d6168c23476d8186d89f1559a413f8d601f,0x66fd1b1e8b9e49a8e3897b2803c50674799c9afd,0x57ab1ec28d129707052df4df418d58a2d46d5f51,0xc9fe31dc3b060706ae307bffbecd74a74c6f6ddf,5e+18,Synth sUSD,sUSD,18,57,229398,40465512949,226341,3952326,deprecated,999650
368,14184106,2022-02-11 10:10:14,0x50c19ff4a7b568bfcfcb57593b46a7d8968df86ff07af5ec1ec4f655c1f18124,340,0x297127d9be4418e4d4c983903ebc7d6168c23476d8186d89f1559a413f8d601f,0xc9fe31dc3b060706ae307bffbecd74a74c6f6ddf,0x907feb27f8cc5b003db7e62dfc2f9b01ce3fadd6,0x66fd1b1e8b9e49a8e3897b2803c50674799c9afd,9.515515216593737e+17,Potato_Swap,DHPT,18,57,229398,40465512949,226341,3952326,deprecated,999650
369,14190704,2022-02-12 10:30:37,0xdb113f00a7d04905383bcbe235b173e7948aa6b5dd8ca2695020cfc82c32af6f,343,0xe35db4116cb02a0c8554a7b59985edd07c8e57f8bba1eb962f66466d9bd07638,0x66fd1b1e8b9e49a8e3897b2803c50674799c9afd,0x907feb27f8cc5b003db7e62dfc2f9b01ce3fadd6,0x0c6d898ac945e493d25751ea43be2c8beb881d8c,5e+17,Potato_Swap,DHPT,18,159,114550,33609643508,114550,14212034,deprecated,993052
370,14205227,2022-02-14 16:05:21,0xe2c0bfb8e4649b155e8be45311bef4d31c877f585b96d93e9a18202e39eb406a,10,0x48627e8346d6be1d7e90e10e85a304a7d9fca84a925e977e958194c5c05254c2,0xe7ad7d90639a565fe3a6f68a41ad0b095f631f39,0x9c80f6719018262edf780d0158a770ab99ede4f8,0x66fd1b1e8b9e49a8e3897b2803c50674799c9afd,5.445145073876059e+19,Concave DAO,CNV,18,36,4029199,84781733874,4029199,7037745,deprecated,978529
371,14268875,2022-02-24 12:41:51,0x12f6370924bcaa6f9e4b8401d00c192d6e96b6e6abf51873ac057cdd703dbf30,39,0x495bc12b3d5b9b68971807b75ee3bd15183c3d77826bddceaca6e542634a85f8,0xa5025faba6e70b84f74e9b1113e5f7f4e7f4859f,0xfb5c6815ca3ac72ce9f5006869ae67f18bf77006,0x66fd1b1e8b9e49a8e3897b2803c50674799c9afd,3.125e+20,pSTAKE Finance,PSTAKE,18,31,7120425,101964050705,6251985,13976890,deprecated,914881
372,14268898,2022-02-24 12:45:26,0xbd5ece6029f58e2ef9e5b4de04dd8ec3e0f60781b5425d29d298d844d3c71310,346,0x64680b594e51169fcba0ac162e4fb780da605c4daf7e0a0f63f6d6e9f8de5416,0x66fd1b1e8b9e49a8e3897b2803c50674799c9afd,0xfb5c6815ca3ac72ce9f5006869ae67f18bf77006,0xe2a4b0d8156bea22ab097c7c48e0dfef93a46864,3.125e+20,pSTAKE Finance,PSTAKE,18,154,61360,77298187211,36107,9231752,deprecated,914858
373,14275658,2022-02-25 13:58:30,0x5496db76674690c9fd432e1a5bf9ad1dad315c591db0a968d760c94caed8b84d,348,0xeab23efa1391b734add35711ca79c9c7c8fe77eaa50f7ff336bb9960d50c43db,0x8481a6ebaf5c7dabc3f7e09e44a89531fd31f822,0xa0b86991c6218b36c1d19d4a2e9eb0ce3606eb48,0x66fd1b1e8b9e49a8e3897b2803c50674799c9afd,1118334317.0,USD Coin,USDC,6,104,293433,31965221921,183313,12011450,deprecated,908098
374,14275658,2022-02-25 13:58:30,0x5496db76674690c9fd432e1a5bf9ad1dad315c591db0a968d760c94caed8b84d,348,0xeab23efa1391b734add35711ca79c9c7c8fe77eaa50f7ff336bb9960d50c43db,0x66fd1b1e8b9e49a8e3897b2803c50674799c9afd,0x6a445e9f40e0b97c92d0b8a3366cef1d67f700bf,0x0000000000000000000000000000000000000000,1.0711106307166865e+21,Fidu,FIDU,18,104,293433,31965221921,183313,12011450,deprecated,908098
375,14391826,2022-03-15 14:57:43,0x49115f6e5c105e54073dbbb0fada1ad47366048b7322e9d9a9b32f8b90682748,349,0x0c4f683149e9f690e74db19834119a4fdcd9bed4636cc093be25d2251f482983,0x525164a364f5eef4bf0ea8698ae46922f11386a2,0x30d20208d987713f46dfd34ef128bb16c404d10f,0x66fd1b1e8b9e49a8e3897b2803c50674799c9afd,2.222222222e+19,Stader,SD,18,313,80418,41234408825,80418,22501072,deprecated,791930
376,14391856,2022-03-15 15:04:22,0x92696a3dcdfc0047e16dd04ef98c73a9615c9cc48e6c3ecfdc0d51c9b005dd12,350,0xd6c52487027226be248f15be15a448de9d1a97668b62ed46bd685c82aab045d1,0x66fd1b1e8b9e49a8e3897b2803c50674799c9afd,0x30d20208d987713f46dfd34ef128bb16c404d10f,0x9e5cb9ef7bfc95f29596189d7ccc5513dc4e7f8a,2.222222222e+19,Stader,SD,18,323,59964,58940862168,35176,26351097,deprecated,791900
377,14403545,2022-03-17 10:41:24,0x03ff4ca71fc5c314570df3a115b3e56714614b41abe927b9dbbf8d006bff8774,351,0x48dc22b132faf8e2ac0fb19363c3e582839b04a0c32e614b8fccb99ae803edf3,0x0000000000000000000000000000000000000000,0x446e028f972306b5a2c36e81d3d088af260132b3,0x66fd1b1e8b9e49a8e3897b2803c50674799c9afd,124785.0,pSTAKE Pegged ATOM,pATOM,6,122,365232,16238957786,235375,9939511,deprecated,780211
378,14403545,2022-03-17 10:41:24,0x03ff4ca71fc5c314570df3a115b3e56714614b41abe927b9dbbf8d006bff8774,351,0x48dc22b132faf8e2ac0fb19363c3e582839b04a0c32e614b8fccb99ae803edf3,0x66fd1b1e8b9e49a8e3897b2803c50674799c9afd,0x44017598f2af1bd733f9d87b5017b4e7c1b28dde,0x0000000000000000000000000000000000000000,5000000.0,pSTAKE Staked ATOM,stkATOM,6,122,365232,16238957786,235375,9939511,deprecated,780211
379,14448406,2022-03-24 10:23:45,0xdfc71dedfe6836ea06b977f97ba231871c40ca4095ed576e20ca59b00ca99acc,90,0xb6da9f9508202afcc5108fe299003fd5ec5c13c6a24a30f147c7b082521baf32,0xf91a6b3b600989400fe2aa53693a24a916df1748,0xfb5c6815ca3ac72ce9f5006869ae67f18bf77006,0x66fd1b1e8b9e49a8e3897b2803c50674799c9afd,1.5625e+20,pSTAKE Finance,PSTAKE,18,97,5937346,22200000000,5920246,19565138,deprecated,735350
380,14448530,2022-03-24 10:50:39,0x573166332d63fb91ddd383c8dc9b849471e36452f4a9d837e5a4a45b1d7d2ddf,352,0x42072ae740cf6dc5d5599a57a0770e585096d91d365d269fa9073ed35d537dd7,0x66fd1b1e8b9e49a8e3897b2803c50674799c9afd,0xfb5c6815ca3ac72ce9f5006869ae67f18bf77006,0xe2a4b0d8156bea22ab097c7c48e0dfef93a46864,1.5625e+20,pSTAKE Finance,PSTAKE,18,177,61360,29087091211,36107,14481601,deprecated,735226
381,14476104,2022-03-28 17:55:53,0x54bd37270f8be40f9d710b2def1f84b4a3281ae45c5afbbcb792ff67d149d20e,353,0x19101d6e74dbcb36d6d4209c62374d1b5339e1b2feb2fb514d32dcadf67bd4dd,0x88ad09518695c6c3712ac10a214be5109a655671,0xdef1ca1fb7fbcdc777520aa7f396b4e015f497ab,0x66fd1b1e8b9e49a8e3897b2803c50674799c9afd,1.0294700636980503e+21,CoW Protocol Token,COW,18,334,307068,65270198040,243161,16558797,deprecated,707652
382,14476152,2022-03-28 18:04:19,0x7d655d9173087557f9bfb995af9c7d11d7d84a45d4e7ba670762318f9cdb426b,356,0xe4bfc181ec12e33ed1df439ea1e29f761c4a5065df3e646cb43f58589b638f88,0x66fd1b1e8b9e49a8e3897b2803c50674799c9afd,0xdef1ca1fb7fbcdc777520aa7f396b4e015f497ab,0x220bda5c8994804ac96ebe4df184d25e5c2196d4,1.029470063e+21,CoW Protocol Token,COW,18,116,544026,68877882128,378504,8417104,deprecated,707604
383,14476152,2022-03-28 18:04:19,0x7d655d9173087557f9bfb995af9c7d11d7d84a45d4e7ba670762318f9cdb426b,356,0xe4bfc181ec12e33ed1df439ea1e29f761c4a5065df3e646cb43f58589b638f88,0x1111111254fb6c44bac0bed2854e76f90643097d,0xdac17f958d2ee523a2206206994597c13d831ec7,0x66fd1b1e8b9e49a8e3897b2803c50674799c9afd,1600180961.0,Tether USD,USDT,6,116,544026,68877882128,378504,8417104,deprecated,707604
384,14497293,2022-04-01 00:55:16,0x0528d88a9eb1338027bbd0564d0e3fe8c58b3578caab260a3830d2abe91f0d10,13,0xae8a09c8296c82d83e54ecbe481ef3d6b40cbacf00d22d933e0e406d1b1b6b46,0x66fd1b1e8b9e49a8e3897b2803c50674799c9afd,0x39ddc0a04f0e1f2830f3f1fec414cd6e23168bee,0x6ff0106d34feee8a8acf2e7b9168480f86b82e2f,1e+18,Concave,CNV,18,11,2651413,40917266837,2651413,4051323,deprecated,686463
385,14499336,2022-04-01 08:43:18,0xc16c312b5ebac8bc4903c5b7967800558d088e317b37de95d8726d379bad986e,357,0x6316c97512cc76988467ea42b7788b2c024418a92c8a4532fa0318dca0f4edd9,0x38babedcb1f226b49b2089da0b84e52b6181ca59,0x000000007a58f5f58e697e51ab0357bc9e260a04,0x66fd1b1e8b9e49a8e3897b2803c50674799c9afd,2e+19,Concave,CNV,18,166,125506,42008320967,83671,18828879,deprecated,684420
386,14499865,2022-04-01 10:41:25,0xc03fde4ad7c11b89a0faccefb817b2c7533d5fbd07d33c186fcc52fc5be54444,358,0x6b35028d36357077d7456b17991826400f490e77234565bf45156dcfb08662da,0x66fd1b1e8b9e49a8e3897b2803c50674799c9afd,0x8a2228705ec979961f0e16df311debcf097a2766,0x0000000000000000000000000000000000000000,1006823999.0,Element Principal Token yvUSDC-28JAN22,ePyvUSDC-28JAN22,6,384,180995,29820891743,143469,25131693,deprecated,683891
387,14499865,2022-04-01 10:41:25,0xc03fde4ad7c11b89a0faccefb817b2c7533d5fbd07d33c186fcc52fc5be54444,358,0x6b35028d36357077d7456b17991826400f490e77234565bf45156dcfb08662da,0xdea04ffc66ecd7bf35782c70255852b34102c3b0,0xa0b86991c6218b36c1d19d4a2e9eb0ce3606eb48,0x66fd1b1e8b9e49a8e3897b2803c50674799c9afd,1006824052.0,USD Coin,USDC,6,384,180995,29820891743,143469,25131693,deprecated,683891
388,14506519,2022-04-02 11:38:34,0xe19ec88da051fac690b185f27f319b2fda85e1ba372bbe3c48488caf350c629b,1740994,0xe51a61e8dc5ba0dad4108df9c60e57475a7dd084a361db0d679753bb5a4ce69b,0xd1669ac6044269b59fa12c5822439f609ca54f41,0xdac17f958d2ee523a2206206994597c13d831ec7,0x66fd1b1e8b9e49a8e3897b2803c50674799c9afd,3097064855.0,Tether USD,USDT,6,222,199336,47130079902,98817,18952330,deprecated,677237
389,14507897,2022-04-02 16:50:23,0x61b18270075ef6ff3b8cfa06410e89792f56f718eed974119ac13190f802856f,359,0xa118c5521fc6a853af9dbc88d5cd979c3e9462182a1c728ed617eeafe64644bf,0x66fd1b1e8b9e49a8e3897b2803c50674799c9afd,0x41d5d79431a913c4ae7d69a668ecdfe5ff9dfb68,0x9379c119d3b84712d058cd5baec73d17f55321f4,1.05e+18,Inverse DAO,INV,18,111,89721,52000000000,55014,9452426,deprecated,675859
390,14534541,2022-04-06 20:45:48,0x6b34d2c453ca28c75c9c7ee2538a98f740afbc7a747be8aa0910046cca38a75a,364,0x58d9f0de02aa7352c206680298624ea36ac19fb3d8f9351780d4e36037e9f4a0,0x66fd1b1e8b9e49a8e3897b2803c50674799c9afd,0x000000007a58f5f58e697e51ab0357bc9e260a04,0x0311125b58d9602352cba5c925927ecb86a5905a,2e+19,Concave,CNV,18,62,244359,58753685022,174390,6948303,deprecated,649215
391,14534541,2022-04-06 20:45:48,0x6b34d2c453ca28c75c9c7ee2538a98f740afbc7a747be8aa0910046cca38a75a,364,0x58d9f0de02aa7352c206680298624ea36ac19fb3d8f9351780d4e36037e9f4a0,0x60594a405d53811d3bc4766596efd80fd545a270,0x6b175474e89094c44da98b954eedeac495271d0f,0x66fd1b1e8b9e49a8e3897b2803c50674799c9afd,1.276526389461081e+21,Dai Stablecoin,DAI,18,62,244359,58753685022,174390,6948303,deprecated,649215
392,14558949,2022-04-10 16:20:12,0x4dc2cbb74c025f20a7754128576fdb7c8ca895836825352b91a38e414c09f1dd,366,0xe1e37064fc1f8034b3ffc8607c8f404be4bdb563b35a1c2ff05c4d23890a13ae,0x66fd1b1e8b9e49a8e3897b2803c50674799c9afd,0xa0b86991c6218b36c1d19d4a2e9eb0ce3606eb48,0xe8a8700fafd46cbe81aa983d180fe2ee89d3e401,10000000000.0,USD Coin,USDC,6,178,161223,65000000000,153637,11096880,deprecated,624807
393,14558949,2022-04-10 16:20:12,0x4dc2cbb74c025f20a7754128576fdb7c8ca895836825352b91a38e414c09f1dd,366,0xe1e37064fc1f8034b3ffc8607c8f404be4bdb563b35a1c2ff05c4d23890a13ae,0x0000000000000000000000000000000000000000,0x22aee44fb012138ba489ac6f06f330eb3efaf347,0x66fd1b1e8b9e49a8e3897b2803c50674799c9afd,498408766736.0,ZCapital Stable Pool 3-USD Coin,ZCP-USDC,6,178,161223,65000000000,153637,11096880,deprecated,624807
394,14591444,2022-04-15 18:03:00,0xed61a8a39be3406461eb25d8c2ac0f48e11037923b549ef878af302edd354f60,367,0xeae0703b27074a5ba50176fe79bd0a3c9cd2383454161b291c85849c082ca19f,0x07751eed17f4217cdceed078322cd220236d3754,0x30d20208d987713f46dfd34ef128bb16c404d10f,0x66fd1b1e8b9e49a8e3897b2803c50674799c9afd,2.222222222222222e+19,Stader,SD,18,67,80446,48721576809,80446,4539644,deprecated,592312
395,14591450,2022-04-15 18:04:49,0xe4fb16c07b19667f76f8e5bd941cfd494f0cf55896b157d98648f32616b2735d,368,0xca0a2f99e8b279c68e1a26ae6174d3ecc18b538367ba312eb2f33093cc3cecc0,0x66fd1b1e8b9e49a8e3897b2803c50674799c9afd,0x30d20208d987713f46dfd34ef128bb16c404d10f,0xe2a4b0d8156bea22ab097c7c48e0dfef93a46864,2.222222222222222e+19,Stader,SD,18,109,59964,47620856031,35176,9445121,deprecated,592306
396,14595520,2022-04-16 09:24:06,0x4fe53796bee9ff61064b15160d6d2a4f62ab4806f4a4c7353100543d8094d2e9,4,0xedab907b6b6b50e2fc21a27325791ad452831ffa31095638e0f3dc1466851b6a,0x66fd1b1e8b9e49a8e3897b2803c50674799c9afd,0x6b175474e89094c44da98b954eedeac495271d0f,0x21770ab709f8e9903a063f40d5f295af2e3fbfad,5e+20,Dai Stablecoin,DAI,18,81,1026211,25726421543,872022,5278111,deprecated,588236
397,14599136,2022-04-16 22:54:06,0x40658f466a03515373fe8a70fa3bd7ed5d02ae4e272e11f26db10c4fece5ae2a,28,0xedeea5eb1b032382ff8d3c0cc16827f31f3209186e1eb7cfeb80f211678328e8,0x2580914176d1c549f1aa316f646bb595c81e16a5,0x6b175474e89094c44da98b954eedeac495271d0f,0x66fd1b1e8b9e49a8e3897b2803c50674799c9afd,5e+20,Dai Stablecoin,DAI,18,177,52077,19684573262,34718,18969184,deprecated,584620
398,14647720,2022-04-24 13:26:56,0x80eca65c52fcdb1fabce18c65dc4684f3d400c220b06b69e7fd36ee50f73b833,190,0x5d7c0deab85248b525596ee060158ea33adb6232898672dc05783e31cc739d5b,0xf91a6b3b600989400fe2aa53693a24a916df1748,0xfb5c6815ca3ac72ce9f5006869ae67f18bf77006,0x66fd1b1e8b9e49a8e3897b2803c50674799c9afd,1.5625e+20,pSTAKE Finance,PSTAKE,18,51,4740346,39000000000,4740346,15614844,deprecated,536036
399,14648197,2022-04-24 15:21:16,0xf2ff2608b6e98983a06ed4e6cbd0a994c0272fe4c43d000db4e59805ec8d4ab1,369,0x262b1d54066e752ad5af06d5f5ef9b7df2b07dabc0bf9c3c7b773ff6e2b55faa,0x66fd1b1e8b9e49a8e3897b2803c50674799c9afd,0xfb5c6815ca3ac72ce9f5006869ae67f18bf77006,0xc7a356543d6369a7d3086d85dcd155e9cd697ca2,1.5625e+20,pSTAKE Finance,PSTAKE,18,86,61360,39129442889,36107,5352479,deprecated,535559
400,14686161,2022-04-30 14:36:02,0x71a3b990ca934ec96b1343fb763f87f4e9fe94a307f4fddea2e08348bbd87a70,373,0x72aba2db4269c034199598c74239cce66feb0b4e2f044ada41335867ce4733a5,0x0000000000000000000000000000000000000000,0x0337fe811809a0aaf9b5d07945b39e473de4c46e,0x66fd1b1e8b9e49a8e3897b2803c50674799c9afd,1.0896635119367862e+19,Boot Finance,BOOT,18,378,304626,35703053858,304237,27984424,deprecated,497595
401,14717335,2022-05-05 12:47:53,0xf48c95c3d1a2a1e7b2ae3e5b16668dcfbcaee573df0e3914bf8f22f72cd3dd28,374,0x9db2e332b8e5add44359d4470ec520e46cff178d87cd5faf915d100d50ab823d,0x92e130d5ed0f14199edfa050071116ca60e99aa5,0x5faa989af96af85384b8a938c2ede4a7378d9875,0x66fd1b1e8b9e49a8e3897b2803c50674799c9afd,3.9e+20,Project Galaxy,GAL,18,20,75201,82721264024,75201,2933586,deprecated,466421
402,14717348,2022-05-05 12:50:33,0x85fd3ef59bca99142dae01d5555d40dff3e11995025aaf18d64b2a1aca731100,375,0x99e941dc587db8ab430ab00b94219dd9f82842dec2487867d75f757dd7ba56cf,0x66fd1b1e8b9e49a8e3897b2803c50674799c9afd,0x5faa989af96af85384b8a938c2ede4a7378d9875,0xc06578f12f98243991c29585a1995cd90a1d9b82,3.9e+20,Project Galaxy,GAL,18,281,77329,61832998656,46753,20734143,deprecated,466408
403,14718817,2022-05-05 18:35:39,0xdadada91f057f6f34949d9b8a2fc82c20bd0b209be4f5b3f7526da68348fd00e,3606544,0x628e244df657212d2531c065b21baaec5fc7e35402af771498a684d02750a9b4,0x21a31ee1afc51d94c2efccaa2092ad1028285549,0x5faa989af96af85384b8a938c2ede4a7378d9875,0x66fd1b1e8b9e49a8e3897b2803c50674799c9afd,7.4501419e+19,Project Galaxy,GAL,18,85,207128,72962271299,51565,7352280,deprecated,464939
404,14718818,2022-05-05 18:35:55,0xce411eebb0808e3ba6d8318033c5af7bda058fce79dc2b2ba3f5b379b0fbfd15,378,0xa1c5175d4c61f23824667234ab4ad1104a7085e44a2e3f35e72f4968888148de,0x66fd1b1e8b9e49a8e3897b2803c50674799c9afd,0xdac17f958d2ee523a2206206994597c13d831ec7,0xfe895436dbbdf64930c4480136f851e41d7db948,1010000000.0,Tether USD,USDT,6,92,152758,74513258772,149968,7719383,deprecated,464938
405,14718818,2022-05-05 18:35:55,0xce411eebb0808e3ba6d8318033c5af7bda058fce79dc2b2ba3f5b379b0fbfd15,378,0xa1c5175d4c61f23824667234ab4ad1104a7085e44a2e3f35e72f4968888148de,0x0000000000000000000000000000000000000000,0x43349d2249b203173824a129fc119c9f0f2f0466,0x66fd1b1e8b9e49a8e3897b2803c50674799c9afd,50499999996.0,LP-Project Galaxy Pool-Tether USD,LP-PGP-USDT,6,92,152758,74513258772,149968,7719383,deprecated,464938
406,14718820,2022-05-05 18:36:18,0xbdbdb868c29adfb8e9b2fee3f047dd4ffc92f1582886cd455b1f9fc5aa63835b,379,0x90d579335b207df58565f1c1a9c62bb2067b5cc955975fa75bef14125586912e,0x66fd1b1e8b9e49a8e3897b2803c50674799c9afd,0x5faa989af96af85384b8a938c2ede4a7378d9875,0xfe895436dbbdf64930c4480136f851e41d7db948,7.4501419e+19,Project Galaxy,GAL,18,141,129133,65482299152,122090,9397448,deprecated,464936
407,14718820,2022-05-05 18:36:18,0xbdbdb868c29adfb8e9b2fee3f047dd4ffc92f1582886cd455b1f9fc5aa63835b,379,0x90d579335b207df58565f1c1a9c62bb2067b5cc955975fa75bef14125586912e,0x0000000000000000000000000000000000000000,0x8b7929d42aad7a4899917aeca28e20e784a7ac82,0x66fd1b1e8b9e49a8e3897b2803c50674799c9afd,3.72507095e+21,LP-Project Galaxy Pool-Project Galaxy,LP-PGP-GAL,18,141,129133,65482299152,122090,9397448,deprecated,464936
408,14809494,2022-05-20 06:17:07,0xba9ea3f04a2943834e0a44b0e8d575c009c09be695fdc7edb3e0ab5cc54cd4e2,380,0x4d8a9f11ca670d9306645a8e3db831c86f1f9e1cf49c176940832d05af35d9d1,0x2eb1e29fb6078b0eaf3cfff2b6361f702011ebb6,0x30d20208d987713f46dfd34ef128bb16c404d10f,0x66fd1b1e8b9e49a8e3897b2803c50674799c9afd,2.222222222222222e+19,Stader,SD,18,80,80462,17618657548,80462,4404755,deprecated,374262
409,14809497,2022-05-20 06:17:28,0x3596563f23722658e8fd07ca3de427283887073b252252578e4ea56d5aa3d555,381,0xe74c0be378316178238451cda2352354289f56d163fc026008c48c6c6b5c4ab0,0x5b32c2a2013e94a07929c083854e70eacc13bfae,0x30d20208d987713f46dfd34ef128bb16c404d10f,0x66fd1b1e8b9e49a8e3897b2803c50674799c9afd,3.003003003003003e+19,Stader,SD,18,108,63372,18765209820,63372,8802291,deprecated,374259
410,14809507,2022-05-20 06:20:09,0xe6b4aed2a4884d0c95ecc9416a2821177b1c20ab0cc7f0dd71c57734812fb40a,382,0x1e870b73f760d8b517f4b6659746d129f6c47544136dc730bcff4421225fd9ec,0x66fd1b1e8b9e49a8e3897b2803c50674799c9afd,0x30d20208d987713f46dfd34ef128bb16c404d10f,0xe2a4b0d8156bea22ab097c7c48e0dfef93a46864,5.225225225225225e+19,Stader,SD,18,113,59964,20332641847,35176,9928597,deprecated,374249
411,14835381,2022-05-24 10:57:07,0x39c289956e271a0ea6938fc41d1e5df3d0899ff867a5cdbded6e039abd22dc92,266,0xfa23f51c71ce75a5ffb0132f9837a3f89ff7c6122e1e1c889b0028561000d7a4,0xf91a6b3b600989400fe2aa53693a24a916df1748,0xfb5c6815ca3ac72ce9f5006869ae67f18bf77006,0x66fd1b1e8b9e49a8e3897b2803c50674799c9afd,1.5625e+20,pSTAKE Finance,PSTAKE,18,13,4671946,40000000000,4671946,5587597,deprecated,348375
412,14850357,2022-05-26 21:49:27,0x5aa752519a17e4a410284a5a5114cfc16b6cb2f2e8c4486ab5bb5eb352895112,383,0x6f37c68f4a0ecf0c880282778e4f8ae166e8313d3363e5924380d558d11ce559,0x66fd1b1e8b9e49a8e3897b2803c50674799c9afd,0xfb5c6815ca3ac72ce9f5006869ae67f18bf77006,0xe57384facdd408e505412820ee93667ad530ce00,1.5625e+20,pSTAKE Finance,PSTAKE,18,88,61342,48728355996,36095,8735665,deprecated,333399
413,14878526,2022-05-31 11:54:31,0xbc28596cc9819b3e43b048c965f49c8750085b34f5f8b58f62634fa303bbbd26,384,0x84f06749c43917e543983dd462300d6830ce362ea462f30b5c69d00a0750c685,0x66fd1b1e8b9e49a8e3897b2803c50674799c9afd,0x2c72692e94e757679289ac85d3556b2c0f717e0e,0x0000000000000000000000000000000000000000,1.0003722026735672e+21,Element Principal Token yvDAI-29APR22,ePyvDAI-29APR22,18,184,244251,28264455828,129168,13587927,deprecated,305230
414,14878526,2022-05-31 11:54:31,0xbc28596cc9819b3e43b048c965f49c8750085b34f5f8b58f62634fa303bbbd26,384,0x84f06749c43917e543983dd462300d6830ce362ea462f30b5c69d00a0750c685,0x21bbc083362022ab8d7e42c18c47d484cc95c193,0x6b175474e89094c44da98b954eedeac495271d0f,0x66fd1b1e8b9e49a8e3897b2803c50674799c9afd,1.0003722026735672e+21,Dai Stablecoin,DAI,18,184,244251,28264455828,129168,13587927,deprecated,305230
415,14878600,2022-05-31 12:09:06,0xd419e7aeb906038ef6e888b85284e34a6ea5969cd8ca49c9211842f6a0b9db7c,386,0x2561fa6adfaf5f8d991b9ffa47511e417c73e3ebcbadacfb0f9a9ab37232f059,0x66fd1b1e8b9e49a8e3897b2803c50674799c9afd,0x5f86558387293b6009d7896a61fcc86c17808d62,0x0000000000000000000000000000000000000000,1.0088864529316012e+21,Saddle DAI/USDC/USDT V2,saddleUSD-V2,18,197,176949,19015326131,160071,15939868,deprecated,305156
416,14878600,2022-05-31 12:09:06,0xd419e7aeb906038ef6e888b85284e34a6ea5969cd8ca49c9211842f6a0b9db7c,386,0x2561fa6adfaf5f8d991b9ffa47511e417c73e3ebcbadacfb0f9a9ab37232f059,0xacb83e0633d6605c5001e2ab59ef3c745547c8c7,0xa0b86991c6218b36c1d19d4a2e9eb0ce3606eb48,0x66fd1b1e8b9e49a8e3897b2803c50674799c9afd,1011929163.0,USD Coin,USDC,6,197,176949,19015326131,160071,15939868,deprecated,305156
417,14920707,2022-06-07 12:04:26,0xa50831c26e2732527358c9d3c93429b51ebb2f307944e44211a3687dc55c676f,388,0xfdf2e9f5c4e4deb3a977e8fd7c92f223a19f19c7db93eb37d9345c8620ff31c5,0x66fd1b1e8b9e49a8e3897b2803c50674799c9afd,0x8b7929d42aad7a4899917aeca28e20e784a7ac82,0xfe895436dbbdf64930c4480136f851e41d7db948,3.72507095e+21,LP-Project Galaxy Pool-Project Galaxy,LP-PGP-GAL,18,333,149530,27087834357,122462,24125066,deprecated,263049
418,14920707,2022-06-07 12:04:26,0xa50831c26e2732527358c9d3c93429b51ebb2f307944e44211a3687dc55c676f,388,0xfdf2e9f5c4e4deb3a977e8fd7c92f223a19f19c7db93eb37d9345c8620ff31c5,0xfe895436dbbdf64930c4480136f851e41d7db948,0x5faa989af96af85384b8a938c2ede4a7378d9875,0x66fd1b1e8b9e49a8e3897b2803c50674799c9afd,7.4501419e+19,Project Galaxy,GAL,18,333,149530,27087834357,122462,24125066,deprecated,263049
419,14920720,2022-06-07 12:06:57,0x19238f1589066183cac087bb5016d2fc5b360ad27cc6b730a82b086c48d9d084,390,0x4db89aff6dd9af8b5b79fddaf5db1a194a601c1bfdf82aa936bed4049fe6995d,0x66fd1b1e8b9e49a8e3897b2803c50674799c9afd,0x5faa989af96af85384b8a938c2ede4a7378d9875,0xfe895436dbbdf64930c4480136f851e41d7db948,7.4501419e+19,Project Galaxy,GAL,18,274,122658,23642761663,116140,18578155,deprecated,263036
420,14920720,2022-06-07 12:06:57,0x19238f1589066183cac087bb5016d2fc5b360ad27cc6b730a82b086c48d9d084,390,0x4db89aff6dd9af8b5b79fddaf5db1a194a601c1bfdf82aa936bed4049fe6995d,0xfe895436dbbdf64930c4480136f851e41d7db948,0xdac17f958d2ee523a2206206994597c13d831ec7,0x66fd1b1e8b9e49a8e3897b2803c50674799c9afd,304237960.0,Tether USD,USDT,6,274,122658,23642761663,116140,18578155,deprecated,263036
421,14920725,2022-06-07 12:08:33,0x2c41d36b524a95d3268855001c13bc96add1d4310442b49b564c36e02b07e19a,392,0x2e360e736ca864d86e7ae9beb92a561f20efc5ce759570bd5fe69fcfdcf53c06,0x66fd1b1e8b9e49a8e3897b2803c50674799c9afd,0x43349d2249b203173824a129fc119c9f0f2f0466,0xfe895436dbbdf64930c4480136f851e41d7db948,50499999996.0,LP-Project Galaxy Pool-Tether USD,LP-PGP-USDT,6,211,144081,33546144054,117147,15234466,deprecated,263031
422,14920725,2022-06-07 12:08:33,0x2c41d36b524a95d3268855001c13bc96add1d4310442b49b564c36e02b07e19a,392,0x2e360e736ca864d86e7ae9beb92a561f20efc5ce759570bd5fe69fcfdcf53c06,0xfe895436dbbdf64930c4480136f851e41d7db948,0xdac17f958d2ee523a2206206994597c13d831ec7,0x66fd1b1e8b9e49a8e3897b2803c50674799c9afd,1010000000.0,Tether USD,USDT,6,211,144081,33546144054,117147,15234466,deprecated,263031
423,14939010,2022-06-10 14:47:58,0xf5554ecb87fdcbfb0505dafbc7224c7b6336d3b9b393c239ba84de04269a2c4a,394,0xb2c3c1e8bea9cc022be8aad2115597c6634d3744ca409883156e9a17dcf48ce3,0xc5102fe9359fd9a28f877a67e36b0f050d81a3cc,0xc5102fe9359fd9a28f877a67e36b0f050d81a3cc,0x66fd1b1e8b9e49a8e3897b2803c50674799c9afd,1.6258197539642412e+21,Hop,HOP,18,234,250000,41000000000,147796,18114887,deprecated,244746
424,14955799,2022-06-13 11:37:13,0x8269dae42d0c4b1b27d3ba85dd0ed870bc62545c2f54f43186a55aa9d224e86c,395,0x6840664f7c40c2dbad75deefc483f680ce3cf9a005a2bb0e747a7bccd7fbf008,0x66fd1b1e8b9e49a8e3897b2803c50674799c9afd,0x6b175474e89094c44da98b954eedeac495271d0f,0xc06578f12f98243991c29585a1995cd90a1d9b82,3e+21,Dai Stablecoin,DAI,18,391,77727,90892641451,51818,26747551,deprecated,227957
425,14957070,2022-06-13 16:57:58,0x28ac792524067e10b15be17883bf9a52da3b9ddbf4b786ea78fcc2da07296dd2,180,0xe0ac7d206981f126dc826d0531d29c9d9b100c5e530085f17b64f08b813844c2,0x220bda5c8994804ac96ebe4df184d25e5c2196d4,0xdac17f958d2ee523a2206206994597c13d831ec7,0x66fd1b1e8b9e49a8e3897b2803c50674799c9afd,5000000000.0,Tether USD,USDT,6,187,663837,75396283623,467133,14330230,deprecated,226686
426,14957070,2022-06-13 16:57:58,0x28ac792524067e10b15be17883bf9a52da3b9ddbf4b786ea78fcc2da07296dd2,180,0xe0ac7d206981f126dc826d0531d29c9d9b100c5e530085f17b64f08b813844c2,0x66fd1b1e8b9e49a8e3897b2803c50674799c9afd,0x6b175474e89094c44da98b954eedeac495271d0f,0x220bda5c8994804ac96ebe4df184d25e5c2196d4,5e+21,Dai Stablecoin,DAI,18,187,663837,75396283623,467133,14330230,deprecated,226686
427,15015103,2022-06-23 22:11:35,0xb9a02b216438c57049e5c5139e2e0a03dce5edc01c8801dd55a095d49d4f6958,401,0xe22148e384e6e77a0b8bc75277679eb14d9595f71c4dcbe1a2a196b3c56dfe7a,0xf91a6b3b600989400fe2aa53693a24a916df1748,0xfb5c6815ca3ac72ce9f5006869ae67f18bf77006,0x66fd1b1e8b9e49a8e3897b2803c50674799c9afd,1.5625e+20,pSTAKE Finance,PSTAKE,18,37,4295746,40000000000,4295746,11247372,deprecated,168653
428,15055768,2022-07-01 09:18:57,0x1f59bdb481020e8a6b21da2c5984b56da1f3792a19a0f7617cdfc83be73f1dfe,294,0x165baa56049e4db699411529cacd390d72d2347da9244c7f98c2f1441a6ab444,0x220bda5c8994804ac96ebe4df184d25e5c2196d4,0x4fabb145d64652a948d72533023f6e7a623c7c53,0x66fd1b1e8b9e49a8e3897b2803c50674799c9afd,1.36495125e+21,Binance USD,BUSD,18,123,489323,17440580000,351715,10757408,deprecated,127988
429,15055768,2022-07-01 09:18:57,0x1f59bdb481020e8a6b21da2c5984b56da1f3792a19a0f7617cdfc83be73f1dfe,294,0x165baa56049e4db699411529cacd390d72d2347da9244c7f98c2f1441a6ab444,0x66fd1b1e8b9e49a8e3897b2803c50674799c9afd,0xdac17f958d2ee523a2206206994597c13d831ec7,0x1111111254fb6c44bac0bed2854e76f90643097d,1370411792.0,Tether USD,USDT,6,123,489323,17440580000,351715,10757408,deprecated,127988
430,15058347,2022-07-01 18:58:54,0x6fbbd91329ccbf8b11043ae73207c339a8d777fc9e65a0ff844e7d97febcf763,51,0x4c12391fc93f39b3a54a3fd261f1f06fdf0ef34d363957bb7832043524993fd8,0x2057cfb9fd11837d61b294d514c5bd03e5e7189a,0x4fabb145d64652a948d72533023f6e7a623c7c53,0x66fd1b1e8b9e49a8e3897b2803c50674799c9afd,5e+20,Binance USD,BUSD,18,262,751727,18551983650,521633,16235883,deprecated,125409
431,15058347,2022-07-01 18:58:54,0x6fbbd91329ccbf8b11043ae73207c339a8d777fc9e65a0ff844e7d97febcf763,51,0x4c12391fc93f39b3a54a3fd261f1f06fdf0ef34d363957bb7832043524993fd8,0x66fd1b1e8b9e49a8e3897b2803c50674799c9afd,0xdac17f958d2ee523a2206206994597c13d831ec7,0x2057cfb9fd11837d61b294d514c5bd03e5e7189a,502000270.0,Tether USD,USDT,6,262,751727,18551983650,521633,16235883,deprecated,125409
432,15060931,2022-07-02 04:32:35,0xbb83c1264c103964cc27e7809eeaab19692e25caedd397f9b850cfc48efdf983,191,0x254480dbc0f7f5c6da18cd86351d9bbf0d5c67bf7cd9c65fe05bc1fb57609133,0x220bda5c8994804ac96ebe4df184d25e5c2196d4,0x4fabb145d64652a948d72533023f6e7a623c7c53,0x66fd1b1e8b9e49a8e3897b2803c50674799c9afd,1e+21,Binance USD,BUSD,18,31,464214,12032186283,321322,1778737,deprecated,122825
433,15060931,2022-07-02 04:32:35,0xbb83c1264c103964cc27e7809eeaab19692e25caedd397f9b850cfc48efdf983,191,0x254480dbc0f7f5c6da18cd86351d9bbf0d5c67bf7cd9c65fe05bc1fb57609133,0x66fd1b1e8b9e49a8e3897b2803c50674799c9afd,0xdac17f958d2ee523a2206206994597c13d831ec7,0x220bda5c8994804ac96ebe4df184d25e5c2196d4,1004000540.0,Tether USD,USDT,6,31,464214,12032186283,321322,1778737,deprecated,122825
434,15073185,2022-07-04 01:49:33,0xdec580aa685e7988fe54408ba783039607afc5ec41adb02f242ffff0b46c8a12,28,0xf8b1405d1174aee9064bf0ebb3b643098ea994593b140141ea3cf217fe0a18ce,0x220bda5c8994804ac96ebe4df184d25e5c2196d4,0x4fabb145d64652a948d72533023f6e7a623c7c53,0x66fd1b1e8b9e49a8e3897b2803c50674799c9afd,1.0936294574414424e+21,Binance USD,BUSD,18,252,622884,12837512608,452544,19653321,deprecated,110571
435,15073185,2022-07-04 01:49:33,0xdec580aa685e7988fe54408ba783039607afc5ec41adb02f242ffff0b46c8a12,28,0xf8b1405d1174aee9064bf0ebb3b643098ea994593b140141ea3cf217fe0a18ce,0x66fd1b1e8b9e49a8e3897b2803c50674799c9afd,0xdac17f958d2ee523a2206206994597c13d831ec7,0x220bda5c8994804ac96ebe4df184d25e5c2196d4,1097961574.0,Tether USD,USDT,6,252,622884,12837512608,452544,19653321,deprecated,110571
436,15154155,2022-07-16 13:59:50,0x223ea14444560bcedd81c3b2d869c281d210cd9226c045f7b22b95cda960b17e,2,0x61623b810f0228d42d1b7d61b3de75e8530a24ba883ae876ac19aa2d66faf30d,0x6d19b2bf3a36a61530909ae65445a906d98a2fa8,0x708653fd1510da8f90be6e17b2f49abb8a85d706,0x66fd1b1e8b9e49a8e3897b2803c50674799c9afd,500.0,$,BalancerLP.com,0,121,8000888,17037305092,1160522,12403337,deprecated,29601
