,blockNumber,timeStamp,hash,nonce,blockHash,from,contractAddress,to,value,tokenName,tokenSymbol,tokenDecimal,transactionIndex,gas,gasPrice,gasUsed,cumulativeGasUsed,input,confirmations
0,10763086,2020-08-30 15:52:02,0xfb4661375e2a1193cc2808392eff30754eaed528795e9f4f022f507de839fe42,1,0x53cc58079b76b6e594fe1a47340322d801e66a44001b578e96d7e8a832c6e881,0xdfec8f6b70b1f046a05b2b7234e1553fc1a191e4,0xed867708e8e8577be611dd5dbefcf21fd744e054,0x12ee74a14cec4b6161df8f8fb2ed13f6b3d831b8,1.2e+20,YFIVE.FINANCE,YFIV,18,187,80272,246000000000,53515,11919195,deprecated,4420692
1,10763215,2020-08-30 16:18:28,0x5d22a1f41142d5e770c0aa08526f7654119f34da6f689c1b9ec0fef1ffb2c2d7,3,0x870be8994090a25203390656910b1f232a822feea01255e7712c3156568a177f,0xdfec8f6b70b1f046a05b2b7234e1553fc1a191e4,0xd3e8695d2bef061eab38b5ef526c0f714108119c,0x12ee74a14cec4b6161df8f8fb2ed13f6b3d831b8,1.2e+20,YFIVE.FINANCE,YFIVE,18,74,80272,248000000000,53515,3690520,deprecated,4420563
2,10764026,2020-08-30 19:14:53,0x5e54f8ab5e79298aa893c86019fc9d83705681ba0f7624f10fa4f9885f52074b,4,0xdf936545e677ab008d5731d8154a4aa6e602a30fcf200726b2df023b0b4e7738,0xdfec8f6b70b1f046a05b2b7234e1553fc1a191e4,0xd3e8695d2bef061eab38b5ef526c0f714108119c,0x6114dc1468de1b312c4515c348b3a0301f751317,2.5e+22,YFIVE.FINANCE,YFIVE,18,67,80290,180000000000,53527,4675991,deprecated,4419752
3,10764043,2020-08-30 19:17:22,0x8bb0434dff83d3cbacd4c90b142b09d510719681c3e2d30bfaf86327931e2919,4,0x9d06388f24280b133232c648fd14c9b85eee4f5c05406563a6635204df72e2d9,0x6114dc1468de1b312c4515c348b3a0301f751317,0xd3e8695d2bef061eab38b5ef526c0f714108119c,0xdfec8f6b70b1f046a05b2b7234e1553fc1a191e4,1e+22,YFIVE.FINANCE,YFIVE,18,70,57790,178000000000,38527,6856746,deprecated,4419735
4,10764269,2020-08-30 20:07:01,0xa8006dc2590340a99d5451304a9c9f61e82ebac983e2c518157fe964359c0dd6,7,0x3ab600aae66f044d0d3d36e4f3cf5a161064863de1091e9207b93ff0d7427ca8,0xdfec8f6b70b1f046a05b2b7234e1553fc1a191e4,0xd3e8695d2bef061eab38b5ef526c0f714108119c,0xf663b4c81f42cf05954054ec014b9d5a34501eb4,9.9e+21,YFIVE.FINANCE,YFIVE,18,37,3023698,109000000000,2708451,7404650,deprecated,4419509
5,10764269,2020-08-30 20:07:01,0xa8006dc2590340a99d5451304a9c9f61e82ebac983e2c518157fe964359c0dd6,7,0x3ab600aae66f044d0d3d36e4f3cf5a161064863de1091e9207b93ff0d7427ca8,0x0000000000000000000000000000000000000000,0xf663b4c81f42cf05954054ec014b9d5a34501eb4,0xdfec8f6b70b1f046a05b2b7234e1553fc1a191e4,3.1464265445104543e+20,Uniswap V2,UNI-V2,18,37,3023698,109000000000,2708451,7404650,deprecated,4419509
6,10764341,2020-08-30 20:23:42,0xc4397301708dddd782ff311f60693bd1f75fe8b2819a797270ad24b54c79c6e2,9,0xe6dcd7712494bb8325626819eaec1932d7a207b609177ae3ca1ec53d3c81dc9d,0xdfec8f6b70b1f046a05b2b7234e1553fc1a191e4,0xf663b4c81f42cf05954054ec014b9d5a34501eb4,0x17e00383a843a9922bca3b280c0ade9f8ba48449,3.1369872648769235e+20,Uniswap V2,UNI-V2,18,181,292888,137000000000,262888,11606879,deprecated,4419437
7,10764341,2020-08-30 20:23:42,0xc4397301708dddd782ff311f60693bd1f75fe8b2819a797270ad24b54c79c6e2,9,0xe6dcd7712494bb8325626819eaec1932d7a207b609177ae3ca1ec53d3c81dc9d,0xdfec8f6b70b1f046a05b2b7234e1553fc1a191e4,0xf663b4c81f42cf05954054ec014b9d5a34501eb4,0xaa3d85ad9d128dfecb55424085754f6dfa643eb1,9.439279633531364e+17,Uniswap V2,UNI-V2,18,181,292888,137000000000,262888,11606879,deprecated,4419437
8,10777515,2020-09-01 20:34:53,0xfaaacc71aeaa446e347d912279e1b358b9f7766c2586529909a837c0972f8de9,12,0x7157dc12de4263feee23b613ffa16003833093cfc8caff2cf51e25caa1685929,0xdfec8f6b70b1f046a05b2b7234e1553fc1a191e4,0xd3e8695d2bef061eab38b5ef526c0f714108119c,0xd152f549545093347a162dce210e7293f1452150,4.03598e+21,YFIVE.FINANCE,YFIVE,18,139,184324,479000000000,164903,11793600,deprecated,4406263
9,10788481,2020-09-03 13:03:31,0xed62ae9dedb487ebe0a0ee65cadc418eb2f6d42b88f00eed45c4ce65164573d5,14,0x992d332b3ebe4c331faf51ce94bb1d4d5e8a273dd48c4ee38953cc8e39477896,0xdfec8f6b70b1f046a05b2b7234e1553fc1a191e4,0xd3e8695d2bef061eab38b5ef526c0f714108119c,0xf663b4c81f42cf05954054ec014b9d5a34501eb4,2e+19,YFIVE.FINANCE,YFIVE,18,27,169391,454650000006,128710,5523437,deprecated,4395297
10,10788490,2020-09-03 13:05:26,0x748aa8457d7ad6c54945babf13193befb905648b24576b7ae488b08c6259bee6,15,0xa8e688599f5606bd2f1d467c62ef9dfeec5e711f510e67477200b93712c8a1ce,0xf663b4c81f42cf05954054ec014b9d5a34501eb4,0xd3e8695d2bef061eab38b5ef526c0f714108119c,0xdfec8f6b70b1f046a05b2b7234e1553fc1a191e4,2e+19,YFIVE.FINANCE,YFIVE,18,247,159370,471100000000,119598,12203297,deprecated,4395288
11,10790136,2020-09-03 19:15:28,0xaa9fbb036a694d8b55dfb2e980c6086e3f687d6109094ab5a381990f17fa2f32,16,0x58567c0c29e208c9acf3e7fda3fc15ab3de513553bfb2a5d48e0415894879d4d,0xdfec8f6b70b1f046a05b2b7234e1553fc1a191e4,0xd3e8695d2bef061eab38b5ef526c0f714108119c,0xf663b4c81f42cf05954054ec014b9d5a34501eb4,1.4e+19,YFIVE.FINANCE,YFIVE,18,150,169378,374000000000,128698,11136971,deprecated,4393642
12,10793349,2020-09-04 06:51:09,0x77bb785d0492d6aabd8a725789d74deab82b969e6ef771cbcaf8a26a7482a0c2,18,0xa3273805e84b0482863a1d45e9d4b365baf7b9475b761261833b55645f551890,0xdfec8f6b70b1f046a05b2b7234e1553fc1a191e4,0xd3e8695d2bef061eab38b5ef526c0f714108119c,0xf663b4c81f42cf05954054ec014b9d5a34501eb4,9e+18,YFIVE.FINANCE,YFIVE,18,210,169378,195800000000,128698,12234388,deprecated,4390429
13,10793377,2020-09-04 06:56:35,0x6487a201b404d6066633e3b94e16e7a5ac27922c41943c819f48b1d6b83f4f54,19,0x2e9b14f02da733d0eb63d378d4e4eca1d4d467863af07c55b89478c803942db0,0xdfec8f6b70b1f046a05b2b7234e1553fc1a191e4,0xd3e8695d2bef061eab38b5ef526c0f714108119c,0xf663b4c81f42cf05954054ec014b9d5a34501eb4,9e+18,YFIVE.FINANCE,YFIVE,18,41,169378,189600000000,128698,4745672,deprecated,4390401
14,10793432,2020-09-04 07:06:23,0x47b3b0206559b53d29f0a880c610f216d965a95c7e0c6f4f97ea15ace80f1ddd,20,0x44b9cc1a2549e7c77cec8a3787474da9a7dbdf3737b0719deabfa40bc0049cb6,0xdfec8f6b70b1f046a05b2b7234e1553fc1a191e4,0xd3e8695d2bef061eab38b5ef526c0f714108119c,0xf663b4c81f42cf05954054ec014b9d5a34501eb4,9e+18,YFIVE.FINANCE,YFIVE,18,134,169378,163000000000,128698,6728623,deprecated,4390346
15,10793480,2020-09-04 07:15:28,0x938c1e935821525723c6925c0541cd928ee7467ad9831d73a9e1cf88a0b208f5,21,0x80ed9062d328acf11ba0721ca11605df4fce33159fe94b17813367ef374cdc98,0xdfec8f6b70b1f046a05b2b7234e1553fc1a191e4,0xd3e8695d2bef061eab38b5ef526c0f714108119c,0xf663b4c81f42cf05954054ec014b9d5a34501eb4,9e+18,YFIVE.FINANCE,YFIVE,18,136,169364,163000000000,128686,9711815,deprecated,4390298
16,10793488,2020-09-04 07:17:12,0xb693b2418862be81a0a63dc9bd578ae970e2a843d3878e5f1d9e6e88fd74637e,22,0x5ef208dbb9b9619a8dfbc3c4b5d80cbf8bb27b4faf0d471cd26c8c3d66bb09be,0xdfec8f6b70b1f046a05b2b7234e1553fc1a191e4,0xd3e8695d2bef061eab38b5ef526c0f714108119c,0xf663b4c81f42cf05954054ec014b9d5a34501eb4,9e+18,YFIVE.FINANCE,YFIVE,18,80,210764,179300000233,181198,5735478,deprecated,4390290
17,10793488,2020-09-04 07:17:12,0xb693b2418862be81a0a63dc9bd578ae970e2a843d3878e5f1d9e6e88fd74637e,22,0x5ef208dbb9b9619a8dfbc3c4b5d80cbf8bb27b4faf0d471cd26c8c3d66bb09be,0x0d4a11d5eeaac28ec3f61d100daf4d40471f1852,0xdac17f958d2ee523a2206206994597c13d831ec7,0xdfec8f6b70b1f046a05b2b7234e1553fc1a191e4,1030741719.0,Tether USD,USDT,6,80,210764,179300000233,181198,5735478,deprecated,4390290
18,10793492,2020-09-04 07:18:10,0xc7e5bb9a96e3c7e20738aa4ff9a365c49d2261449cd5a2847a0a02af3565a415,23,0x5866d5030b9d48db940316b21738dfbbdd5ed7e7ea0e25b178b5379d57967f76,0xdfec8f6b70b1f046a05b2b7234e1553fc1a191e4,0xd3e8695d2bef061eab38b5ef526c0f714108119c,0xf663b4c81f42cf05954054ec014b9d5a34501eb4,5e+18,YFIVE.FINANCE,YFIVE,18,104,169378,183000000000,128698,9689467,deprecated,4390286
19,10793767,2020-09-04 08:16:29,0x1aa83a8114cf478ad0c756470df164487db751ea2c966e2d9dd543fd5afc231b,25,0x211e859176c2819b960508088f3d103d7caf4b5aff6e86774cd0e195fe02200b,0xdfec8f6b70b1f046a05b2b7234e1553fc1a191e4,0xdac17f958d2ee523a2206206994597c13d831ec7,0x12ee74a14cec4b6161df8f8fb2ed13f6b3d831b8,1030741719.0,Tether USD,USDT,6,154,61813,196000000000,26209,8855238,deprecated,4390011
20,10802875,2020-09-05 17:54:23,0x7aae44977fa3edad5c5f4757397267c6e4afc3f096af0887fecc57292539a410,27,0x858dee493e1f1ef35782aa24a425f779f2ebc1f0c3ed0d0a3a20a0274422e1c1,0xdfec8f6b70b1f046a05b2b7234e1553fc1a191e4,0xd3e8695d2bef061eab38b5ef526c0f714108119c,0xf663b4c81f42cf05954054ec014b9d5a34501eb4,1.5322732538179293e+19,YFIVE.FINANCE,YFIVE,18,130,169385,290000000000,128705,9168242,deprecated,4380903
21,10805296,2020-09-06 02:42:23,0xf9699fb4a75c923223896efc7316dc3cfd324be838b170adcc2a6bfa212ad1c2,29,0xebf47fb18bd75c5f0fd8e76485c9cfefbbe2e207e8889a84d9f81601d441ef4f,0xdfec8f6b70b1f046a05b2b7234e1553fc1a191e4,0xd3e8695d2bef061eab38b5ef526c0f714108119c,0x5824b8b9f44508020d0e49812b5ce10f1a9457ae,1.9e+20,YFIVE.FINANCE,YFIVE,18,246,80272,121000000000,53515,12358184,deprecated,4378482
22,10822633,2020-09-08 18:26:28,0xd75b418ac63fff2da0bb32d1eecb6e42521e335c284b36e53dee9ae12ff69718,24,0xe47f40fa45aa0c6658cab7fbb06e49e1af2e3d7f8c0273079b811ad2674699f1,0x02ab9f4d357be353000e932039094f90a10c9fe8,0xd3e8695d2bef061eab38b5ef526c0f714108119c,0xdfec8f6b70b1f046a05b2b7234e1553fc1a191e4,1.345906012512e+21,YFIVE.FINANCE,YFIVE,18,77,53937,133100000000,23527,7181412,deprecated,4361145
23,10822640,2020-09-08 18:27:32,0x30d2ce6aa4954c2e5b8c4c30b9c0e33886fd6fd6568fd3c54582d285a38958f4,42,0xb8cb722a572739e4827875d1034c9a57195fb5aa1cebeb28367c83aea30dd55e,0x75938e737c9725e1d2b1f1eb7de91757e2252dcd,0xd3e8695d2bef061eab38b5ef526c0f714108119c,0xdfec8f6b70b1f046a05b2b7234e1553fc1a191e4,3.1752564670387985e+20,YFIVE.FINANCE,YFIVE,18,7,53954,135300000000,23539,913198,deprecated,4361138
24,10822656,2020-09-08 18:30:37,0x6fb90892d4323334dd8e626f3cf50fc35427ce735563e613b132b2e55a97f3c9,0,0x75a57d4a97d2105d58073d858d2cd65d60302eb2ae96656371cab0a697524412,0xb4b1c1a70f595503eb10d458a71355c2a9aa683b,0xd3e8695d2bef061eab38b5ef526c0f714108119c,0xdfec8f6b70b1f046a05b2b7234e1553fc1a191e4,6.7266e+20,YFIVE.FINANCE,YFIVE,18,127,53921,132000000000,23515,6681911,deprecated,4361122
25,10822657,2020-09-08 18:30:57,0x9438e2133972c1c5810311f5019090bfa8d5b0d89cc63fe81361dc64cff7f908,0,0x06e08f41931b081e62f3f32c367e1e007108d7571b6c3e96a3f791ae44fe8da1,0x15f6fa000f274aa27356bcf3661f125734b8c169,0xd3e8695d2bef061eab38b5ef526c0f714108119c,0xdfec8f6b70b1f046a05b2b7234e1553fc1a191e4,6.7266e+20,YFIVE.FINANCE,YFIVE,18,149,53921,132000000000,23515,7865542,deprecated,4361121
26,10828829,2020-09-09 17:22:22,0xd7d5c7de40fb14b9dd4fe420988c4a39f8f22754d1266067216883428d6b120c,0,0x9847236440ee06b3db27fdb5a5095cb590d4f74b10ed82e8cc6eea3ae9ccaf01,0xe6a058e9a99035e8622712e1ce737c7af60b879c,0xd3e8695d2bef061eab38b5ef526c0f714108119c,0xdfec8f6b70b1f046a05b2b7234e1553fc1a191e4,1.4684546484e+20,YFIVE.FINANCE,YFIVE,18,147,53937,86900000000,23527,10277921,deprecated,4354949
27,10828835,2020-09-09 17:23:26,0xc53e820b155a1c3a6ed52a09330a179c74952c5bb5280474201df313e0439357,1,0xdfa743a07213d95655bef353d08d3c096067921db547e8ae2bb5f2f42a1e56f6,0x264a3e0a3581469c0594ee55465ddf24c466a06d,0xd3e8695d2bef061eab38b5ef526c0f714108119c,0xdfec8f6b70b1f046a05b2b7234e1553fc1a191e4,3.23548454648e+20,YFIVE.FINANCE,YFIVE,18,71,53937,85910000000,23527,5206011,deprecated,4354943
28,10839850,2020-09-11 09:55:34,0xbc6c4bf53413b75166d6769f4b1510cc54c151425a380d4d79f25c6607da8377,30,0x5b3cc26a77e3d8e3eac372f9d15b54117f9f9eab4f01c226147c98e3317a5007,0xdfec8f6b70b1f046a05b2b7234e1553fc1a191e4,0xd3e8695d2bef061eab38b5ef526c0f714108119c,0xdd833d02799e92715c418c9f870249e0c4b12553,5e+20,YFIVE.FINANCE,YFIVE,18,146,80272,154000000000,53515,9109883,deprecated,4343928
29,10877627,2020-09-17 04:56:06,0x945c9a2714684636bed640ae427b4955f999cbd8ad34232bed2791260da3f4df,31,0x5958627945583e2e73310376a844ccaaa32d6817a87c6a64a909c0989076feec,0x090d4613473dee047c3f2706764f49e0821d256e,0x1f9840a85d5af5bf1d1762f925bdaddc4201f984,0xdfec8f6b70b1f046a05b2b7234e1553fc1a191e4,4.00032139e+20,Uniswap,UNI,18,33,90082,810000000000,81893,12175854,deprecated,4306151
30,10880381,2020-09-17 14:59:13,0x138e2115a061ecd36edc20c441f22825e7935367b457c0717f72fbf2d222e923,32,0x550fc881f6ec0bda5dd09c59e0d323f976d53a5353ab3bde0ef04685676aa0bc,0xdfec8f6b70b1f046a05b2b7234e1553fc1a191e4,0xd3e8695d2bef061eab38b5ef526c0f714108119c,0x7edd4a9d84c3b032fd8b0ec8d173ba1d68d58270,1.327e+19,YFIVE.FINANCE,YFIVE,18,11,80254,750000000000,53503,589945,deprecated,4303397
31,10885254,2020-09-18 09:16:02,0xbc80ed06a5345e95a0aee4f156508a4e5161265954da5d3ac3bf05264ef13e4f,34,0x29855e80c4ad30e90c0406dec6e7faae0363201688e4b71277867e7f52a09ad3,0xdfec8f6b70b1f046a05b2b7234e1553fc1a191e4,0x1f9840a85d5af5bf1d1762f925bdaddc4201f984,0xf407bddd7089c3fc6d16553c661a7669d0828305,4.00032139e+20,Uniswap,UNI,18,99,83277,460000000000,40518,3292046,deprecated,4298524
32,10906793,2020-09-21 16:11:54,0xd015754da79352d0631766ae2cce3249456d71026433cf95fd64a70dbcf39810,164,0x2a76db8a36b448991f9dbc26f50bb7dfb170b51e63d51cd6c802eb7f9a49e4a0,0x5d83b6b0cb6f4009dd61a8be5f17d4e05fcefc14,0xd3e8695d2bef061eab38b5ef526c0f714108119c,0xdfec8f6b70b1f046a05b2b7234e1553fc1a191e4,1.4e+17,YFIVE.FINANCE,YFIVE,18,96,300000,180000000000,159248,6456542,deprecated,4276985
33,10906813,2020-09-21 16:15:48,0x581adf7fb4b025fac3cf30c52f155b683806c13588e20d42844d0492986250fa,239,0x40795d3a7e9e764d97734c2f4913b71fea7c1da4c309cdfb1a83730a4ff903bf,0x5d83b6b0cb6f4009dd61a8be5f17d4e05fcefc14,0xd3e8695d2bef061eab38b5ef526c0f714108119c,0xdfec8f6b70b1f046a05b2b7234e1553fc1a191e4,2e+16,YFIVE.FINANCE,YFIVE,18,143,300000,180000000000,144248,8382525,deprecated,4276965
34,10906817,2020-09-21 16:15:59,0x6f4fdadb05d61044187637eaab5abdd17c2032db555ff2074c729c768dfbc831,153,0x72a448120a3c95527382c1c7cfe9e70d4baa48507a68f6e9738f38627c31fba7,0x5d83b6b0cb6f4009dd61a8be5f17d4e05fcefc14,0xd3e8695d2bef061eab38b5ef526c0f714108119c,0xdfec8f6b70b1f046a05b2b7234e1553fc1a191e4,2.075867737994955e+17,YFIVE.FINANCE,YFIVE,18,176,300000,259000000000,144284,9617420,deprecated,4276961
35,10906887,2020-09-21 16:30:55,0x65ae50e057f3757d758580ca16f7a93c1e5767e6ae183237633144a9404695ca,154,0x7a5787f769f2cc404abd171c8f45cfe5eb1612a1b4aeb9b81329c5cc50fa8a1a,0x5d83b6b0cb6f4009dd61a8be5f17d4e05fcefc14,0xd3e8695d2bef061eab38b5ef526c0f714108119c,0xdfec8f6b70b1f046a05b2b7234e1553fc1a191e4,3.391652847e+17,YFIVE.FINANCE,YFIVE,18,185,300000,276000000000,144272,12281907,deprecated,4276891
36,10906895,2020-09-21 16:33:00,0x63580596196310e7b0200113898b9f6348c986255383c044d8ffff6f77dad0f6,102,0xd647b6971b314543ad47afa955fef9360b2abf7f9d017d144a6c4c537278d1c8,0x5d83b6b0cb6f4009dd61a8be5f17d4e05fcefc14,0xd3e8695d2bef061eab38b5ef526c0f714108119c,0xdfec8f6b70b1f046a05b2b7234e1553fc1a191e4,5.196385719296474e+16,YFIVE.FINANCE,YFIVE,18,118,300000,251000000000,144272,5660463,deprecated,4276883
37,10906899,2020-09-21 16:33:39,0xf0bb7d73b2aa878af21deb8a9d2436334b05b19bcd6ac850be9efe352e9fa3ea,3,0xc5e82047241e8620aeb92c5a7f4c9617ebe339c632b49e9c83a1f1748cd75310,0x5d83b6b0cb6f4009dd61a8be5f17d4e05fcefc14,0xd3e8695d2bef061eab38b5ef526c0f714108119c,0xdfec8f6b70b1f046a05b2b7234e1553fc1a191e4,1.3306532866825448e+17,YFIVE.FINANCE,YFIVE,18,147,300000,180000000000,144272,5964879,deprecated,4276879
38,10906899,2020-09-21 16:33:39,0xd1ba085eaba6c49b34acdd0e7e7a4b0954f330ba0bf7c258b2bff6d07209ed90,292,0xc5e82047241e8620aeb92c5a7f4c9617ebe339c632b49e9c83a1f1748cd75310,0x5d83b6b0cb6f4009dd61a8be5f17d4e05fcefc14,0xd3e8695d2bef061eab38b5ef526c0f714108119c,0xdfec8f6b70b1f046a05b2b7234e1553fc1a191e4,2.502724330642104e+18,YFIVE.FINANCE,YFIVE,18,150,300000,180000000000,144284,6192525,deprecated,4276879
39,10906899,2020-09-21 16:33:39,0xa2212364dc04122deb0e569f4f7702bf5a2f0f51657292d0eac57168132d1122,32,0xc5e82047241e8620aeb92c5a7f4c9617ebe339c632b49e9c83a1f1748cd75310,0x5d83b6b0cb6f4009dd61a8be5f17d4e05fcefc14,0xd3e8695d2bef061eab38b5ef526c0f714108119c,0xdfec8f6b70b1f046a05b2b7234e1553fc1a191e4,3.648906703568367e+16,YFIVE.FINANCE,YFIVE,18,152,300000,180000000000,129272,6365844,deprecated,4276879
40,10906899,2020-09-21 16:33:39,0x591a837ef4ce368a18a8dcc5b50617ceab349949792b967996c9ee620a29e1a7,443,0xc5e82047241e8620aeb92c5a7f4c9617ebe339c632b49e9c83a1f1748cd75310,0x5d83b6b0cb6f4009dd61a8be5f17d4e05fcefc14,0xd3e8695d2bef061eab38b5ef526c0f714108119c,0xdfec8f6b70b1f046a05b2b7234e1553fc1a191e4,3.2923920245153e+16,YFIVE.FINANCE,YFIVE,18,155,300000,180000000000,144272,6750339,deprecated,4276879
41,10906927,2020-09-21 16:38:44,0xcbc32ef001f2db70f5b0b2cb01780f1a7b0faadb2fda7527bae906c727e4210b,509,0x3e30bc2d73b6aa3ef3f5b6bdddb64091239426f4aae68333c5f79900bda02094,0x5d83b6b0cb6f4009dd61a8be5f17d4e05fcefc14,0xd3e8695d2bef061eab38b5ef526c0f714108119c,0xdfec8f6b70b1f046a05b2b7234e1553fc1a191e4,6.8321979741382264e+16,YFIVE.FINANCE,YFIVE,18,91,300000,180000000000,144272,5507851,deprecated,4276851
42,10906927,2020-09-21 16:38:44,0xe8c45e38f02151bed41645bbd02f43ca1e9ce223fadb2098aa45ceb8c5703b8a,128,0x3e30bc2d73b6aa3ef3f5b6bdddb64091239426f4aae68333c5f79900bda02094,0x5d83b6b0cb6f4009dd61a8be5f17d4e05fcefc14,0xd3e8695d2bef061eab38b5ef526c0f714108119c,0xdfec8f6b70b1f046a05b2b7234e1553fc1a191e4,2.005329542427821e+17,YFIVE.FINANCE,YFIVE,18,99,300000,180000000000,144284,6140958,deprecated,4276851
43,10907026,2020-09-21 17:00:24,0xc56a4c27fc066e161308338b1f14828c3e1c22ee50a424f9774d42bf1d951cf3,263,0xe50948a464a3a6386f15e5bafeeab4b97dc0791ab5ddd37743d1797bb7a8064a,0x5d83b6b0cb6f4009dd61a8be5f17d4e05fcefc14,0xd3e8695d2bef061eab38b5ef526c0f714108119c,0xdfec8f6b70b1f046a05b2b7234e1553fc1a191e4,226452656805133.0,YFIVE.FINANCE,YFIVE,18,59,300000,178000000000,144260,3864262,deprecated,4276752
44,10907113,2020-09-21 17:17:26,0x3d8897ffb725853b4b1cc73a134550e64902a67444a7a1e7f76fbce5cc0368fa,177,0x6a9db2dabf16788e5eb7a9bca2621d2a9377213b97c1e6cfe32d23598b2d4b66,0x5d83b6b0cb6f4009dd61a8be5f17d4e05fcefc14,0xd3e8695d2bef061eab38b5ef526c0f714108119c,0xdfec8f6b70b1f046a05b2b7234e1553fc1a191e4,3.3209373421967386e+17,YFIVE.FINANCE,YFIVE,18,57,300000,180000000000,144284,6556811,deprecated,4276665
45,10907161,2020-09-21 17:24:36,0x50eb999f251ce2a82d7dd0e562c9e590dcd6fab78f54cea4153328eaea445d1d,224,0x558a5ebb6680e00674422405242c873e1a6e84344b91fa7a174f4731b2b2c998,0x5d83b6b0cb6f4009dd61a8be5f17d4e05fcefc14,0xd3e8695d2bef061eab38b5ef526c0f714108119c,0xdfec8f6b70b1f046a05b2b7234e1553fc1a191e4,2.83305e+17,YFIVE.FINANCE,YFIVE,18,105,300000,180000000000,144272,8373521,deprecated,4276617
46,10907338,2020-09-21 18:03:04,0x57160a18f29df16d66b8d86636e6ecbeb9f0a03487aaf1e44c2bf3acf4e890f2,49,0x296151f166990c64535c6443ace85ec75bed5171412fc40673ee8280593c05e5,0x5d83b6b0cb6f4009dd61a8be5f17d4e05fcefc14,0xd3e8695d2bef061eab38b5ef526c0f714108119c,0xdfec8f6b70b1f046a05b2b7234e1553fc1a191e4,8.167887881306346e+16,YFIVE.FINANCE,YFIVE,18,9,300000,133000000000,144272,963305,deprecated,4276440
47,10908618,2020-09-21 22:44:47,0x27628160dc33a82eef8f6cdce356878b7c8031b95d1567994d77a214df9b57b2,34,0x9a0e99e180b96efdf43047602a6cf75e5204ad95c62ccd2dae3cf37d9175e5e9,0x5d83b6b0cb6f4009dd61a8be5f17d4e05fcefc14,0xd3e8695d2bef061eab38b5ef526c0f714108119c,0xdfec8f6b70b1f046a05b2b7234e1553fc1a191e4,7e+16,YFIVE.FINANCE,YFIVE,18,111,300000,83000000000,159248,12213637,deprecated,4275160
48,10908671,2020-09-21 22:57:13,0x29f37259c5e46e308bc12a7fb7c30fddcef726753b1378185c6df7e1c418b61f,36,0xa28382c5886f7cdfc1007119b5e55a7b705654387068a5b6635785dd970ae3b9,0x5d83b6b0cb6f4009dd61a8be5f17d4e05fcefc14,0xd3e8695d2bef061eab38b5ef526c0f714108119c,0xdfec8f6b70b1f046a05b2b7234e1553fc1a191e4,7.2056327461682344e+16,YFIVE.FINANCE,YFIVE,18,127,300000,83000000000,118086,8737178,deprecated,4275107
49,10908677,2020-09-21 22:57:50,0x0c974630afe80c623221b98139034a0efe3257e03895138dc8bd9526cee72beb,23,0x20db3219eaab1e1f33fa19dd2bce7783a9cc9a08edc610ffa2d5d78d99dfa961,0x5d83b6b0cb6f4009dd61a8be5f17d4e05fcefc14,0xd3e8695d2bef061eab38b5ef526c0f714108119c,0xdfec8f6b70b1f046a05b2b7234e1553fc1a191e4,5.520079171957133e+17,YFIVE.FINANCE,YFIVE,18,6,300000,180000000000,144284,430112,deprecated,4275101
50,10911140,2020-09-22 08:00:18,0xb3ca294d5711c5f650f4da32b623c6435438646229a577e07a5814fe5c1f8330,27,0x6e32d179871e680b320e8771e01e4eac7d70d818dc2c4054e5bea451b3eef1f6,0x5d83b6b0cb6f4009dd61a8be5f17d4e05fcefc14,0xd3e8695d2bef061eab38b5ef526c0f714108119c,0xdfec8f6b70b1f046a05b2b7234e1553fc1a191e4,4.047790430113746e+17,YFIVE.FINANCE,YFIVE,18,94,300000,180000000000,144284,4465000,deprecated,4272638
51,10911604,2020-09-22 09:47:21,0x0a2db3aa12641f715876578e9441d02057cd4a1017bf7ab225dac4b49822febe,4160,0x8f411049b7fb7c8130cf90feb5e1a6ca69356eb707f6a34a923fd798275e249f,0x5d83b6b0cb6f4009dd61a8be5f17d4e05fcefc14,0xd3e8695d2bef061eab38b5ef526c0f714108119c,0xdfec8f6b70b1f046a05b2b7234e1553fc1a191e4,4.917167477784598e+17,YFIVE.FINANCE,YFIVE,18,132,300000,180000000000,144284,6754207,deprecated,4272174
52,10913959,2020-09-22 18:44:46,0xbe13cc93cef0c79ed6792e78acf2f49ec0994d58f4d4849bd11d671571a6ff4e,93,0x7fd574246c4773fa5f47569fff8edf4f442d8fa06fda8ecf4af4b27de53c3c77,0x5d83b6b0cb6f4009dd61a8be5f17d4e05fcefc14,0xd3e8695d2bef061eab38b5ef526c0f714108119c,0xdfec8f6b70b1f046a05b2b7234e1553fc1a191e4,2.8730855351010762e+17,YFIVE.FINANCE,YFIVE,18,29,300000,180000000000,144284,2560189,deprecated,4269819
53,10924638,2020-09-24 09:57:23,0x9c012271969221015cb530a7ff5387d4882167cebac8f023a351d59cd2959869,22,0x907de00618d5218f0f062823399c6fabaaf0bdf0afde8a2110b3ffedba8859a4,0x5d83b6b0cb6f4009dd61a8be5f17d4e05fcefc14,0xd3e8695d2bef061eab38b5ef526c0f714108119c,0xdfec8f6b70b1f046a05b2b7234e1553fc1a191e4,5.2117e+16,YFIVE.FINANCE,YFIVE,18,125,300000,64000000000,129260,7636678,deprecated,4259140
54,10926846,2020-09-24 18:10:17,0x8fd37962b0c6a62ee842ea8998444bde04fe939a1257b1bca52ef19e68655855,40,0xb3c01174399a59d157514dbcac487209bf22e3d535670ac7129bb082e489960b,0xdfec8f6b70b1f046a05b2b7234e1553fc1a191e4,0xd3e8695d2bef061eab38b5ef526c0f714108119c,0x079da5915565cfe842f9ad143063e8abf87b998c,1e+20,YFIVE.FINANCE,YFIVE,18,8,80272,210000000000,53515,711281,deprecated,4256932
55,10931974,2020-09-25 13:04:04,0xde8c1a9272e31a89aa300aeb40e7eddfbe266e9bbffe2a296b9a0d90f8c35575,6,0x95bcbb347a2eb1858105cbdb22ed99759ffff2b79484385ab4279ec5c232e3a6,0x5d83b6b0cb6f4009dd61a8be5f17d4e05fcefc14,0xd3e8695d2bef061eab38b5ef526c0f714108119c,0xdfec8f6b70b1f046a05b2b7234e1553fc1a191e4,5.08934e+17,YFIVE.FINANCE,YFIVE,18,9,300000,180000000000,144272,902330,deprecated,4251804
56,10942185,2020-09-27 03:24:01,0xc9b00ca0bcb5b167418883b776fa6dbb7f55423d414a34fa891b6177d495d245,41,0x303fff0fcae124d3e7fa4a88d8232401f1b265a212671e9a1577f282a59823cd,0x5d83b6b0cb6f4009dd61a8be5f17d4e05fcefc14,0xd3e8695d2bef061eab38b5ef526c0f714108119c,0xdfec8f6b70b1f046a05b2b7234e1553fc1a191e4,1.0,YFIVE.FINANCE,YFIVE,18,5,71767,110000000000,47705,369482,deprecated,4241593
57,10942284,2020-09-27 03:44:58,0x53404de5268601eeca8564389cf58d0918fd663d37f629ada5762f28b9e95f2b,43,0xa02c1ca3b2ff3d40c4de2db7974cff40aaccc0e546704cb629934ac00ece6702,0xdfec8f6b70b1f046a05b2b7234e1553fc1a191e4,0xd3e8695d2bef061eab38b5ef526c0f714108119c,0xd152f549545093347a162dce210e7293f1452150,9.905e+20,YFIVE.FINANCE,YFIVE,18,11,123838,95000000000,104417,892629,deprecated,4241494
58,10942301,2020-09-27 03:47:43,0x9fe4ef8c0a238df74cdbcbc45578f0e271e553ba403ac56c070603516b7b07a2,44,0xfe29c00202004b1f56c15b2807914a07884f0d418f98a0daf0f7709ae7d1c80e,0x5d83b6b0cb6f4009dd61a8be5f17d4e05fcefc14,0xd3e8695d2bef061eab38b5ef526c0f714108119c,0xdfec8f6b70b1f046a05b2b7234e1553fc1a191e4,9.5e+20,YFIVE.FINANCE,YFIVE,18,56,71875,95000000000,47777,2672295,deprecated,4241477
59,10943258,2020-09-27 07:27:54,0xdbfdfa4f986fba6e748707ca67bd1d8564106d4242333bdc5c4bbb840aee3e33,361,0x04301a05015c65b7367be8499312c3999a49e03e93c9fe0e54abae3b52519930,0x5d83b6b0cb6f4009dd61a8be5f17d4e05fcefc14,0xd3e8695d2bef061eab38b5ef526c0f714108119c,0xdfec8f6b70b1f046a05b2b7234e1553fc1a191e4,6.87907e+17,YFIVE.FINANCE,YFIVE,18,3,300000,180000000000,144272,504119,deprecated,4240520
60,10944164,2020-09-27 10:44:58,0xd0109e348805daa8acda8cbe7932be680e936db4dd1840ea0d49d1591df95a1f,368,0x58bcb7d88834b43c888af3b3175a8323f00ed090fb27a6ade08cfcf3e77408a7,0x5d83b6b0cb6f4009dd61a8be5f17d4e05fcefc14,0xd3e8695d2bef061eab38b5ef526c0f714108119c,0xdfec8f6b70b1f046a05b2b7234e1553fc1a191e4,3.27e+17,YFIVE.FINANCE,YFIVE,18,19,300000,180000000000,103074,967786,deprecated,4239614
61,10944865,2020-09-27 13:19:00,0xbf0ff4a2c64a15c08675b05ab2db2535a723db5993f8b11f8271e7e30944888f,1,0xac4e42f304298581e0d7110baeadd6667b32ec062a6b3f5fd7f1a4ddeaf9584d,0x5d83b6b0cb6f4009dd61a8be5f17d4e05fcefc14,0xd3e8695d2bef061eab38b5ef526c0f714108119c,0xdfec8f6b70b1f046a05b2b7234e1553fc1a191e4,2e+16,YFIVE.FINANCE,YFIVE,18,6,300000,180000000000,144248,378338,deprecated,4238913
62,10945063,2020-09-27 14:06:37,0x632ca27efa4e92e285aa3364bad00a8d72aa92e3ccd90f238b5dc5c52ad636e4,375,0x91b21d896b352fdee6840371c3bcbc7f24d9bc86444cd720991f27cb1a942481,0x5d83b6b0cb6f4009dd61a8be5f17d4e05fcefc14,0xd3e8695d2bef061eab38b5ef526c0f714108119c,0xdfec8f6b70b1f046a05b2b7234e1553fc1a191e4,1.7074647154066176e+17,YFIVE.FINANCE,YFIVE,18,1,300000,180000000000,88086,117133,deprecated,4238715
63,10947998,2020-09-28 01:06:16,0x733389f4f8725977b98b91da287a5a09fb10ca4dbb840e87036f0facc9728ee1,3,0xfc22f54372dd83e8936528c30130ba6fd3beb3d5b07f267a563e2b26d4c13498,0x5d83b6b0cb6f4009dd61a8be5f17d4e05fcefc14,0xd3e8695d2bef061eab38b5ef526c0f714108119c,0xdfec8f6b70b1f046a05b2b7234e1553fc1a191e4,5.009e+16,YFIVE.FINANCE,YFIVE,18,50,300000,62000000000,103074,3829545,deprecated,4235780
64,10948008,2020-09-28 01:08:15,0xd2f314c4bbcfd152fe8a8bb8689b89e0a9a52dd0de333921abab206d7294498f,96,0xeca8fd7cc3468e67c30d9532187fbe4d2c8919e083b547fb94fc9a3e436c447b,0x5d83b6b0cb6f4009dd61a8be5f17d4e05fcefc14,0xd3e8695d2bef061eab38b5ef526c0f714108119c,0xdfec8f6b70b1f046a05b2b7234e1553fc1a191e4,5.545903503615519e+16,YFIVE.FINANCE,YFIVE,18,54,300000,180000000000,88086,4664252,deprecated,4235770
65,10949720,2020-09-28 07:41:47,0xcf2dbefa5617cad2a323bdf3b7a45b546afd4134d459ad79befb1e439ecce596,119,0x94f0f19cc7d49e8488505b429bc66a71bfec7183c328b375d93ded5317d40faa,0x5d83b6b0cb6f4009dd61a8be5f17d4e05fcefc14,0xd3e8695d2bef061eab38b5ef526c0f714108119c,0xdfec8f6b70b1f046a05b2b7234e1553fc1a191e4,1.6401681023318717e+17,YFIVE.FINANCE,YFIVE,18,3,300000,180000000000,103086,199576,deprecated,4234058
66,10950833,2020-09-28 11:57:19,0x2551fd0c00f02efa19e8952d2ffef7b11ef013e9ca46874948b7320106d5119c,4580,0x0292829393a99e063a1d1d48cd9c4c748e6f4929e719127a6f40b1b910d33a81,0x5d83b6b0cb6f4009dd61a8be5f17d4e05fcefc14,0xd3e8695d2bef061eab38b5ef526c0f714108119c,0xdfec8f6b70b1f046a05b2b7234e1553fc1a191e4,3.6180886996358394e+17,YFIVE.FINANCE,YFIVE,18,21,300000,180000000000,103098,1239646,deprecated,4232945
67,10951996,2020-09-28 16:26:51,0x81f8ed2e6aef964c8bddba1701de1dc60c8209d5cfa1b6fdfaf38c2520bcc5cd,46,0xe01e115a7f64fd2c20c5e5e4b9941e81a1d9bfa7abde95632b6438b6274c9ca1,0xdfec8f6b70b1f046a05b2b7234e1553fc1a191e4,0xd3e8695d2bef061eab38b5ef526c0f714108119c,0xd152f549545093347a162dce210e7293f1452150,9.9e+20,YFIVE.FINANCE,YFIVE,18,130,93343,175000000000,73922,8782096,deprecated,4231782
68,10952000,2020-09-28 16:27:38,0x2d8fce5618d30c30e3fb4aafaafc5fc8c734ec602e0f09c511cc008aa10655db,47,0x5275f70976275c4c096f01002bcdb85f5e81942d953d803e1ddf021a2b35cd52,0xdfec8f6b70b1f046a05b2b7234e1553fc1a191e4,0xd3e8695d2bef061eab38b5ef526c0f714108119c,0xd152f549545093347a162dce210e7293f1452150,9.9e+20,YFIVE.FINANCE,YFIVE,18,86,78122,175000000000,58922,5783040,deprecated,4231778
69,10958637,2020-09-29 17:14:06,0xfebff28664050a38dcf2cec42a36dc60dd86d1f81ed8e53a48aef5d79de52b00,387,0x6b860c52484b376c24b4ab85eeb8d21bb47527c6a748c448ac61b0facb124418,0x5d83b6b0cb6f4009dd61a8be5f17d4e05fcefc14,0xd3e8695d2bef061eab38b5ef526c0f714108119c,0xdfec8f6b70b1f046a05b2b7234e1553fc1a191e4,4.991973304754363e+18,YFIVE.FINANCE,YFIVE,18,41,300000,180000000000,88098,3288110,deprecated,4225141
70,10964705,2020-09-30 16:02:05,0x58c3e80f131b9e9245d3fc6d1406a75fec30d86558264089eff3ba9171b8b106,27,0xeea976a3a3d95e70d61b095c4ed2b3fbe01c8ef39264f5be5bb93dd652d9f5b1,0x5d83b6b0cb6f4009dd61a8be5f17d4e05fcefc14,0xd3e8695d2bef061eab38b5ef526c0f714108119c,0xdfec8f6b70b1f046a05b2b7234e1553fc1a191e4,8.80435505752773e+17,YFIVE.FINANCE,YFIVE,18,15,300000,180000000000,129284,794098,deprecated,4219073
71,10966200,2020-09-30 21:30:27,0xd3e2f08103494ff71dfd8e66e6f9edc3a8f106486645134674404930d7b6e59a,181,0x1a1b3de6a4afc830cbdd416778dd3bac1387dba82e4145f5bd5486f95260f559,0x5d83b6b0cb6f4009dd61a8be5f17d4e05fcefc14,0xd3e8695d2bef061eab38b5ef526c0f714108119c,0xdfec8f6b70b1f046a05b2b7234e1553fc1a191e4,1.204826546808609e+18,YFIVE.FINANCE,YFIVE,18,66,300000,78000000000,114284,5405389,deprecated,4217578
72,10973854,2020-10-02 02:04:09,0x05c363a1141fe34354afea36845ba9560b357fd7a2a0ecf73d2a0ed08331971c,1351,0x013d1bb1442ca96c51853af3ca3d1bf3227898b939d2fea9f44b54d212363bbd,0x5d83b6b0cb6f4009dd61a8be5f17d4e05fcefc14,0xd3e8695d2bef061eab38b5ef526c0f714108119c,0xdfec8f6b70b1f046a05b2b7234e1553fc1a191e4,6.6e+17,YFIVE.FINANCE,YFIVE,18,119,300000,180000000000,159260,7501884,deprecated,4209924
73,10973902,2020-10-02 02:15:48,0x8c255c773a14583548d04d7505faa93886baa5bf98ffa7334555e6db15ae2aec,1354,0x4f81b2d33634e60b54489c9ee8e3ffa7e631be1f2ade0485faa7998de7ef9ae6,0x5d83b6b0cb6f4009dd61a8be5f17d4e05fcefc14,0xd3e8695d2bef061eab38b5ef526c0f714108119c,0xdfec8f6b70b1f046a05b2b7234e1553fc1a191e4,3.65e+17,YFIVE.FINANCE,YFIVE,18,38,300000,180000000000,103074,1705061,deprecated,4209876
74,10985279,2020-10-03 21:12:41,0x95337878e29495aefe48acb7f711d63c54a9180232444c6d0b889ab627c8d68b,149,0x2fed028624d0b311aac4116e1fa13c6f2883bbcab5e7d628ddce961560d126ed,0x5d83b6b0cb6f4009dd61a8be5f17d4e05fcefc14,0xd3e8695d2bef061eab38b5ef526c0f714108119c,0xdfec8f6b70b1f046a05b2b7234e1553fc1a191e4,1.9975480568640874e+17,YFIVE.FINANCE,YFIVE,18,6,300000,180000000000,114284,581321,deprecated,4198499
75,10988841,2020-10-04 10:28:17,0x33812e388e4c37d8457778a8d6faa05e513ec655ca97a90cc2bbb5b841d7e9a4,5,0x8fd9026e785e09154da0e9b83883092a5b994806bd47b2c733034d019d312ff2,0x5d83b6b0cb6f4009dd61a8be5f17d4e05fcefc14,0xd3e8695d2bef061eab38b5ef526c0f714108119c,0xdfec8f6b70b1f046a05b2b7234e1553fc1a191e4,1.17752e+17,YFIVE.FINANCE,YFIVE,18,115,300000,180000000000,144248,4320067,deprecated,4194937
76,10990548,2020-10-04 16:50:35,0x553bfab51fbbd9ec9e910aff8988dbd8d6da5a0588cb35e672892838be6916a2,8,0xab2273ddbb858f289911da9db738ffbd099f70e4f500cace8f3ffc9dfc5e7bf5,0x5d83b6b0cb6f4009dd61a8be5f17d4e05fcefc14,0xd3e8695d2bef061eab38b5ef526c0f714108119c,0xdfec8f6b70b1f046a05b2b7234e1553fc1a191e4,2.2671770076887466e+17,YFIVE.FINANCE,YFIVE,18,142,300000,180000000000,103098,5882186,deprecated,4193230
77,10993456,2020-10-05 03:55:52,0x86956a72fb151b7689c339878efe55270f05968dbf2e27ebc4ef899396f4f710,4,0x5256b46bed6609dbacb473f5cc4bde09f1d6a661d41f6a1f7bd7a756b50ff581,0x5d83b6b0cb6f4009dd61a8be5f17d4e05fcefc14,0xd3e8695d2bef061eab38b5ef526c0f714108119c,0xdfec8f6b70b1f046a05b2b7234e1553fc1a191e4,4.0945938942756595e+17,YFIVE.FINANCE,YFIVE,18,94,300000,180000000000,144284,10678078,deprecated,4190322
78,11003716,2020-10-06 18:17:18,0xb47115bb0b94b75da0a98804afccc8e08d2783007b594f8e4d10a2770f0407d7,23,0x10a3e412064ae47a9db322f8b96bc4b8ba38c09b8ec3af5b700c9b42e9b60a3c,0x5d83b6b0cb6f4009dd61a8be5f17d4e05fcefc14,0xd3e8695d2bef061eab38b5ef526c0f714108119c,0xdfec8f6b70b1f046a05b2b7234e1553fc1a191e4,1.996451896580888e+17,YFIVE.FINANCE,YFIVE,18,154,300000,180000000000,103098,10464248,deprecated,4180062
79,11013713,2020-10-08 07:50:27,0xd2dc62bc952f7679fcc8753a710745e56099114072b2b1f3e7b1aed9e48085c0,98,0xf47eb9f1031946cd5f625ba644e64eaab61ba71bc49a79bba3f49dc7e606d20d,0x5d83b6b0cb6f4009dd61a8be5f17d4e05fcefc14,0xd3e8695d2bef061eab38b5ef526c0f714108119c,0xdfec8f6b70b1f046a05b2b7234e1553fc1a191e4,2.4138042485461293e+17,YFIVE.FINANCE,YFIVE,18,89,300000,78000000000,144284,7422617,deprecated,4170065
80,11018168,2020-10-09 00:51:20,0x949f6f1179665913826cd1e04cdb6b00c7b88e6139e676440c2c6daaeb02d879,51,0x39bc7235db76a1f7531f25a2f287010c9cb54b1030310209175321c18bb7706d,0x5d83b6b0cb6f4009dd61a8be5f17d4e05fcefc14,0xd3e8695d2bef061eab38b5ef526c0f714108119c,0xdfec8f6b70b1f046a05b2b7234e1553fc1a191e4,2.9653100147018675e+18,YFIVE.FINANCE,YFIVE,18,40,300000,35000000000,144284,3907463,deprecated,4165610
81,11102691,2020-10-22 00:09:30,0xce4b475e90af92ff69d1279e810b86485aa91634a6c2aaa65943e7fd80a7511b,49,0xa048b16e8b35e2720dfa10999031ad3573e19176476e4eb30fa047f76ea1bd0c,0x5d83b6b0cb6f4009dd61a8be5f17d4e05fcefc14,0xd3e8695d2bef061eab38b5ef526c0f714108119c,0xdfec8f6b70b1f046a05b2b7234e1553fc1a191e4,1.509899247509145e+17,YFIVE.FINANCE,YFIVE,18,0,300000,180000000000,144272,144272,deprecated,4081087
82,11162716,2020-10-31 05:15:27,0xd6d0758844409b316fb99c0aa2726d846eed0fe0fb6e8e7c3dca53dbdce7c64e,536,0xfa7d4877a422ca8be9307daea7d5c67327839fa7db35b00f79253112dd3ff104,0x5d83b6b0cb6f4009dd61a8be5f17d4e05fcefc14,0xd3e8695d2bef061eab38b5ef526c0f714108119c,0xdfec8f6b70b1f046a05b2b7234e1553fc1a191e4,5e+17,YFIVE.FINANCE,YFIVE,18,181,300000,180000000000,144260,8529645,deprecated,4021062
83,11215855,2020-11-08 09:08:52,0x3196c609f965868f8bd31ab0e29b55c0e9e2d25fa85727a73495cace3ad3c0f9,88,0xfa7a836cb08bd4b5975405e98005563a8640567d71456c7418ae57dfd5402f31,0x5d83b6b0cb6f4009dd61a8be5f17d4e05fcefc14,0xd3e8695d2bef061eab38b5ef526c0f714108119c,0xdfec8f6b70b1f046a05b2b7234e1553fc1a191e4,9.212197149920421e+16,YFIVE.FINANCE,YFIVE,18,129,300000,180000000000,144272,7890284,deprecated,3967923
84,11220583,2020-11-09 02:28:59,0xa6bcd4461e28267c758804f058491cb2dd1a7bec9c583389f818d08bfcc2faaa,10,0x578d93b09c91bd70b7ca3b2292deb342397d172c944630223b8de7df54564e07,0x5d83b6b0cb6f4009dd61a8be5f17d4e05fcefc14,0xd3e8695d2bef061eab38b5ef526c0f714108119c,0xdfec8f6b70b1f046a05b2b7234e1553fc1a191e4,2.726956503e+17,YFIVE.FINANCE,YFIVE,18,150,250000,21100000000,144272,11380655,deprecated,3963195
85,11225422,2020-11-09 20:15:14,0x2af1d7ce65a181051bfcce0e9dfcd503129ddb1b839f62bbdd5f585d5e5b1526,58,0xc947257913ca04e7486fe0575915018fcc1a21cac93a40c52ebb3989ea996408,0x5d83b6b0cb6f4009dd61a8be5f17d4e05fcefc14,0xd3e8695d2bef061eab38b5ef526c0f714108119c,0xdfec8f6b70b1f046a05b2b7234e1553fc1a191e4,2.1456245745160598e+17,YFIVE.FINANCE,YFIVE,18,109,300000,17600000000,144284,6165453,deprecated,3958356
86,11229365,2020-11-10 10:51:12,0x4b69cf1722a2b4bdad2aaaeb5f67851f34881ed7df2b6ee6ea2609547ca3c09b,65,0x1cff663618b92ed0861102bce839cb50ba6e30ecb56d2c63e528e96d54f44714,0x5d83b6b0cb6f4009dd61a8be5f17d4e05fcefc14,0xd3e8695d2bef061eab38b5ef526c0f714108119c,0xdfec8f6b70b1f046a05b2b7234e1553fc1a191e4,8.060336629163219e+17,YFIVE.FINANCE,YFIVE,18,156,300000,53000000000,103098,8578856,deprecated,3954413
87,11439413,2020-12-12 17:14:04,0xdd91f21523a39c427b03e88a7e38f8db6cccc79a2f4e47394ae42767704eb84d,61,0x6664c7ec4eebae1af05e17b566a6540ecbd117168f56a5f1f897223e0cefdceb,0x5d83b6b0cb6f4009dd61a8be5f17d4e05fcefc14,0xd3e8695d2bef061eab38b5ef526c0f714108119c,0xdfec8f6b70b1f046a05b2b7234e1553fc1a191e4,1.5100104887115587e+17,YFIVE.FINANCE,YFIVE,18,120,300000,18000000000,144272,10685496,deprecated,3744365
88,11473249,2020-12-17 22:05:23,0xbb526a3ca752ad9fe78a238185323f020ff466af5bd0494a6c0b4e278e4f6990,24,0xe4e4420d42464d8176ebab59ca527a5593d6da64ccc79d22294835e7dee6d17d,0x5d83b6b0cb6f4009dd61a8be5f17d4e05fcefc14,0xd3e8695d2bef061eab38b5ef526c0f714108119c,0xdfec8f6b70b1f046a05b2b7234e1553fc1a191e4,5.24251608689846e+17,YFIVE.FINANCE,YFIVE,18,0,300000,180000000000,144284,144284,deprecated,3710529
89,11665222,2021-01-16 08:31:40,0x1e89dc605568fa8a6faae44a1c3ac1f1eefee3310df6c3352ed0655f6c935957,27,0x1d81af0832b4550b446895213298e4149f30832353f811449ecc0df766aee894,0x5d83b6b0cb6f4009dd61a8be5f17d4e05fcefc14,0xd3e8695d2bef061eab38b5ef526c0f714108119c,0xdfec8f6b70b1f046a05b2b7234e1553fc1a191e4,4.649497582332439e+16,YFIVE.FINANCE,YFIVE,18,56,300000,54000000000,144272,3923397,deprecated,3518556
90,12172296,2021-04-04 09:25:06,0x219566ba876b757a3ab4d1cec90d103a946e4c9c13f3250ec4b338cd61078081,54,0x64d352c5e777507b700d22a0820f32dd7d6b6b99625fd50e8c80d6fba1b9e4c7,0xdfec8f6b70b1f046a05b2b7234e1553fc1a191e4,0xd3e8695d2bef061eab38b5ef526c0f714108119c,0xf663b4c81f42cf05954054ec014b9d5a34501eb4,1.3e+21,YFIVE.FINANCE,YFIVE,18,59,224218,116000000000,181222,3969109,deprecated,3011482
91,12172296,2021-04-04 09:25:06,0x219566ba876b757a3ab4d1cec90d103a946e4c9c13f3250ec4b338cd61078081,54,0x64d352c5e777507b700d22a0820f32dd7d6b6b99625fd50e8c80d6fba1b9e4c7,0x0d4a11d5eeaac28ec3f61d100daf4d40471f1852,0xdac17f958d2ee523a2206206994597c13d831ec7,0xdfec8f6b70b1f046a05b2b7234e1553fc1a191e4,5583536451.0,Tether USD,USDT,6,59,224218,116000000000,181222,3969109,deprecated,3011482
92,12215877,2021-04-11 02:11:32,0x292465257745bebdfaf54c8037a949d374c1de5868c12b71f567578f3698107d,7,0x9687cf836340753b3e2ada7baf38c837cffb91a524f888378ff0480d789882b5,0x5d83b6b0cb6f4009dd61a8be5f17d4e05fcefc14,0xd3e8695d2bef061eab38b5ef526c0f714108119c,0xdfec8f6b70b1f046a05b2b7234e1553fc1a191e4,4.567173946140441e+17,YFIVE.FINANCE,YFIVE,18,127,300000,180000000000,144284,8149487,deprecated,2967901
93,12452999,2021-05-17 16:25:43,0x1cc1b3d53f92d46a0817333eb0a7931e0c846b9fe4bcdc4d4cec3e45ce7f2bb0,56,0xfbddea10b049d4b28ab29900cc7ed2526b9868acc44bf91d98e490f372a1b551,0xdfec8f6b70b1f046a05b2b7234e1553fc1a191e4,0xdac17f958d2ee523a2206206994597c13d831ec7,0x3041cbd36888becc7bbcbc0045e3b1f144466f5f,500000000.0,Tether USD,USDT,6,95,177478,83500001459,142076,9288404,deprecated,2730779
94,12452999,2021-05-17 16:25:43,0x1cc1b3d53f92d46a0817333eb0a7931e0c846b9fe4bcdc4d4cec3e45ce7f2bb0,56,0xfbddea10b049d4b28ab29900cc7ed2526b9868acc44bf91d98e490f372a1b551,0x3041cbd36888becc7bbcbc0045e3b1f144466f5f,0xa0b86991c6218b36c1d19d4a2e9eb0ce3606eb48,0xdfec8f6b70b1f046a05b2b7234e1553fc1a191e4,498886985.0,USD Coin,USDC,6,95,177478,83500001459,142076,9288404,deprecated,2730779
95,12453004,2021-05-17 16:27:34,0x71e85f3bb61ccfcf6dfbd20b665d7fe828f7acea9468325adb0a2f757889aa29,58,0x2521f1914bf95e5fa073481542dfbb7f1a71f62f0bcafcd07486982a54e57c8f,0xdfec8f6b70b1f046a05b2b7234e1553fc1a191e4,0xa0b86991c6218b36c1d19d4a2e9eb0ce3606eb48,0x52de8d3febd3a06d3c627f59d56e6892b80dcf12,450000000.0,USD Coin,USDC,6,13,300000,170000000000,79570,1600057,deprecated,2730774
96,12653901,2021-06-17 19:43:07,0x6cce270cf27bd2949d8f81c5778ed5cf0c58634ffde6c8c319d3df6db06b6a67,59,0xa4f584dc849c2bca4935b50f5411014ecec3666f801f9e907e846c40b7e8a025,0xdfec8f6b70b1f046a05b2b7234e1553fc1a191e4,0xd3e8695d2bef061eab38b5ef526c0f714108119c,0x559da8822a2c3dd0a06e4c7a543e0ebde248ae66,3e+21,YFIVE.FINANCE,YFIVE,18,100,77872,29000000000,51915,12300633,deprecated,2529877
97,13181208,2021-09-07 21:58:25,0x47ef771964b6c71db8656aafca1d4a07b8d3291b95b094920c87585220263a0b,60,0xa6f1716c2def8d48dcb97c9fca4508944ccac3270c158eeea9b26c538e5e69c0,0x17e00383a843a9922bca3b280c0ade9f8ba48449,0xf663b4c81f42cf05954054ec014b9d5a34501eb4,0xdfec8f6b70b1f046a05b2b7234e1553fc1a191e4,3.1369872648769235e+20,Uniswap V2,UNI-V2,18,183,86025,104707216733,81225,12301531,deprecated,2002570
98,13181254,2021-09-07 22:09:36,0x6bfbd8d18fab7eb0906d4ad5e7fc5c15c5216a237f3dd646723ff984911d02f9,62,0xcf83593a738538ca53271478d240799ff96226e9f75a82ac66581a4940905891,0xdfec8f6b70b1f046a05b2b7234e1553fc1a191e4,0xf663b4c81f42cf05954054ec014b9d5a34501eb4,0xf663b4c81f42cf05954054ec014b9d5a34501eb4,3.1369872648769235e+20,Uniswap V2,UNI-V2,18,68,311540,120621228499,206044,6026644,deprecated,2002524
99,13181254,2021-09-07 22:09:36,0x6bfbd8d18fab7eb0906d4ad5e7fc5c15c5216a237f3dd646723ff984911d02f9,62,0xcf83593a738538ca53271478d240799ff96226e9f75a82ac66581a4940905891,0x7a250d5630b4cf539739df2c5dacb4c659f2488d,0xd3e8695d2bef061eab38b5ef526c0f714108119c,0xdfec8f6b70b1f046a05b2b7234e1553fc1a191e4,1.0773436544824507e+22,YFIVE.FINANCE,YFIVE,18,68,311540,120621228499,206044,6026644,deprecated,2002524
100,13181266,2021-09-07 22:12:37,0xf9ebe22680152d69a7867ecad5ea7ff15e785d89b688480ec07c768149e43a26,63,0x92daab52837849b6600155d1b71c5a17ffd2af2c591d62507dc325cf4ff21301,0x7858e59e0c01ea06df3af3d20ac7b0003275d4bf,0xdac17f958d2ee523a2206206994597c13d831ec7,0xdfec8f6b70b1f046a05b2b7234e1553fc1a191e4,45584688074.0,Tether USD,USDT,6,281,282108,142182797542,203668,19145981,deprecated,2002512
101,13181352,2021-09-07 22:31:12,0x022b7b70e4969448775012021a61769653187bf19827b6f14d2e7b1d1d3a35fe,64,0x9601e524b0d6636fedfe9692273292641e0795eb94b74064d0ffa8333aad6e78,0xdfec8f6b70b1f046a05b2b7234e1553fc1a191e4,0xdac17f958d2ee523a2206206994597c13d831ec7,0x315b2e071ec590ec15fbe4c2a9cc40ecb767f086,10000000000.0,Tether USD,USDT,6,256,94813,111076355440,63209,18726081,deprecated,2002426
102,13181362,2021-09-07 22:33:27,0xc594275284b0504b470cffea0e1661e26f19f9c1d3e1729096ce567b4bc3bd6b,65,0x9ae53666e3c2300bc55f1ebf5db19d802a1a3a134f78952d44f02aa229524781,0xdfec8f6b70b1f046a05b2b7234e1553fc1a191e4,0xdac17f958d2ee523a2206206994597c13d831ec7,0x18168cec9a9f2aa697851c70e72543e979e7ad94,10000000000.0,Tether USD,USDT,6,141,94813,101280135242,63209,11444337,deprecated,2002416
103,13181367,2021-09-07 22:34:40,0x737671f50db414b5b801df4245c9f7dbe9e0af8b4396e0470adf067ea7bd6271,66,0xd9282858073d140aed8033e7c4ee33af73ffb9be4d7f60e002bf102982477260,0xdfec8f6b70b1f046a05b2b7234e1553fc1a191e4,0xdac17f958d2ee523a2206206994597c13d831ec7,0xcd5a381efc074980054b156868596b95792ac744,10000000000.0,Tether USD,USDT,6,257,94813,106284992850,63209,23362233,deprecated,2002411
104,13181388,2021-09-07 22:40:17,0xa4d5c0f25260f6f9bc6d89f32fbfd55a7dad8a21e382cc2abd0ca2fc24e8fada,67,0x5b3a7f4247e6900c8e1e4fca85217fb881895fb210e6805b4db5b0c07ff390be,0xdfec8f6b70b1f046a05b2b7234e1553fc1a191e4,0xdac17f958d2ee523a2206206994597c13d831ec7,0x731b52b13a588398630719b1c79bf078d039be7c,20668224525.0,Tether USD,USDT,6,165,94831,111112128235,58421,13587505,deprecated,2002390
