,blockNumber,timeStamp,hash,nonce,blockHash,from,contractAddress,to,value,tokenName,tokenSymbol,tokenDecimal,transactionIndex,gas,gasPrice,gasUsed,cumulativeGasUsed,input,confirmations
0,5760307,2018-06-09 18:14:15,0x3798627458a99a656a22bd1b5b15bf11ab78aec024093e9d0106d3ef3601d050,205338,0x55c8b273cbdd7d7e732db4f8fa70da9436525242108f437aa917058025fb9b85,0x6cc5f688a315f3dc28a7781717a9a798a59fda7b,0x2d0e95bd4795d7ace0da3c0ff7b706a5970eb9d3,0x7d7696a4ffe79d4deac802e89d3ce1069d7ff724,2e+19,All Sports Coin,SOC,18,92,420000,20000000000,52075,3096951,deprecated,9424366
1,5760354,2018-06-09 18:26:50,0x4736d7b253ce95f1ea2250b405be73d12f3333f5ee9f3d045408922c4cd83228,205341,0x5535565956cbb27adb33de545e14286496419e509ab1d6196d7b5587d1d9da37,0x6cc5f688a315f3dc28a7781717a9a798a59fda7b,0x2d0e95bd4795d7ace0da3c0ff7b706a5970eb9d3,0x7d7696a4ffe79d4deac802e89d3ce1069d7ff724,1.0998e+23,All Sports Coin,SOC,18,32,420000,20000000000,37139,936318,deprecated,9424319
2,5785772,2018-06-14 05:39:50,0xf20ce7b8c42098dc831ded2f117eeeb79164099c0c67935005625a14f2773c66,0,0x564d18048d40b1838f39dbb91a8dcd4adb1750fe870e6953a76f124001b279cd,0x7d7696a4ffe79d4deac802e89d3ce1069d7ff724,0x2d0e95bd4795d7ace0da3c0ff7b706a5970eb9d3,0x2f700ecd69e4535c27a183cfd91b79ed423efde9,2e+19,All Sports Coin,SOC,18,150,60000,9100000000,52075,5843821,deprecated,9398901
3,5785800,2018-06-14 05:47:25,0x6e71898af7bd6e79d6db254c499d9243d7564def9c40366a3f7e0887aba33edd,1,0xdb75cac1d5a32f1e3de05a4a0a245ba13536cc9b91ccc39ebc2765901c31b227,0x7d7696a4ffe79d4deac802e89d3ce1069d7ff724,0x2d0e95bd4795d7ace0da3c0ff7b706a5970eb9d3,0x2f700ecd69e4535c27a183cfd91b79ed423efde9,9.98e+21,All Sports Coin,SOC,18,156,60000,9100000000,37139,5891604,deprecated,9398873
4,5787498,2018-06-14 12:56:38,0xd742269a5c4a37078a5b8f6921e69fbe1621af537cb82f8c77636cc2b4822279,2,0xd0e9b4b38bc5335b4692bbdaafc8a13926012b27d92492dfac5877dcbc943eb0,0x7d7696a4ffe79d4deac802e89d3ce1069d7ff724,0x2d0e95bd4795d7ace0da3c0ff7b706a5970eb9d3,0xfa96c10cdcbac181f6b4db35db7735305b87c85d,1e+20,All Sports Coin,SOC,18,137,60000,9100000000,37075,5412975,deprecated,9397175
5,5797232,2018-06-16 05:13:15,0x94d8780f77264d16f9786259d68b8c7b0304a32af0b2e9a2c1ed6d9728dcd321,142,0x459ae9e756c8277aa3c2c5aeef172b473a567480e8d9d383d3447352af86849a,0x89c7641151d42b1a00b965f575138c0ef9e28803,0x2d0e95bd4795d7ace0da3c0ff7b706a5970eb9d3,0x7d7696a4ffe79d4deac802e89d3ce1069d7ff724,5.3e+19,All Sports Coin,SOC,18,8,60000,26287500000,37075,236319,deprecated,9387441
6,5799667,2018-06-16 15:11:51,0xc8f6ed264b281de760c3a99040313c775bc7e01e9bef8f7ea56d8dcf9df78178,3,0x2fdf33bc3f355a5608a6e6ea47c4b81d4893e9091f090d4dab8105f1045429df,0x7d7696a4ffe79d4deac802e89d3ce1069d7ff724,0x2d0e95bd4795d7ace0da3c0ff7b706a5970eb9d3,0x43e22fcb8f5d5b6a10a0d235a7d77f142809654c,2e+20,All Sports Coin,SOC,18,83,60000,9100000000,37075,4311346,deprecated,9385006
7,5806147,2018-06-17 17:39:12,0x908a5abc815bf2f70365688a107fedb50dec6f23e88c07f0af275fdad54a602c,4,0x43e4504a7081ec3a5d750417ae90718090157957826703217ec367dee4e6e5c6,0x7d7696a4ffe79d4deac802e89d3ce1069d7ff724,0x2d0e95bd4795d7ace0da3c0ff7b706a5970eb9d3,0xc6b16e27675929a5e9f4e0455950a1fdddd70d19,1e+20,All Sports Coin,SOC,18,66,60000,9100000000,37075,2357618,deprecated,9378526
8,5806153,2018-06-17 17:40:45,0x8139c39017594c57c01b149d0874b8333ffc29a028d6f0d7276296657781eaaa,5,0x1ee71603571b98ed7a0081fdcf6fcb2f987a1967ca950321b507303ad6520d3a,0x7d7696a4ffe79d4deac802e89d3ce1069d7ff724,0x2d0e95bd4795d7ace0da3c0ff7b706a5970eb9d3,0x80070e2204cf4796ea33f033393200f510ab3d0e,1e+20,All Sports Coin,SOC,18,35,60000,9100000000,37011,1121651,deprecated,9378520
9,5806787,2018-06-17 20:08:07,0x56f9a579cd6e2e81c569de4b5d638d7046217d155410d53e63851d86b833752f,300,0x801e09411e842e4cbdf2695122594bab79bb73b7fa37d961cb5ad58859478405,0x575c4d980aaccb5be0a26f9b2f3257813ad3bc4e,0x2d0e95bd4795d7ace0da3c0ff7b706a5970eb9d3,0x7d7696a4ffe79d4deac802e89d3ce1069d7ff724,5.44e+20,All Sports Coin,SOC,18,134,60000,12100000000,37075,4827161,deprecated,9377886
10,5809298,2018-06-18 06:01:03,0xa1f5db9cc95ead572d9286742c43d2e8044e151fc7c4b541f2a122cf2398d67c,6,0x3d2c2ebae963abf7820208840dd6e4ae7a7a9a07b61dd4353121f3d57fcb31a4,0x7d7696a4ffe79d4deac802e89d3ce1069d7ff724,0x2d0e95bd4795d7ace0da3c0ff7b706a5970eb9d3,0xd6de26212b584604631e1ee92a4844bf54105559,2.97e+20,All Sports Coin,SOC,18,117,60000,9100000000,37075,4186884,deprecated,9375375
11,5810141,2018-06-18 09:43:20,0x012494448558e7e5567ec25c74dfbbfe21b801ad6c93982589807fcdc579bafc,7,0xb845a31fa4b332c33b92df64caa3c1ade88671cdc122c70d0c0a6529c2fa0425,0x7d7696a4ffe79d4deac802e89d3ce1069d7ff724,0x2d0e95bd4795d7ace0da3c0ff7b706a5970eb9d3,0xd6de26212b584604631e1ee92a4844bf54105559,2.4e+21,All Sports Coin,SOC,18,62,60000,9100000000,37075,1895714,deprecated,9374532
12,5810149,2018-06-18 09:44:23,0x5d7b4bcf4c6ce2456e979ed96331126ca1425fdaf738b772b6248fe2f461760b,8,0x303b10000b30bf4dadec41fb012697e2e693a2bb5016a923ccfa6f4bc780ba46,0x7d7696a4ffe79d4deac802e89d3ce1069d7ff724,0x2d0e95bd4795d7ace0da3c0ff7b706a5970eb9d3,0xfdcb5ec0a1ce80bdf95712aae34eca3377e487a6,4e+20,All Sports Coin,SOC,18,75,60000,9100000000,37075,2069128,deprecated,9374524
13,5810559,2018-06-18 11:18:34,0x529d73482db37ddfe121ad7af5ed49e072693730762031a1a8a43bb3eb94d207,9,0x7fed7a62dfc93600c831a91afea6c2d2b01af6c05a05c9f6669674199d02bb47,0x7d7696a4ffe79d4deac802e89d3ce1069d7ff724,0x2d0e95bd4795d7ace0da3c0ff7b706a5970eb9d3,0x35a4ff671409c33be98bb4ee47327867540218ec,2e+21,All Sports Coin,SOC,18,32,60000,9100000000,37075,1730519,deprecated,9374114
14,5810621,2018-06-18 11:35:07,0x5f889af6ab6ec4790e8fb6aaf529b478c94a2a71812012c079bc60d5ff1f0452,10,0x6e140c93bf209fd451c9d504a2248c9525492a7a3a53fffb5f65897e0c7f36e6,0x7d7696a4ffe79d4deac802e89d3ce1069d7ff724,0x2d0e95bd4795d7ace0da3c0ff7b706a5970eb9d3,0xfdcb5ec0a1ce80bdf95712aae34eca3377e487a6,8e+20,All Sports Coin,SOC,18,104,60000,9100000000,37075,3572307,deprecated,9374052
15,5811234,2018-06-18 14:04:12,0x2f2a80edd559d8b1db4586bbabb9dbb5a1c69d77d00ccb2b21b2a43205714b86,341,0x441fb235ffbfa7b8c28275083f6217295c080f1879cbceac07ac718c046e45f8,0x575c4d980aaccb5be0a26f9b2f3257813ad3bc4e,0x2d0e95bd4795d7ace0da3c0ff7b706a5970eb9d3,0x7d7696a4ffe79d4deac802e89d3ce1069d7ff724,3.531e+21,All Sports Coin,SOC,18,55,60000,12100000000,37075,4426981,deprecated,9373439
16,5811280,2018-06-18 14:15:12,0x9842869f1a9d08b357700997b7123be9eb0e842f3b0f2a1a6f668e408432a6a1,356,0x89fab0ba5b8c9158df02c54de4d038cdbcba5a4fae1f5ce8749c7331d76e56aa,0x575c4d980aaccb5be0a26f9b2f3257813ad3bc4e,0x2d0e95bd4795d7ace0da3c0ff7b706a5970eb9d3,0x7d7696a4ffe79d4deac802e89d3ce1069d7ff724,3.707e+21,All Sports Coin,SOC,18,34,60000,12100000000,37075,1171666,deprecated,9373393
17,5811357,2018-06-18 14:36:44,0x5a30d907650cd1c81cfe9c64bba3eaf9896779d8be7f5cd73b5d9eb336430bbb,11,0x8551d118713c4822d144bf0776d239abb04ac2bc52425ba0f3ed655cc1549b65,0x7d7696a4ffe79d4deac802e89d3ce1069d7ff724,0x2d0e95bd4795d7ace0da3c0ff7b706a5970eb9d3,0x40e530763af09c4abf667f5e4cece1cadb2e8265,2e+20,All Sports Coin,SOC,18,46,60000,9100000000,37075,1634520,deprecated,9373316
18,5811364,2018-06-18 14:38:25,0x83b2f9e74d8cc7f4a5af49324ca37d537e9366f128937844ffa250d3c455e668,12,0x1a258c83b23d4c3f0cea12f52a34402c3c285cb210f38321e14a9d4b0dec80ad,0x7d7696a4ffe79d4deac802e89d3ce1069d7ff724,0x2d0e95bd4795d7ace0da3c0ff7b706a5970eb9d3,0x7b5cf0cde3093d7b381008d94cc5c46d3e5d5e1d,1e+20,All Sports Coin,SOC,18,48,60000,9100000000,37075,1684325,deprecated,9373309
19,5811376,2018-06-18 14:40:49,0x66be238c57994d01315e402ebba35f0e61197fdce5dbd95df8f7ce58fb8508fd,13,0x2ae6bc63f179f90b8bf1133e48acb189c03fd5ca061a71d3b7dd6eda7de2bd71,0x7d7696a4ffe79d4deac802e89d3ce1069d7ff724,0x2d0e95bd4795d7ace0da3c0ff7b706a5970eb9d3,0x938aed1e8c04ac56de68ba15ead2fdc195f512ff,1e+20,All Sports Coin,SOC,18,111,60000,9100000000,37075,3509704,deprecated,9373297
20,5815806,2018-06-19 08:43:12,0xa5515099b71e849138d8a66408f5b08ebea8457828e66b1c213d29790d36fa73,14,0x530ec1734d8c4f20ad730e5d63ca94e6da3223e8ad5ad68565e8bcf017e1d00e,0x7d7696a4ffe79d4deac802e89d3ce1069d7ff724,0x2d0e95bd4795d7ace0da3c0ff7b706a5970eb9d3,0xb89948e02722b39334f49710e46062fc9344bad4,1.038e+21,All Sports Coin,SOC,18,163,60000,9100000000,37075,4925778,deprecated,9368867
21,5816521,2018-06-19 11:38:44,0xa80c0a338cca013eab14a529f31284c4ea4c3972bdac0e7a39a454530767728a,15,0x64af86ef3b04b4523085095cdbd2004da272bb2a85c3563f6ea481fb03f7b708,0x7d7696a4ffe79d4deac802e89d3ce1069d7ff724,0x2d0e95bd4795d7ace0da3c0ff7b706a5970eb9d3,0xb89948e02722b39334f49710e46062fc9344bad4,1e+21,All Sports Coin,SOC,18,176,60000,10000000000,37075,5395221,deprecated,9368152
22,5817656,2018-06-19 16:10:17,0x9a95207171975c864b86fac21a790cf6d453b3cba3044a099b2bce45fdfbdbd1,16,0x01d9101b93f154f3f74d5323524ae40f2d77915b1ff78547a5a61ed2207f4b5a,0x7d7696a4ffe79d4deac802e89d3ce1069d7ff724,0x2d0e95bd4795d7ace0da3c0ff7b706a5970eb9d3,0x0bf382e3682b9002301a1403ef65274de88d1485,2e+21,All Sports Coin,SOC,18,73,60000,1000000000,37075,6877367,deprecated,9367017
23,5817678,2018-06-19 16:15:31,0x81cf2c1c8ad5ac1ca2cde8caa80bc7a51ff506ae04be2e3aeef57bce7dfb76cc,2,0xdf309a5e59009404faed1729e0df4a7408f70638005ddef8c02675ae9ac0e565,0x3847cee61e16b4e0bbef5575a994a06c39107a41,0x2d0e95bd4795d7ace0da3c0ff7b706a5970eb9d3,0x7d7696a4ffe79d4deac802e89d3ce1069d7ff724,1.995e+21,All Sports Coin,SOC,18,203,60000,12100000000,37075,7828272,deprecated,9366995
24,5817949,2018-06-19 17:26:42,0xca5a3296ea3e31aaf89505c2331fc92546d38c62387bf39255191ad1f3cb3412,17,0xd8544e84090509caaf066d83ed91b9c77c7f31fadb816f562a93b0b01a1a9cd2,0x7d7696a4ffe79d4deac802e89d3ce1069d7ff724,0x2d0e95bd4795d7ace0da3c0ff7b706a5970eb9d3,0x40adbcee191dbb2ffd3f1b2523fadcada7d7583a,1e+21,All Sports Coin,SOC,18,0,60000,100000000000,37075,37075,deprecated,9366724
25,5939091,2018-07-10 13:09:19,0xec8a3a876acaee865fb157f6b299493da46e6c01edb41e2fbca2f4a29e54d52a,18,0xe0b036072f03e91beccd97dd48b5ffa22975bcfe8148c3c142c919a601edd4fc,0x7d7696a4ffe79d4deac802e89d3ce1069d7ff724,0x2d0e95bd4795d7ace0da3c0ff7b706a5970eb9d3,0x2f700ecd69e4535c27a183cfd91b79ed423efde9,9.7995e+22,All Sports Coin,SOC,18,74,60000,33812500000,22139,2360341,deprecated,9245582
26,5944902,2018-07-11 13:14:15,0x448fe63cc94e22ec35b416d84e086c9e16652c5420ad69e0811b6004abd3efa4,9,0x6804ba2902d63e381f0ad7fa94f7f97a6188373c92bb9f08dcf62223fee3efb9,0xe0a22d8f528048ea7dc39fd660d2ac1f1c959569,0xee395235ac363725c6b895d8994706cb7050482f,0x7d7696a4ffe79d4deac802e89d3ce1069d7ff724,1000000000000.0,DataShieldCoin,DSCoin,8,9,5780616,15000000000,3838744,4197046,deprecated,9239771
27,5945458,2018-07-11 15:32:44,0xe794515377d692d02c730b4dc6064d7e7c44fa2f2811faa116105fef82e78b39,19,0x31bfef4e97ba97cd4e61b35b2273b9620eec4b16eef11292856de9c02dd29520,0x7d7696a4ffe79d4deac802e89d3ce1069d7ff724,0xee395235ac363725c6b895d8994706cb7050482f,0xa5bebae75b4cf98b07462acdfccfcbec942fdcc0,1000000000000.0,DataShieldCoin,DSCoin,8,3,60000,100000000000,37691,131925,deprecated,9239215
28,5955059,2018-07-13 05:45:54,0x7454fde0a14d17a66b2fc0a2669db078c9862b2e6c826a0995b019f2b69ca261,0,0x4f14fae9ca35cabd24c5ca9e5f3af940f40c11e2f051513ce4e5eaa50151838c,0x90e47953e6874e30116b1c3ecb39b20b9b9b0f64,0xee395235ac363725c6b895d8994706cb7050482f,0x7d7696a4ffe79d4deac802e89d3ce1069d7ff724,1000000000000.0,DataShieldCoin,DSCoin,8,74,60000,16000000000,37691,1907210,deprecated,9229614
29,5955202,2018-07-13 06:23:36,0x8bd7616b0aec29d49cf20bd807adf26e60d81fc7dcb8e078bb40da90d4cde2a4,27,0x25f181a34955b7eb423633b06dbacc510f499a890db355ebc062f17bdf6d1783,0x7d7696a4ffe79d4deac802e89d3ce1069d7ff724,0xee395235ac363725c6b895d8994706cb7050482f,0x6eea9baebf5d9a40e2af18a4690c477ae1c7e959,100000000000.0,DataShieldCoin,DSCoin,8,67,60000,16000000000,52691,2899376,deprecated,9229471
30,5955269,2018-07-13 06:43:14,0xa8632c6b63f894238302233fdbf21242a74cce4d52c3babd8668a8b0bb7ba5ca,28,0x7633a342c3d5349c5ff6282ae18c62d34637f6ccf5b8ed0acce07cc773dfc51f,0x7d7696a4ffe79d4deac802e89d3ce1069d7ff724,0xee395235ac363725c6b895d8994706cb7050482f,0x6eea9baebf5d9a40e2af18a4690c477ae1c7e959,900000000000.0,DataShieldCoin,DSCoin,8,96,60000,15000000000,22691,3627816,deprecated,9229404
31,5978048,2018-07-17 02:15:15,0x9caea4a564cc0cb4b836983525350a4f0bc63d892774ac112d21f3257848c457,65,0x23ecb06d7d7dc2e595d19c882ce75cc68f98adb9bc10f8980f63f9f5b7c2605c,0x9a1c706a6b126d9503e17745f741ea4ba9ac99d8,0xa9d2927d3a04309e008b6af6e2e282ae2952e7fd,0x7d7696a4ffe79d4deac802e89d3ce1069d7ff724,1.66e+20,Zipper,ZIP,18,17,6812548,7000000000,6797548,7878084,deprecated,9206625
32,5978584,2018-07-17 04:17:53,0x325eb9dcedfebfec552583430880c85808770a4af7202251920672cc006690c1,11,0x46033360a7b64007af87d6ab5f6e675c7362128e84f94f5138f4b4cdf8e0e155,0xe9c1a41b0ba27e80b138c0e17e7cc681b26099cf,0xee395235ac363725c6b895d8994706cb7050482f,0x7d7696a4ffe79d4deac802e89d3ce1069d7ff724,100000000000.0,DataShieldCoin,DSCoin,8,44,4764007,4000000000,3161005,5462138,deprecated,9206089
33,6040676,2018-07-27 18:31:53,0x4e4b24332b74927509099f2001a3453dcb25b1c1b4e97870e5faefd548b98c59,5283,0x59eb48c75dd3676215f38acc07927ca11c189694ed99833bea79fac4e9d533e3,0xb2019ef6e100f6345a998efdf0032d1c905a997f,0xd6c523854f08759df65fd335c80a5609e2a28d5f,0x7d7696a4ffe79d4deac802e89d3ce1069d7ff724,1.125e+20,LEXT,LEXT,18,42,60000,3000000000,51970,1598972,deprecated,9143997
34,6547972,2018-10-20 03:32:15,0xa95159296c4056b24cb903a83107df4b99a909585dbbc3630aa3c780f0b8091c,33,0x5b939553feeff1d3df07013685123f190fb5565ed7541039997fd71ba073061a,0x0000000000000000000000000000000000000000,0x7d2d8ad6d6c689b583fbd91f7b54c4395815de30,0x7d7696a4ffe79d4deac802e89d3ce1069d7ff724,12348291315852.0,RedRabbitToken,REDRA,8,87,100591,5000000000,83826,7000399,deprecated,8636701
35,6547989,2018-10-20 03:35:47,0x9f89a5f96713226f9db81102f068171831a0b945f09f9c97c6b75ca9acf90138,34,0xe85f64ed0d9e7f56127d80a83931197f9d46f671afb0a0609974dbb6c186abca,0x0000000000000000000000000000000000000000,0x816051e2203ca534c4336d8d6df71987fa3ae0bd,0x7d7696a4ffe79d4deac802e89d3ce1069d7ff724,1.0045233027335427e+23,FunKoin,FNK,18,70,100591,5000000000,83826,2907202,deprecated,8636684
36,6789305,2018-11-28 17:04:14,0x296a3ecd46e8ce773f130ffda6bb23884123e6cf642fbd8748a6cf9faf9b5899,21,0x0acf7bbceaf6cea263f89f8a9d981834a2e57660ce8ea1f852ec6d239f5af970,0xa5025faba6e70b84f74e9b1113e5f7f4e7f4859f,0x8716fc5da009d3a208f0178b637a50f4ef42400f,0x7d7696a4ffe79d4deac802e89d3ce1069d7ff724,5e+18,UltrainGas,UGAS,18,52,4277083,10000000000,3987445,6260027,deprecated,8395368
37,6955500,2018-12-26 09:48:04,0x78c89b5036c268e4af3186e7e100c6eb6c210ea33a26ca85c8fbfe7de8dfb2bc,815,0x9d27cf2509c6f543d2ef22129bed40647b8fb57babaaa87a8d3de7208bbce491,0xd3d27f411a2a92c501bd1da67ff9a26a1baa4878,0xdba351248ae615910afcad74566fe0af864cf271,0x7d7696a4ffe79d4deac802e89d3ce1069d7ff724,1e+23,Ten thousand merchants,TTM,18,66,60000,7896093750,52700,7430094,deprecated,8229173
38,6962142,2018-12-27 12:48:09,0xca79979e055e99d5d34a038b885e88dcdc9b071b2515dbd4d18896a616a729dc,1000,0x5ac6803b39701e4b94bd3072f93eb507cdf2e0cff1e7025257d1281208f3ce5d,0xd3d27f411a2a92c501bd1da67ff9a26a1baa4878,0xdba351248ae615910afcad74566fe0af864cf271,0x7d7696a4ffe79d4deac802e89d3ce1069d7ff724,5e+22,Ten thousand merchants,TTM,18,129,60000,7000000000,37700,5549629,deprecated,8222531
39,6962632,2018-12-27 14:47:55,0x8a9e7ee65593159e68dd382680ca13616a8759125c8a01ef6ab035ef206c63ea,35,0xa85017a46f089c8089c93906ef4171b6d1db6f5901ff6504abbb853e97035dc6,0x7d7696a4ffe79d4deac802e89d3ce1069d7ff724,0xdba351248ae615910afcad74566fe0af864cf271,0x429dff817d99d24bbfbfc94aa8fdcc14d27f23be,1.5e+23,Ten thousand merchants,TTM,18,95,60000,5218750000,22700,4000447,deprecated,8222041
40,7026450,2019-01-07 15:40:49,0xf013b28a12e381f52d2ce3c02e2843f801bedaf9b05ce96c7ee1b7407950c0f2,85,0xe852b6373f6fac88cf053d35e77eb99ee73c88cada3a60653f26eba25d45efdf,0xb20d6b0ca54205e78adc919338bab0d0246ba293,0x8a62dc38b47eb3bf7a213e85df51a47431eb2d8e,0x7d7696a4ffe79d4deac802e89d3ce1069d7ff724,8.33e+20,Jouann chain,JON,18,145,60000,2945632000,51525,7300599,deprecated,8158223
41,7029597,2019-01-08 05:27:30,0x07697d234266477f5a75cfe53bdb35a0d57cf99a13723bd6d29e706b9ce0696b,36,0xfcbdbd09fb231668ef8620599ec5bdb0fa8f377e961401ad58d70ed4a0df69f7,0x7d7696a4ffe79d4deac802e89d3ce1069d7ff724,0x8a62dc38b47eb3bf7a213e85df51a47431eb2d8e,0x429dff817d99d24bbfbfc94aa8fdcc14d27f23be,8.33e+20,Jouann chain,JON,18,164,60000,8800220000,21525,6688526,deprecated,8155076
42,7029790,2019-01-08 06:15:15,0x1b927b1510174864ccb2cf8b9ab70106fde1f00e1c8cc89450d3901b706ac2e1,19949,0x02025f37eb89f72aeb7e613c1c5105a4dcce0727227f3ac503d009b6769df3e3,0x5906892a61fb475f6e175c67559c1262d9547599,0x53d4e5bf62a91ec53ea15991e2389310eeb855b2,0x7d7696a4ffe79d4deac802e89d3ce1069d7ff724,5e+19,GOEX Token,GOEX,18,40,90000,2000000000,52077,3251708,deprecated,8154883
43,7032395,2019-01-08 17:27:02,0x53daed022bf61a621fd27ae9cc819e48e248c3059d80f508b82c00ed17d2dcc2,489,0x2450f7975b311c153f08929ce8252bcd228afb6b0f8e71615386374a74a6de2c,0x81f542fd0b2955a1f011b6aaecca7fd84b0a0704,0x8a62dc38b47eb3bf7a213e85df51a47431eb2d8e,0x7d7696a4ffe79d4deac802e89d3ce1069d7ff724,1e+19,Jouann chain,JON,18,158,60000,3073437500,51461,7955416,deprecated,8152278
44,7035787,2019-01-09 07:55:13,0xa65280c6c742f33f08f3f01f82cf7de100da4f506305410a5745bbdbb770abd1,37,0x8de39db8a00df8ceb0f2e7deecd09fc8f4c1c909036b7066f29fbc3ab9a5b632,0x7d7696a4ffe79d4deac802e89d3ce1069d7ff724,0x8a62dc38b47eb3bf7a213e85df51a47431eb2d8e,0x285d5344695ff8c63d1793055eb4cdbbc51e240b,1e+19,Jouann chain,JON,18,167,60000,6156250000,36461,5889424,deprecated,8148886
45,7036276,2019-01-09 10:02:52,0x38415959430e4f42d57b5c05aa74fabb85c55bb1fa4204edd6e474722367be99,8,0x7587601f02728688d61039c93ef243d632f9d70975eee9609c24338b2606067c,0x788c51b880de772899374ba590f977b20e451aa9,0x003f08a6c508d8548b0a037a7e88bb42a46cded2,0x7d7696a4ffe79d4deac802e89d3ce1069d7ff724,1.8e+21,Sword Chain Token,SWCT,18,53,4251195,2000000000,4051195,6646170,deprecated,8148397
46,7040391,2019-01-10 03:46:01,0x98d427f0077019685fb078923bc8cde40b0d90192fc6041978ddbdcd5ed1ba04,428,0x8c3156b893062ffc05156f6fcd81f770058e6f0728ad2425e5c65aa71211087d,0x7a2f16dab8b5c2cf99c35e4c6a5beb45c7cf7f87,0x80d5da7b2f69f9de2890a3741ec4d41b74b3c290,0x7d7696a4ffe79d4deac802e89d3ce1069d7ff724,1.2e+20,Music Block Chain,MBC,18,92,60000,3812500000,52636,4515562,deprecated,8144282
47,7042818,2019-01-10 14:15:45,0xb8c5c1dfefbb1e90f64ea81645c7a6a0509050a392bf4d35744d8b2e24c10b3d,953,0xf7740f954dc1976131acb4a741391a1e9b549c7806d7f6fe5f7168b93e7935b5,0xe092f278d8c79b3bc21f593fc60b3cdd22423fe1,0xad49f43618884de87b578cc998e59440411ae28a,0x7d7696a4ffe79d4deac802e89d3ce1069d7ff724,1e+21,EthereumCasHpro,ECP,18,84,60000,10000000000,51545,3622816,deprecated,8141855
48,7046065,2019-01-11 04:10:00,0xd787a49ebc13213890a4ec0152de931b20ced85c9a3b90a4d43c9363ea47970a,54,0x1a94196aa8f68247dc8b9f4599b2f109b0a582995f7dd7a2a143f33f10bdec5b,0x429dff817d99d24bbfbfc94aa8fdcc14d27f23be,0x8a62dc38b47eb3bf7a213e85df51a47431eb2d8e,0x7d7696a4ffe79d4deac802e89d3ce1069d7ff724,2e+21,Jouann chain,JON,18,14,60000,13656250000,51525,671177,deprecated,8138608
49,7047534,2019-01-11 10:32:05,0x61ccdb6f3c3acd6057ddd165efd6a797f7291745caec6812ebda734780fdee3f,38,0x89f08de460aee7eefb63b164c5686e64bbcbd711ff4e42da6fb9056304a4d561,0x7d7696a4ffe79d4deac802e89d3ce1069d7ff724,0x80d5da7b2f69f9de2890a3741ec4d41b74b3c290,0x8c9f8582b208f226b23f0f51cd9bf44574fca16c,1.2e+20,Music Block Chain,MBC,18,63,60000,11312500000,22636,2736580,deprecated,8137139
50,7057321,2019-01-13 04:36:22,0x9df810a47cdec0a230eeffcc248546b1398cb55507a410e81d502933417396c1,58,0x9542396a042a5b6ac7d7793fa149a0b7763ddb010b54929ae08fb11d1ae5df95,0x429dff817d99d24bbfbfc94aa8fdcc14d27f23be,0x8a62dc38b47eb3bf7a213e85df51a47431eb2d8e,0x7d7696a4ffe79d4deac802e89d3ce1069d7ff724,1.109e+21,Jouann chain,JON,18,18,60000,14125000000,21525,597237,deprecated,8127352
51,7057335,2019-01-13 04:39:09,0x11ae1c6ba8a1851ec41e577c2510e65adecfe3e56555de0dec32d8e32c217ac2,39,0x3db182f692ed87c58c26d6dffee7066b64aaffedf6da8357c14045a3a5ec9414,0x7d7696a4ffe79d4deac802e89d3ce1069d7ff724,0x8a62dc38b47eb3bf7a213e85df51a47431eb2d8e,0x7b593e09e56b34392d4fffc6643fb32ac215c685,3.109e+21,Jouann chain,JON,18,32,60000,13656250000,21525,1231772,deprecated,8127338
52,7057406,2019-01-13 04:58:01,0x3108619b9d3e23f6d16d239814905230431a367620fe1b3e2b53b3fd2ced2d66,0,0x893d8ca53a9eb229b439b0c3c3f8fbcd5e77eae21f4533603adfca2bfcf1af2e,0xb3c3d2540518f783c413c329a178500668acaeaf,0x8a62dc38b47eb3bf7a213e85df51a47431eb2d8e,0x7d7696a4ffe79d4deac802e89d3ce1069d7ff724,1e+21,Jouann chain,JON,18,48,60000,4940000000,51525,2718218,deprecated,8127267
53,7057411,2019-01-13 04:59:23,0x2206bc1a35f2a9b3114aab5f4e25f002dcb73e66895a12f6f2c624d4509dfd18,3,0xb3e9dc9940a2e37baab9306971969353a84c5e15c83ee5d3e74cb0c275130787,0x9fb70213acc7b1b78553a052dfc9c4cfbb259e26,0x8a62dc38b47eb3bf7a213e85df51a47431eb2d8e,0x7d7696a4ffe79d4deac802e89d3ce1069d7ff724,1.75e+21,Jouann chain,JON,18,26,60000,6000000000,36525,2297235,deprecated,8127262
54,7057447,2019-01-13 05:06:22,0x31ad08494e32e2530ca2bb1282c9832495877c5a8d709e3fdb05b7e4e956be09,3,0xc00134adb1c5698872d7d12ebbca29b63ea47c19a26856d75cfe842dfcf7f90e,0xee856493f82b55bbb0688c0c9e5e5069832af79a,0x8a62dc38b47eb3bf7a213e85df51a47431eb2d8e,0x7d7696a4ffe79d4deac802e89d3ce1069d7ff724,8.33e+20,Jouann chain,JON,18,43,60000,1468750000,21525,2405523,deprecated,8127226
55,7057470,2019-01-13 05:11:55,0x20d10da879da5f9f1aeae5f389a224ed9d0bf0b7a13e3bd044ab185809433ae7,40,0x9cdd13a9b62ab6812160af510bd89dcdcfe0c2fce0fc06e0c67775fc2f04acfa,0x7d7696a4ffe79d4deac802e89d3ce1069d7ff724,0x8a62dc38b47eb3bf7a213e85df51a47431eb2d8e,0x429dff817d99d24bbfbfc94aa8fdcc14d27f23be,3.583e+21,Jouann chain,JON,18,28,60000,13656250000,36525,904120,deprecated,8127203
56,7057470,2019-01-13 05:11:55,0xe1a16cf3000e85cc674c9956257bae070f6d38886d2bd0ab964733978ccbb24a,8,0x9cdd13a9b62ab6812160af510bd89dcdcfe0c2fce0fc06e0c67775fc2f04acfa,0x7c8fd04d8890293f171133263d283afb554ee210,0x8a62dc38b47eb3bf7a213e85df51a47431eb2d8e,0x7d7696a4ffe79d4deac802e89d3ce1069d7ff724,5.948e+21,Jouann chain,JON,18,92,60000,7562500000,36589,4987920,deprecated,8127203
57,7057475,2019-01-13 05:12:49,0x84c73cf42273a173b515b74dc18b7c2f16d5df763b51f5b68136ae641ed7a408,21,0xa0469d0c759d491ba3ddac380221010ac2c3a541835a475a4f5145f945c9f6f9,0xdd6d9c8aac4634be1d787e124098e1f2dbd4b2fc,0x8a62dc38b47eb3bf7a213e85df51a47431eb2d8e,0x7d7696a4ffe79d4deac802e89d3ce1069d7ff724,1e+21,Jouann chain,JON,18,18,60000,8500000000,21525,773542,deprecated,8127198
58,7057502,2019-01-13 05:19:34,0xa3aaa9de9f002bba6e9b0321296a7d80ce9c412367b3c96299d69c906f33ca13,41,0xc18826a6acbdb7731218e43338a4a8ebdcae0a0b5f3b442117d2cfafa400f2f1,0x7d7696a4ffe79d4deac802e89d3ce1069d7ff724,0x8a62dc38b47eb3bf7a213e85df51a47431eb2d8e,0x7b593e09e56b34392d4fffc6643fb32ac215c685,5.2e+21,Jouann chain,JON,18,11,60000,11312500000,36589,515689,deprecated,8127171
59,7057533,2019-01-13 05:27:14,0xf57f274d57cf505fe0f95ff0785ffd3d257ae57d63f9e7461966d73fdb8b3388,59,0x898d72f8aee53572b7b1d4bef3a65a83413b01fefb68626b581547510027d7c6,0x429dff817d99d24bbfbfc94aa8fdcc14d27f23be,0x8a62dc38b47eb3bf7a213e85df51a47431eb2d8e,0x7d7696a4ffe79d4deac802e89d3ce1069d7ff724,3.583e+21,Jouann chain,JON,18,25,60000,10375000000,21525,737196,deprecated,8127140
60,7057539,2019-01-13 05:29:48,0x4e38f14e14de4f93aabc0f7dee0abcfc6e0d036ce07ac5c1c19e09d73efa8215,42,0xf0d7a857fce546e8d3b46f0a560e15acf949dc090f6294c87d8d134ba469b4b3,0x7d7696a4ffe79d4deac802e89d3ce1069d7ff724,0x8a62dc38b47eb3bf7a213e85df51a47431eb2d8e,0x0df545b44a50ba956bd9f5948f3d6b8d5554a17b,5.331e+21,Jouann chain,JON,18,68,60000,9906250000,21589,2493073,deprecated,8127134
61,7060093,2019-01-13 16:40:55,0x3e779ec251682e27a6a0e808c3d8080f6d79b20c6087aea7a5da4e9d3a98b7f0,702,0xd8207e46769a8887573375ba364a389f451e55b542299abd460e5ec7b4f65625,0x5ed58883baa34a0f633fdf34fa6cdeea6cbd0bd7,0x8a62dc38b47eb3bf7a213e85df51a47431eb2d8e,0x7d7696a4ffe79d4deac802e89d3ce1069d7ff724,5.448e+21,Jouann chain,JON,18,90,60000,10000000000,51589,4847109,deprecated,8124580
62,7062900,2019-01-14 04:29:23,0xfaacda09c8d6d00a7e7fc266f8015e88ad56c618cc7a9818c02d99dc05dfe585,2657,0xa9c85ebe496de5f4df15852c4a4e65d42c0f0653d9f84564d11a9cab09b90eeb,0x5f7b1fbb0b04cdcd6b3ea32978d1484ead225beb,0xe9184c970bcfbb05d8a38762d073320e622a3e28,0x7d7696a4ffe79d4deac802e89d3ce1069d7ff724,2e+19,CChain CCHN,CCHN,18,60,394321,2000000000,394296,6918992,deprecated,8121773
63,7070338,2019-01-15 12:21:35,0xe1a47016b0abfdcc09776ee788f54fe7e0d5fca67e84d734ab1231838b31ef8a,43,0x71c83a208c502580926424d4a049005f4b0d7c7277c501f7de5eac4ef75f7093,0x7d7696a4ffe79d4deac802e89d3ce1069d7ff724,0x8a62dc38b47eb3bf7a213e85df51a47431eb2d8e,0x6bcc467d34ba7f75c9c987b472b1913b6856b8f1,5.448e+21,Jouann chain,JON,18,24,60000,14125000000,36589,1347349,deprecated,8114335
64,7090783,2019-01-19 04:06:23,0x5b6627cc30ad26128a5b9779ba1c96f9aa9b9d108bd85c2fee9fac17c9b6932b,14723,0xa05e0c90b35aca8b02cf2cbf2c38cbe8032e578886f2f28815e3acebef6209f5,0xe7f1be747d9a91794d9d5ea82caf9b3b138a3bae,0xa45fdac9dc5673db72e64ae2c4b86e670db0187d,0x7d7696a4ffe79d4deac802e89d3ce1069d7ff724,8e+19,lianshi capital partner,LSCP,18,62,100000,7000000000,51545,2611188,deprecated,8093890
65,7090836,2019-01-19 04:18:28,0x06062e90c685e51a27ef6948f10f9aa9c225534dd7cefa2440cf6e37226e46b3,18,0x067d3af9993dee8408019bdc517d83ba4e8662814feec515334038ac8926f5ca,0xdd9da41c2aaf7ff9b5a0080b786bc97ff6b57a90,0xa45fdac9dc5673db72e64ae2c4b86e670db0187d,0x7d7696a4ffe79d4deac802e89d3ce1069d7ff724,1.933349e+20,lianshi capital partner,LSCP,18,76,60000,4968750000,36609,5511817,deprecated,8093837
66,7090837,2019-01-19 04:18:41,0x58942d83fa2845417c0dca0c0910def186ea005202fa6845c15c0c0c4bc504d0,5,0xa1bf895cf69d6519a46c61913a82b48ec8c3258f9b4dbb148c31443c95fd935e,0x9fb70213acc7b1b78553a052dfc9c4cfbb259e26,0xa45fdac9dc5673db72e64ae2c4b86e670db0187d,0x7d7696a4ffe79d4deac802e89d3ce1069d7ff724,1e+20,lianshi capital partner,LSCP,18,27,60000,10894531250,21545,1147426,deprecated,8093836
67,7090839,2019-01-19 04:19:08,0x3caf5c0589fb8805ff3d45fe6ac017b184e500566b4fc70eaa212958ca5d8c75,1,0x49849285546d14d533b71b096f7f98fbdd1c9161e94f86f31669f17f30263187,0xf883b577246adf22241f36b03209f05d81db0ac1,0xa45fdac9dc5673db72e64ae2c4b86e670db0187d,0x7d7696a4ffe79d4deac802e89d3ce1069d7ff724,5e+19,lianshi capital partner,LSCP,18,47,60000,8000000000,21545,2670425,deprecated,8093834
68,7090843,2019-01-19 04:19:28,0x044d3bd80180cc901218c251b7acfcbc12231a9190e248c42818de42d583e1ef,6,0xc17ab7a599b933b3f650380f2a74d5a63f6cd65aa50f8caff9a0484ce101a2af,0x9155a8cdba2b50e381db48a6f5e0338c5354acc0,0xa45fdac9dc5673db72e64ae2c4b86e670db0187d,0x7d7696a4ffe79d4deac802e89d3ce1069d7ff724,5e+19,lianshi capital partner,LSCP,18,18,60000,8000000000,21545,738752,deprecated,8093830
69,7090854,2019-01-19 04:23:19,0x3405ea306aa45ecddbc75c2d9e03ddd22772e8227c4ae36f763c0b18cb234574,1,0x9318ec6e16f5cdbfe80fcdd9035f3465badc9024ba7353c55df34df2772c7c32,0xb3c3d2540518f783c413c329a178500668acaeaf,0xa45fdac9dc5673db72e64ae2c4b86e670db0187d,0x7d7696a4ffe79d4deac802e89d3ce1069d7ff724,1.2256695023e+20,lianshi capital partner,LSCP,18,35,60000,6125000000,21609,1659488,deprecated,8093819
70,7090861,2019-01-19 04:24:07,0x008d62507b6fa89434cc313b0687c27c6af2c2b0f86f4105c0b606966593ab7f,51,0x4a40e029eaf250dcef014e58ef20382a0a8f8b8d0160a2f04aca6fa88a45a9b5,0x48e567fd65f898f9947081037ce7e85163c18c96,0xa45fdac9dc5673db72e64ae2c4b86e670db0187d,0x7d7696a4ffe79d4deac802e89d3ce1069d7ff724,8e+19,lianshi capital partner,LSCP,18,26,60000,8000000000,21545,1110952,deprecated,8093812
71,7090866,2019-01-19 04:25:47,0xf7caac323e419e8e66cc32bf48d731e44ebdcc9f3a5025c86804a90c2d3257e4,5,0xb202efbf56f9b421bf386d81d92be99cbbc324bc51913e330d6b27873c670fee,0xabfa0aca511c2fd60f64251c87bd0f826d45841f,0xa45fdac9dc5673db72e64ae2c4b86e670db0187d,0x7d7696a4ffe79d4deac802e89d3ce1069d7ff724,8e+19,lianshi capital partner,LSCP,18,72,60000,3957031250,21545,7213779,deprecated,8093807
72,7090871,2019-01-19 04:28:22,0x18a2fa4302474d3f3cdc8c6f78dc262a59c403b7174cc69dd9e95730dfda2849,44,0x1391735ef5cbba651946fa8f37c0c027a9d681f21bab661bfe8f58d55a5305eb,0x7d7696a4ffe79d4deac802e89d3ce1069d7ff724,0xa45fdac9dc5673db72e64ae2c4b86e670db0187d,0x7333e2f0b8fa8d1da2c71207e4b077513ef20f57,7.55e+20,lianshi capital partner,LSCP,18,106,60000,8000000000,36545,4842370,deprecated,8093802
73,7121823,2019-01-25 02:07:36,0x01c0895a2143518510821f585627f0fa18e8011f08fb41d0d11662bd715cf8d4,327,0x14cdd2d740031685e6078c35ff40fda7c49c006b2ed939f7085c2c50ad210fe2,0x94fce6c90537f04b97253d649c15dbbccb5079c2,0xe9541c7ea236332f4d07be73101670f39b27da02,0x7d7696a4ffe79d4deac802e89d3ce1069d7ff724,8e+19,Pureland,PLD,18,39,60000,1400000000,52346,7137820,deprecated,8062850
74,7124274,2019-01-25 13:53:40,0x7f5889ac0c711306e397b92881e63c39e7b63b16283a01e6351dd8f042407c1a,46,0x8d8017d63c060b8b86f83bc09b57c77ce834b8a74418cc3f9f48ff6e7b174e26,0x7d7696a4ffe79d4deac802e89d3ce1069d7ff724,0xad49f43618884de87b578cc998e59440411ae28a,0x0707cbc05d8cefdff8acd541ca3b727d7d70a499,1e+21,EthereumCasHpro,ECP,18,75,60000,10000000000,21545,2723875,deprecated,8060399
75,7134154,2019-01-27 12:47:23,0x222b058113cad36741c752752a5e987f82500c1f79b27bbc071718841847bf41,4359,0x1eb393f44c6b5d253861e33f0e08300a4f5f639db7aaa0734f52c58cac6fba33,0x6d4d1ec45057e6326e5fc3a5306a07b225e78c27,0x0f7f8ca2c9b617b4dabb1a16c3e2dc5d83faf907,0x7d7696a4ffe79d4deac802e89d3ce1069d7ff724,200.0,PopulStay Token,PPS,0,7,55271,2500000000,51207,453882,deprecated,8050519
76,7138350,2019-01-28 08:51:55,0x2f8c1c21e856a1bbb7929e7c278e5542db9e8477fdd1a8ba5f7832667a0285e0,9,0xf4dc4abdb86212bf2d9f3c094141510e6328490a711553dec30e9aa71d2213a9,0x788c51b880de772899374ba590f977b20e451aa9,0x003f08a6c508d8548b0a037a7e88bb42a46cded2,0x7d7696a4ffe79d4deac802e89d3ce1069d7ff724,2.1e+21,Sword Chain Token,SWCT,18,94,2724232,1100000000,2524232,7672191,deprecated,8046323
77,7153753,2019-01-31 12:21:40,0x7407d6cb62a0cec070044b0624ad1e5700d87e8582e470d63805bc620f915ba9,0,0xd3e9a73e46c3202930246934cb681bc8f1cb781fb99c8fd94276c49a1d1393bb,0x9c34796bf2ed7817e7ca3009a0bb8c23356290e5,0x8e870d67f660d95d5be530380d0ec0bd388289e1,0x7d7696a4ffe79d4deac802e89d3ce1069d7ff724,2e+19,Pax Dollar,USDP,18,49,120000,8900000000,39759,3494178,deprecated,8030920
78,7153791,2019-01-31 12:33:45,0x3ecf2075f74406ae42c91221b63d279063fc10977a25121f29cc287d31c44bc9,48,0xce5629bb585d17a8640a1f604f768d2e0d64ba566ce7427d2feb2b90d72dbc3e,0x7d7696a4ffe79d4deac802e89d3ce1069d7ff724,0x8e870d67f660d95d5be530380d0ec0bd388289e1,0x4d8ccdaad136cb724bc7d63036116919b785925c,2e+19,Pax Dollar,USDP,18,128,60000,10000000000,39759,7948362,deprecated,8030882
79,7153981,2019-01-31 13:36:04,0x5df0dcbb20522c627b7fcc53605b16a08496f4ce5667e19abea0feb1d996fc53,13078,0x039f3dd7e16fdad317c355273bccef3f69e458de599ff2443d782964a15e292f,0xa9c7d31bb1879bff8be25ead2f59b310a52b7c5a,0x8e870d67f660d95d5be530380d0ec0bd388289e1,0x7d7696a4ffe79d4deac802e89d3ce1069d7ff724,2e+19,Pax Dollar,USDP,18,60,129999,8410000000,54759,3204734,deprecated,8030692
80,7154028,2019-01-31 13:51:46,0xecc60d9f8c44cd223ff168e7f5e55efab72e78e7d58692b549e9bfc19279325a,50,0x5f147a4a5bc414db3b45d4c5ff4048d492beb004d024d044e5131c69b6d572a2,0x7d7696a4ffe79d4deac802e89d3ce1069d7ff724,0x8e870d67f660d95d5be530380d0ec0bd388289e1,0x9f11112f8b9ed9d8efa4ad2848092bb7748c32e1,2e+19,Pax Dollar,USDP,18,39,60000,12000000000,39759,1797271,deprecated,8030645
81,7154204,2019-01-31 14:49:30,0x8745aa97c3d2f0ce3287f1e2e03caa26fa730f7eb1fafc21ddefdd5576bbc8a0,0,0xd822715316f322ab88a81d8e6b9d453461c270b5466210cb489632afed1bcf39,0xd6d0536732de2b0ff66ccf6e0069cc14f4e19dc1,0x8e870d67f660d95d5be530380d0ec0bd388289e1,0x7d7696a4ffe79d4deac802e89d3ce1069d7ff724,2e+19,Pax Dollar,USDP,18,74,129000,8900000000,39759,3199097,deprecated,8030469
82,7154344,2019-01-31 15:28:55,0x60c443825c010458011f6a0cfaa226848d0ca2655f7e640b62ee03a2b4543b54,53,0x0353a90a5cde4dcb4bb5ff867d15d5b824e2d2f09c39177a90da13e2d4ac3748,0x7d7696a4ffe79d4deac802e89d3ce1069d7ff724,0x8e870d67f660d95d5be530380d0ec0bd388289e1,0x854f8962ca57cfa0056f34cd8983decba8d8f5e7,2e+19,Pax Dollar,USDP,18,10,60000,11000000000,39759,1099522,deprecated,8030329
83,7154740,2019-01-31 17:21:22,0xef5f7f4105b1e3cf678ecc31153f31fec4233fed13baa7c68527180d3575fdf0,13161,0x52785856bce556f014aa403a0e6c887680e461fcee3127aaa45936221a62817a,0xa9c7d31bb1879bff8be25ead2f59b310a52b7c5a,0x8e870d67f660d95d5be530380d0ec0bd388289e1,0x7d7696a4ffe79d4deac802e89d3ce1069d7ff724,2e+19,Pax Dollar,USDP,18,24,134000,8900000000,54759,5194530,deprecated,8029933
84,7154747,2019-01-31 17:21:59,0x210e6a6f46c18b851808c88f6108aac1564c9ccfe15388a9ee19104bf554c83b,13247,0x6e967b5a7a2c30f79b784ce57fcf578ac7b3df734812f7c517760209d5c71ed1,0xa9c7d31bb1879bff8be25ead2f59b310a52b7c5a,0x8e870d67f660d95d5be530380d0ec0bd388289e1,0x7d7696a4ffe79d4deac802e89d3ce1069d7ff724,2e+19,Pax Dollar,USDP,18,83,134000,8900000000,39759,7198922,deprecated,8029926
85,7154758,2019-01-31 17:26:30,0x5b623d5b8fd18c5e2ce1bc7275e0931e93449b6913fcc39fac5c1a710801e50d,55,0x972835604d966b41c60e4bad749a946e8d39c1c2d7439b7379abd73ce1814f91,0x7d7696a4ffe79d4deac802e89d3ce1069d7ff724,0x8e870d67f660d95d5be530380d0ec0bd388289e1,0xe750964833047d04bdd7fdf36729e6c284e7361a,2e+19,Pax Dollar,USDP,18,63,60000,10000000000,54759,3303374,deprecated,8029915
86,7154772,2019-01-31 17:31:21,0x3be57a812b67c5a306b2edc38f24a2835285caaed4d653b42884b74a2a959f35,57,0x487039c7a60f14a355838298d3cf1fee0887ac48b4a47bd451388770d4daa8f9,0x7d7696a4ffe79d4deac802e89d3ce1069d7ff724,0x8e870d67f660d95d5be530380d0ec0bd388289e1,0xee35c8871b94a4436ac4a91e0a3068e18f313404,2e+19,Pax Dollar,USDP,18,153,60000,10000000000,39759,6483722,deprecated,8029901
87,7154832,2019-01-31 17:45:34,0xbd56bd48ee4a15dee0d293f3a509f6d6f40249e96bbd3a2e4dc59a6c83ed251c,13283,0x1aa8f802073c1fada56ad311176ec050577c1130cb8c20cfddf582d961f709b1,0xa9c7d31bb1879bff8be25ead2f59b310a52b7c5a,0x8e870d67f660d95d5be530380d0ec0bd388289e1,0x7d7696a4ffe79d4deac802e89d3ce1069d7ff724,2e+19,Pax Dollar,USDP,18,30,134000,8900000000,54759,2008337,deprecated,8029841
88,7154854,2019-01-31 17:52:36,0xd58368ed9ec267e1766aba58f31c6b2227845ec9abdc87ac2513b715d53ce3a6,13287,0xaf81ceb9b153908fcd3c024d18ad0cbc812bc46de09e827b58f724dc4e80baf2,0xa9c7d31bb1879bff8be25ead2f59b310a52b7c5a,0x8e870d67f660d95d5be530380d0ec0bd388289e1,0x7d7696a4ffe79d4deac802e89d3ce1069d7ff724,2e+19,Pax Dollar,USDP,18,104,134000,8900000000,39759,6174636,deprecated,8029819
89,7154871,2019-01-31 17:56:31,0x2e19ec905a7e7d54b14de913dc67700ecf7a1a17bc855f85abfe7496526168f7,59,0xc482c3d5969f26972671a432acf05107047356871a8087005d35b610348848e6,0x7d7696a4ffe79d4deac802e89d3ce1069d7ff724,0x8e870d67f660d95d5be530380d0ec0bd388289e1,0xc0bcd878efaa18febc7217372c6da93f09ca3fee,2e+19,Pax Dollar,USDP,18,93,60000,10000000000,54759,4979020,deprecated,8029802
90,7154891,2019-01-31 18:02:49,0x24b1e7765ee760d2f4dd331393fcc1e5ef2b5f88116c4e3dc25d34bb5503080c,61,0xfd95b45e0857471e4ef30556bb668a6d7b4e14cde72bb2c2dbc20baadf269ef1,0x7d7696a4ffe79d4deac802e89d3ce1069d7ff724,0x8e870d67f660d95d5be530380d0ec0bd388289e1,0x2cc040b86ce0f1ee5b914b6e6f24fd55b9bb88f7,2e+19,Pax Dollar,USDP,18,47,60000,10000000000,39759,2461332,deprecated,8029782
91,7154918,2019-01-31 18:11:37,0xb666c3fa63e360884cf4c26f46e4a6f1579e7d7e5a5a6d4c56a8b9bffdf2046e,13311,0x9df70075386dd74ddfe86728169691b98424bf4945fc0c0c6ee132bd56cccdbf,0xa9c7d31bb1879bff8be25ead2f59b310a52b7c5a,0x8e870d67f660d95d5be530380d0ec0bd388289e1,0x7d7696a4ffe79d4deac802e89d3ce1069d7ff724,2e+19,Pax Dollar,USDP,18,49,134000,8900000000,54759,2242713,deprecated,8029755
92,7154918,2019-01-31 18:11:37,0xc57d99f7090a3a5f22feb08368e312ae4e8cca1834566185d7ed0b88eb30ef1b,13315,0x9df70075386dd74ddfe86728169691b98424bf4945fc0c0c6ee132bd56cccdbf,0xa9c7d31bb1879bff8be25ead2f59b310a52b7c5a,0x8e870d67f660d95d5be530380d0ec0bd388289e1,0x7d7696a4ffe79d4deac802e89d3ce1069d7ff724,2e+19,Pax Dollar,USDP,18,75,134000,8900000000,39759,7488032,deprecated,8029755
93,7154965,2019-01-31 18:20:27,0x2a3f46b735741efb996d23554889252ffd26ccf0c205947f27bd86caa9517e50,63,0x1cca82efc9a40e2fc8644e2a0602d263b332bb58016905c05768f031d2feee34,0x7d7696a4ffe79d4deac802e89d3ce1069d7ff724,0x8e870d67f660d95d5be530380d0ec0bd388289e1,0x4c06a3bbe19b3563ab180a46b953b0112eb281e4,2e+19,Pax Dollar,USDP,18,67,60000,10000000000,54759,3483316,deprecated,8029708
94,7154970,2019-01-31 18:22:09,0xa89ef24d9075f4035c1efdc3ea650695b5d409c3cea95a36227326f9a806b3f2,64,0x9054dac8b2e027bc21ad0e417e0d81e9622474c766c7eb8e413f66d72d0519b1,0x7d7696a4ffe79d4deac802e89d3ce1069d7ff724,0x8e870d67f660d95d5be530380d0ec0bd388289e1,0xaa2ae7af6685d183b62fdae1858c30e15bdc8d13,2e+19,Pax Dollar,USDP,18,46,60000,10000000000,39759,2281074,deprecated,8029703
95,7155011,2019-01-31 18:33:42,0x891569b0529e81c6e520344fa9b19f79671802e64497f3d2d03f7196f6f1c71a,0,0xd51c9808f65e80c896e327c5952e6ed9aff36b4bacf054fb2d01d8169f363eac,0x4c06a3bbe19b3563ab180a46b953b0112eb281e4,0x8e870d67f660d95d5be530380d0ec0bd388289e1,0x7d7696a4ffe79d4deac802e89d3ce1069d7ff724,2e+19,Pax Dollar,USDP,18,21,136800,7920000000,39759,4546889,deprecated,8029662
96,7155024,2019-01-31 18:38:01,0xd65b5b7c79e5f340b815909397f249bc1edc9124eb5e225a73c0e384dc8d15d7,67,0xb0ab808fc8692d27579d71408540f375e9144aed6893fef7ddc958851339ef2e,0x7d7696a4ffe79d4deac802e89d3ce1069d7ff724,0x8e870d67f660d95d5be530380d0ec0bd388289e1,0x2f9d1d9e5a94a17c79be45e6133fbdcd3b3e5484,2e+19,Pax Dollar,USDP,18,41,60000,10000000000,39759,2092378,deprecated,8029649
97,7155031,2019-01-31 18:40:27,0x5a974147fac3cd74542059fedfede4715f16645dda8e41aac4893d05c3f28fb5,0,0x10f015b57909c68c5fba20e51630d752cdee1cde4cc151e0108520fe1964ec94,0xaa2ae7af6685d183b62fdae1858c30e15bdc8d13,0x8e870d67f660d95d5be530380d0ec0bd388289e1,0x7d7696a4ffe79d4deac802e89d3ce1069d7ff724,2e+19,Pax Dollar,USDP,18,106,136800,7920000000,39759,5653273,deprecated,8029642
98,7155036,2019-01-31 18:41:33,0x41b96f395384f3191ce477f039d5315bec48d43d3e6ef612c72e9b2f563245af,69,0x7291613c58d093f7ca50fc58d3d03717eddefcfacf68ded5eb27705215ad5bd4,0x7d7696a4ffe79d4deac802e89d3ce1069d7ff724,0x8e870d67f660d95d5be530380d0ec0bd388289e1,0xe525bac49261e2808d639531d13b1b9a37be8b8d,2e+19,Pax Dollar,USDP,18,13,60000,10843750000,39759,1267783,deprecated,8029637
99,7155075,2019-01-31 18:55:31,0xc501374bfdd366340be7464f6142849480d505a47152f64448bd05530d6f15fa,13347,0xda6658beaaf7fdbfb2c1db9fbd4696164dbdd1aaeb4d5804cec206ced34b581f,0xa9c7d31bb1879bff8be25ead2f59b310a52b7c5a,0x8e870d67f660d95d5be530380d0ec0bd388289e1,0x7d7696a4ffe79d4deac802e89d3ce1069d7ff724,2e+19,Pax Dollar,USDP,18,159,136800,7920000000,54759,7873380,deprecated,8029598
100,7155081,2019-01-31 18:58:23,0x009f07433ae9d4921049fcca5fb2da5b0f7456716f5982ee14c465ad01988070,0,0x70b5de42d0d41d4dda33ed9121448062159c96c1532fdfab1a51ec2a9855ecc4,0xe525bac49261e2808d639531d13b1b9a37be8b8d,0x8e870d67f660d95d5be530380d0ec0bd388289e1,0x7d7696a4ffe79d4deac802e89d3ce1069d7ff724,2e+19,Pax Dollar,USDP,18,114,136800,7920000000,24759,5253545,deprecated,8029592
101,7155099,2019-01-31 19:02:01,0x3affdb5b24d98f4cd1b110cc9776a3f2945e3aea8716b0b1c6c6c9a47b8494bb,71,0x0238c951a3a34d8e71bed696dd8a67d4be5d8a9657fb16e39a6ecec86ac3c043,0x7d7696a4ffe79d4deac802e89d3ce1069d7ff724,0x8e870d67f660d95d5be530380d0ec0bd388289e1,0xcb4ce8112783fdf63d5faa47876e544c9037a970,2e+19,Pax Dollar,USDP,18,42,60000,7562500000,54759,6029807,deprecated,8029574
102,7155105,2019-01-31 19:04:29,0x6a88743a2774ad51ba6103d784353e07a528dea63b622f651ae364a8d91de5d9,73,0xb1db94ed8419bc38ea2099bf8c1844970a41fa5e71f755cd14e43521d24d4c7a,0x7d7696a4ffe79d4deac802e89d3ce1069d7ff724,0x8e870d67f660d95d5be530380d0ec0bd388289e1,0xc5a27dc3b568d8226461ad42a9f23d14ecd2ab0a,2e+19,Pax Dollar,USDP,18,159,60000,7562500000,39759,7884119,deprecated,8029568
103,7155221,2019-01-31 19:34:48,0xeab3e65ab6bccd297eb24666ee5821ad422815aca88e47d44031adab4524fda4,13403,0xbafe360141069acdb82208a4dfc104b1c29b27fec673f480dbcb5d09332c8892,0xa9c7d31bb1879bff8be25ead2f59b310a52b7c5a,0x8e870d67f660d95d5be530380d0ec0bd388289e1,0x7d7696a4ffe79d4deac802e89d3ce1069d7ff724,2e+19,Pax Dollar,USDP,18,121,136800,7920000000,54759,6524031,deprecated,8029452
104,7155221,2019-01-31 19:34:48,0x36178fa20e97f54fad4adff35735f6bdf3470009cdf85cce0b8117b550c2729b,13405,0xbafe360141069acdb82208a4dfc104b1c29b27fec673f480dbcb5d09332c8892,0xa9c7d31bb1879bff8be25ead2f59b310a52b7c5a,0x8e870d67f660d95d5be530380d0ec0bd388289e1,0x7d7696a4ffe79d4deac802e89d3ce1069d7ff724,2e+19,Pax Dollar,USDP,18,123,136800,7920000000,39759,6603549,deprecated,8029452
105,7155235,2019-01-31 19:38:08,0xaa26c9dd2c94836bdbdcb9d5df54185f458cdeded0c1170382778c10c5d44aac,75,0x8da1e3b20cc122bd25db984669ccae611667b2653d8a731e899a54524d6dca75,0x7d7696a4ffe79d4deac802e89d3ce1069d7ff724,0x8e870d67f660d95d5be530380d0ec0bd388289e1,0x7d552884ba39e3f095411a5bb6b04540004dd7f1,2e+19,Pax Dollar,USDP,18,50,60000,9437500000,54695,2190441,deprecated,8029438
106,7155238,2019-01-31 19:39:43,0xae65fa77d75aeeb3f27c5d37bd32f76eec0aea69c714529c6b73111993c4e44f,76,0xbe2500df3cde81b65fac70bf6833dd4fd165d2d770dc3b722d0b31981be7d4fc,0x7d7696a4ffe79d4deac802e89d3ce1069d7ff724,0x8e870d67f660d95d5be530380d0ec0bd388289e1,0x1a4c7a507447dfe48e4bad3b9ffcd460bc356286,2e+19,Pax Dollar,USDP,18,47,60000,9437500000,39759,2177623,deprecated,8029435
107,7155271,2019-01-31 19:45:24,0xfcd91addd8a64b0c54930e66d541ebc57a1b6a53da3f0de353ca84a1fe27700b,0,0x9ac2c571e2e906a38d5dcc13b8e4f5303a3b252a8bdbcf2c43f9c08be05551b4,0x1a4c7a507447dfe48e4bad3b9ffcd460bc356286,0x8e870d67f660d95d5be530380d0ec0bd388289e1,0x7d7696a4ffe79d4deac802e89d3ce1069d7ff724,2e+19,Pax Dollar,USDP,18,55,136800,6429810750,39759,1892729,deprecated,8029402
108,7155280,2019-01-31 19:46:54,0x67d6bb6c4c93e2e8025b33a5d0d482e9803acca8e881f11bcee62a14d097e482,13443,0xd9d9a9935af74555eef6008ffc535d4179b267d1a95de6ee85080047a293a060,0xa9c7d31bb1879bff8be25ead2f59b310a52b7c5a,0x8e870d67f660d95d5be530380d0ec0bd388289e1,0x7d7696a4ffe79d4deac802e89d3ce1069d7ff724,2e+19,Pax Dollar,USDP,18,72,136800,5960000000,39759,3610417,deprecated,8029393
109,7155289,2019-01-31 19:48:33,0xb2064397a54d85016a0d3341af713f09c7f179311162801a2ffbc0ca28cbec67,79,0x38717dddf5ee2980afda3dd2b39a6fe566e333efdad02524ee050bf7f6497bb4,0x7d7696a4ffe79d4deac802e89d3ce1069d7ff724,0x8e870d67f660d95d5be530380d0ec0bd388289e1,0xa4f0d94a439ae195745cb0b7ce1df9efcce90f25,2e+19,Pax Dollar,USDP,18,111,60000,6000000000,54759,5676440,deprecated,8029384
110,7155301,2019-01-31 19:51:09,0xa74e0947deb9481923965f367287107f0ff85ceedbf75f5d1455475cb22ac100,81,0xa19a0ebaad7c113275875e6dd2028738dd14cdb2b84421b88e6c21fde91ad849,0x7d7696a4ffe79d4deac802e89d3ce1069d7ff724,0x8e870d67f660d95d5be530380d0ec0bd388289e1,0x8c21e127a1e1b80254731d1851f499357e04b447,2e+19,Pax Dollar,USDP,18,17,60000,6625000000,39759,596386,deprecated,8029372
111,7155409,2019-01-31 20:21:13,0xe988031cf07552876591d4db8fa7fc22ac26ea24fa0503682e9f969096670643,13459,0xa8039020ee998c5b028dfed67d5965d15a4aace99d5baa9c150d7d14b288ccc0,0xa9c7d31bb1879bff8be25ead2f59b310a52b7c5a,0x8e870d67f660d95d5be530380d0ec0bd388289e1,0x7d7696a4ffe79d4deac802e89d3ce1069d7ff724,2e+19,Pax Dollar,USDP,18,122,120000,7920000000,54759,6473622,deprecated,8029264
112,7155409,2019-01-31 20:21:13,0xaf1da7e8903d17f3f724beae13d0f95502743d03c137337a363732a1ac72e1f1,13467,0xa8039020ee998c5b028dfed67d5965d15a4aace99d5baa9c150d7d14b288ccc0,0xa9c7d31bb1879bff8be25ead2f59b310a52b7c5a,0x8e870d67f660d95d5be530380d0ec0bd388289e1,0x7d7696a4ffe79d4deac802e89d3ce1069d7ff724,2e+19,Pax Dollar,USDP,18,130,125000,7920000000,39759,6735225,deprecated,8029264
113,7155736,2019-01-31 22:02:59,0xc363b3192ca2b2d0c47aca044b1d2c9e4059760642e83b763b605772a696e3ec,85,0xa350197e47739b85679ae0d16de7143f71fa9dc9a8c09ac6f1470f19cb872972,0x7d7696a4ffe79d4deac802e89d3ce1069d7ff724,0x8e870d67f660d95d5be530380d0ec0bd388289e1,0xe459e82af48288446e91e49ceb4a817e5ef1b971,2e+19,Pax Dollar,USDP,18,37,60000,7100000000,54759,1514785,deprecated,8028937
114,7155741,2019-01-31 22:03:53,0x9812209029cdaacfed198237a9e86a56ee12ab1b271c3ccf72e12eb0b1fb8ae3,86,0x4a5a9955a2523ac1f3fc7426c3f52e04a0e8a43c09078dce7c725a18b076db32,0x7d7696a4ffe79d4deac802e89d3ce1069d7ff724,0x8e870d67f660d95d5be530380d0ec0bd388289e1,0x2389ad45ad19c30e4ee1b7ff72e92b031d08d492,2e+19,Pax Dollar,USDP,18,9,60000,8500000000,39759,917562,deprecated,8028932
115,7156651,2019-02-01 02:32:32,0x95db7b6a9b9d66f8b6a29909e46ea5b4451e3c9ea3c4564b73a64e1793ae868c,14274,0xe87f28eaed71d781be0ad4c60d0d1427fb757ab32ac42917090bd84be8f131ea,0xa9c7d31bb1879bff8be25ead2f59b310a52b7c5a,0x8e870d67f660d95d5be530380d0ec0bd388289e1,0x7d7696a4ffe79d4deac802e89d3ce1069d7ff724,2e+19,Pax Dollar,USDP,18,34,136800,7920000000,54759,6707855,deprecated,8028022
116,7156651,2019-02-01 02:32:32,0xbbe6d2fa3180545af3b67853332fde8772a6b77bbd8091fb3c0a9fabf2e80a45,14278,0xe87f28eaed71d781be0ad4c60d0d1427fb757ab32ac42917090bd84be8f131ea,0xa9c7d31bb1879bff8be25ead2f59b310a52b7c5a,0x8e870d67f660d95d5be530380d0ec0bd388289e1,0x7d7696a4ffe79d4deac802e89d3ce1069d7ff724,2e+19,Pax Dollar,USDP,18,38,136800,7920000000,39759,6829373,deprecated,8028022
117,7161411,2019-02-02 02:09:59,0x8f9ccde8b1ea40a035507ad8e35fb89e55222bfc35539a6938c40cc01b5bd975,86,0x4a01c6c730b9ab9f969f69a91e6199e56585366487cfadbc3b3e2577f0b97fa1,0x429dff817d99d24bbfbfc94aa8fdcc14d27f23be,0x8e870d67f660d95d5be530380d0ec0bd388289e1,0x7d7696a4ffe79d4deac802e89d3ce1069d7ff724,2.007e+19,Pax Dollar,USDP,18,102,60000,6000000000,24759,3952969,deprecated,8023262
118,7161823,2019-02-02 04:07:51,0x974a6e5d2b769045fa52451d6512566afe3afe20473baeb514773973e7415116,52,0x35ea371541fdd3642bc26adfd7dcc7fdaa08367ea06cde89bd9fe53d61e23bba,0x6e375b889a59ca8233cac561bb09a3a137d3a572,0x8e870d67f660d95d5be530380d0ec0bd388289e1,0x7d7696a4ffe79d4deac802e89d3ce1069d7ff724,5.1e+19,Pax Dollar,USDP,18,62,60000,6000000000,24759,3219757,deprecated,8022850
119,7162055,2019-02-02 05:17:11,0x3dcdbadbc336daf10c52610def75a8492655282998896be59e487a0c5f565700,15782,0xd50384cf8914aee1c5bac3be5c9e36250c15ebe76bf3223fb00352c4171e0f95,0xa9c7d31bb1879bff8be25ead2f59b310a52b7c5a,0x8e870d67f660d95d5be530380d0ec0bd388289e1,0x7d7696a4ffe79d4deac802e89d3ce1069d7ff724,1.01e+19,Pax Dollar,USDP,18,115,136800,3000000000,39695,6325355,deprecated,8022618
120,7170803,2019-02-04 00:08:11,0x1d003a4d0050676b214fb1e4c7e796a9441011475103c5ea3c6a67ec47f372b8,16050,0x086d2bdf7c10830731bb595cdc5991270632508d01e9976d99938f123bced593,0xa9c7d31bb1879bff8be25ead2f59b310a52b7c5a,0x8e870d67f660d95d5be530380d0ec0bd388289e1,0x7d7696a4ffe79d4deac802e89d3ce1069d7ff724,1.002e+19,Pax Dollar,USDP,18,20,136800,4000000000,39695,1266034,deprecated,8013870
121,7171746,2019-02-04 04:50:39,0xfbbd5caa56d5af4443c78f6fb0f439ca64ddab219d28a64a207bb2c0fe1df04f,87,0x92eda20e0509caca3d558a019a6e89e5ab0e74369245816889cbd66a7dd8efca,0x7d7696a4ffe79d4deac802e89d3ce1069d7ff724,0x8e870d67f660d95d5be530380d0ec0bd388289e1,0x9a4a66469e0f89ab415dde904db8ef303b12e1a7,1.3119e+20,Pax Dollar,USDP,18,17,60000,8968750000,39759,978172,deprecated,8012927
122,7218609,2019-02-14 08:13:02,0xdcaa95d19bf76688a12e7939807d8e4b23282e3559b00dedadb3c460559f949a,10,0x2f98e3a0de676b82c5d2b8544791e4ae64410b854525e2c326be79d5fc7c39ee,0x0a20ca1ae6a3c52a42da515962151c4c4087ad73,0x260c9d0908f0363892b33f4ccce8ff1a08e9eaa4,0x7d7696a4ffe79d4deac802e89d3ce1069d7ff724,15000000.0,ContractToken,CTTK,0,51,60000,8000000000,51394,2829204,deprecated,7966064
123,7222444,2019-02-15 06:23:09,0x605a349280f0c199f85f65d4fcf149502d55d0dfa0e6709b7f833ae24a7e0dca,384,0x5f1d27d56b9d1b1c953244535123618d8e602000d170c42f3b4620084de9c80d,0x01a3f07dca9695162311e54f074372dd99b0dd3d,0x88136b625d495f598280438ba8229af263efd300,0x7d7696a4ffe79d4deac802e89d3ce1069d7ff724,5000000000000.0,DSC大山,DSC大山,8,94,60000,10000000000,51417,7800265,deprecated,7962229
124,7222874,2019-02-15 08:56:52,0x876ff4b2e8d1aef641f607b900e975fe12b0ba93720e46927135003fc7e836dd,414,0xa8c7878fd20fdd7ab0f568b420a09279cb855e5ec4a216d82a655194ebb124c6,0x01a3f07dca9695162311e54f074372dd99b0dd3d,0x88136b625d495f598280438ba8229af263efd300,0x7d7696a4ffe79d4deac802e89d3ce1069d7ff724,5000000000000.0,DSC大山,DSC大山,8,77,60000,10000000000,36417,5760498,deprecated,7961799
125,7223588,2019-02-15 12:59:44,0xdbf8ee004a88ceb6570a7d802d1493ac82ed739c672cb43e9f6b49c4c123b351,4,0x79cc4bdcf93b93f1d52c45da6528930d05b51d8938544e75904898d3273c7796,0x8d5102163b06a89083b78dee09362944d96138e8,0x88136b625d495f598280438ba8229af263efd300,0x7d7696a4ffe79d4deac802e89d3ce1069d7ff724,10000000000000.0,DSC大山,DSC大山,8,41,60000,10000000000,21417,7745555,deprecated,7961085
126,7223591,2019-02-15 13:00:19,0xd0b98db224e077b53d7a04b161e6823ff662aec4023e37bbb42cc09d3f4f86b8,4,0xf5b361e965b309198e62bc6b01c4d5a6bb89733e39efb6448e4449f40ea02d54,0x19c1aec956979e39d49d76c04dde6ff3363fd63c,0x88136b625d495f598280438ba8229af263efd300,0x7d7696a4ffe79d4deac802e89d3ce1069d7ff724,10000000000000.0,DSC大山,DSC大山,8,54,60000,10000000000,21417,4549405,deprecated,7961082
127,7223594,2019-02-15 13:01:00,0x521053fb04b064fa73d7ae100b3bb7e7b0227d3b42c615d06880a7e3edaf6474,2,0x9f6c52dc260e6d41dc624b188183e22580efcea21c9f3109b72a678db1a8a16f,0x48e81578045ab14259cfdecba30228523ed44677,0x88136b625d495f598280438ba8229af263efd300,0x7d7696a4ffe79d4deac802e89d3ce1069d7ff724,5000000000000.0,DSC大山,DSC大山,8,81,60000,10000000000,21417,3711233,deprecated,7961079
128,7223599,2019-02-15 13:03:20,0xe7225453db57a6088b83241b2a4262c0ec82a5d4b964dae1083182401395e829,2,0x33b754295cb0c024e1aa8b06d0948a79f370d0a95381f664aa9a465852e7394f,0xe7a13cf5a5dd7f9bbda10407bacebe3f247398d4,0x88136b625d495f598280438ba8229af263efd300,0x7d7696a4ffe79d4deac802e89d3ce1069d7ff724,10000000000000.0,DSC大山,DSC大山,8,155,60000,10000000000,21417,6763188,deprecated,7961074
129,7223603,2019-02-15 13:04:13,0xd2acf7a9ed64711353bc8f08a6c9147a0096db3e3032c0b699757c92cfd6b45f,1,0x2efa489dad3b01086e9f748cc8b5022a229cf704296a545c3acb12b6e7290d05,0xb6aecb455836dd8a51b64f1c273c5a793a30f930,0x88136b625d495f598280438ba8229af263efd300,0x7d7696a4ffe79d4deac802e89d3ce1069d7ff724,10000000000000.0,DSC大山,DSC大山,8,83,60000,10000000000,21417,7863827,deprecated,7961070
130,7223604,2019-02-15 13:04:21,0x1815dc3ae483923fa3e157a20891f509d2d1d5939bec463c5d957c3ebc9f43f4,1,0x5da3f9ee5328e46c8b8100acaf74ac3947fb99ed1daa4ae9b0fb64c9ab1ce553,0x6fb2e9ba9c51fb18ec65c84352821ec48e7894b9,0x88136b625d495f598280438ba8229af263efd300,0x7d7696a4ffe79d4deac802e89d3ce1069d7ff724,10000000000000.0,DSC大山,DSC大山,8,49,60000,10000000000,21417,7846768,deprecated,7961069
131,7223605,2019-02-15 13:04:28,0x6f3bd50dd95f66f59d5e413280485ef492afdc345cae5050692f11ce84648448,1,0x8f0e10c5be5be6403ae2cd2f5953f24592c02fe8af57d08d3b10614faa3e1459,0x38b8cde421ea78c2b4a3bad6f52803b9fa68da37,0x88136b625d495f598280438ba8229af263efd300,0x7d7696a4ffe79d4deac802e89d3ce1069d7ff724,10000000000000.0,DSC大山,DSC大山,8,58,60000,10000000000,21417,7707625,deprecated,7961068
132,7223607,2019-02-15 13:04:46,0xf6846dee5b183f354d68036504e60f33b20b43c0e48c3105ed00db22f697bc86,1,0x9ee7eb89975050eb338126ebbb29e0d67003a588d62bc8c8bb1baa875420ed58,0xc44e4b1ecdf608d7be44c7b8b9916b59aef7037f,0x88136b625d495f598280438ba8229af263efd300,0x7d7696a4ffe79d4deac802e89d3ce1069d7ff724,10000000000000.0,DSC大山,DSC大山,8,72,60000,10000000000,21417,3611659,deprecated,7961066
133,7223621,2019-02-15 13:09:54,0x79280ca7a6f1984d446fd857b990606abf81c87909a0f92784e5cc43d0f3865f,93,0x8ca6e7fe72a313e65a0b3723d8d8d3335c29efcce4259ce90462dde41c0db6c6,0x429dff817d99d24bbfbfc94aa8fdcc14d27f23be,0x88136b625d495f598280438ba8229af263efd300,0x7d7696a4ffe79d4deac802e89d3ce1069d7ff724,10000000000000.0,DSC大山,DSC大山,8,134,60000,10000000000,21417,7944562,deprecated,7961052
134,7223629,2019-02-15 13:12:00,0x18e5316dc596fef3171038f6933658cd8fc3764182baa12f5f5f36fcd8dfa071,6,0x120447c4b65a7e820ae8169abfff8812fd735b86dbd72970f759f839fe4a8a28,0x8d9ef0cf961a3260a323692137739e99b71985a8,0x88136b625d495f598280438ba8229af263efd300,0x7d7696a4ffe79d4deac802e89d3ce1069d7ff724,10000000000000.0,DSC大山,DSC大山,8,45,60000,10000000000,21417,6639218,deprecated,7961044
135,7223629,2019-02-15 13:12:00,0xaa186f200f8dda3ed4478a52118a58e88e6b78229b660c9f3c86ec75a29ace01,2,0x120447c4b65a7e820ae8169abfff8812fd735b86dbd72970f759f839fe4a8a28,0xe2459639ce500e958df7cd86897084fe1520676b,0x88136b625d495f598280438ba8229af263efd300,0x7d7696a4ffe79d4deac802e89d3ce1069d7ff724,10000000000000.0,DSC大山,DSC大山,8,64,60000,10000000000,21417,7725415,deprecated,7961044
136,7223630,2019-02-15 13:12:03,0xc04c6f23b4ced4a57d7d5aef0cc31712be1db298c4d0fe607d2a303f92f43c9b,6,0xa4a2f0b488018a8379bcf54ab8936b7c97dfc311ecba181ce90d62a252c1623c,0x94fde49a367f06b7d5ed96db20e382c9b59af324,0x88136b625d495f598280438ba8229af263efd300,0x7d7696a4ffe79d4deac802e89d3ce1069d7ff724,10000000000000.0,DSC大山,DSC大山,8,90,60000,10000000000,21417,5984595,deprecated,7961043
137,7223631,2019-02-15 13:12:05,0xf0e29aedbe8f0ef88347187c5e84abadc2bb10f58c25c98502bf8988ff8388e0,5,0xdda5595184b029f249c06c3b5e6f946e597a0e1e5f45f83559d5a51282283ed8,0x813840178931f9cfa66ff1674e05543cd76afab1,0x88136b625d495f598280438ba8229af263efd300,0x7d7696a4ffe79d4deac802e89d3ce1069d7ff724,5000000000000.0,DSC大山,DSC大山,8,36,60000,10000000000,21417,6295778,deprecated,7961042
138,7223632,2019-02-15 13:12:09,0x735701139ed57e39984adcefa4190dff96e277bd6041d5241acc3748639314f9,1,0x5023fa6e568509321d0c1ca64f95c2e8219dce8cd647430cffdb07231910feb4,0xfdac4b8987c2584dde2f05fbfa92764143ce5903,0x88136b625d495f598280438ba8229af263efd300,0x7d7696a4ffe79d4deac802e89d3ce1069d7ff724,5000000000000.0,DSC大山,DSC大山,8,22,60000,10000000000,21417,1588919,deprecated,7961041
139,7223632,2019-02-15 13:12:09,0x0b3c9cfee1996cf6a8136838bbf8bef805e230319f166a74d8fb25456fb23173,1,0x5023fa6e568509321d0c1ca64f95c2e8219dce8cd647430cffdb07231910feb4,0x98d046201d1120a1a2c101ea1cec65753edaecdd,0x88136b625d495f598280438ba8229af263efd300,0x7d7696a4ffe79d4deac802e89d3ce1069d7ff724,5000000000000.0,DSC大山,DSC大山,8,48,60000,10000000000,21417,3725984,deprecated,7961041
140,7223633,2019-02-15 13:12:14,0x092628fab243a48e27fa97d8aaa5803440abdf558a701181e1bc75e6eb2a66ae,0,0xa9ce3d65b3ed1b880000138b935834bc372e579acf27430bab0c1c966c243c98,0xf4bf9af3b14937e7c75ad08343788a8257be4581,0x88136b625d495f598280438ba8229af263efd300,0x7d7696a4ffe79d4deac802e89d3ce1069d7ff724,10000000000000.0,DSC大山,DSC大山,8,114,60000,10000000000,21417,3558227,deprecated,7961040
141,7223641,2019-02-15 13:13:54,0x6b3065b6a1fd3769a7ba681d5c1410cd3323bb74df97bd54238a7883f0830852,6,0x7398326b306af3be01c6c8d029937821bdcd5fc93f7db2534789412587d0e6e7,0xd66dac694ae9429cc029ab1715a41e6408c28c2e,0x88136b625d495f598280438ba8229af263efd300,0x7d7696a4ffe79d4deac802e89d3ce1069d7ff724,5000000000000.0,DSC大山,DSC大山,8,16,60000,8031250000,21417,544153,deprecated,7961032
142,7223655,2019-02-15 13:19:52,0x788f49d544ae8658c5ad2eba294a4abd77babdd6a6fb71ba804e3bf8b0e4e49b,88,0x273d3ff3a5bbd4be0b5e3a472cc261659d362ce97434a8adad015acf5a9b64b7,0x7d7696a4ffe79d4deac802e89d3ce1069d7ff724,0x88136b625d495f598280438ba8229af263efd300,0xa4aeb8ceab1d96e147f826fe56e8cf79ab12bebb,155000000000000.0,DSC大山,DSC大山,8,45,60000,14593750000,21417,2007524,deprecated,7961018
143,7223655,2019-02-15 13:19:52,0x21bfa75b7cbbd0a05d21d3f042df78d410ec25f2e98900aab1b34bca797e7e26,2,0x273d3ff3a5bbd4be0b5e3a472cc261659d362ce97434a8adad015acf5a9b64b7,0x86110c3da622922735f01781501fc82522d6c9d5,0x88136b625d495f598280438ba8229af263efd300,0x7d7696a4ffe79d4deac802e89d3ce1069d7ff724,5000000000000.0,DSC大山,DSC大山,8,98,60000,7562500000,36417,6398874,deprecated,7961018
144,7223682,2019-02-15 13:30:40,0xeefd30301de90a6804a8dcb67c86aa34c0107ae348c3920525c0a6592b750cf7,90,0x932bbc80eb760fc6d6b81ebcd4e53829486781d1e6d0a6b3ed6bc226c02d9abe,0x7d7696a4ffe79d4deac802e89d3ce1069d7ff724,0x88136b625d495f598280438ba8229af263efd300,0xa4aeb8ceab1d96e147f826fe56e8cf79ab12bebb,5000000000000.0,DSC大山,DSC大山,8,55,60000,15531250000,21417,2050428,deprecated,7960991
145,7223900,2019-02-15 14:45:12,0x6a3a9d97a95a3f90e15046a4f0eb170b57ac27c8385d6b8b49f9343aecf46dc4,4,0x87c67b50395af35a0ddf8a486d565401d207adaf4e86b87455a246769dd13e2e,0x469b0d3271e5760c0851ee5d87a00d2c8e41a771,0x88136b625d495f598280438ba8229af263efd300,0x7d7696a4ffe79d4deac802e89d3ce1069d7ff724,5000000000000.0,DSC大山,DSC大山,8,76,60000,15820000000,36417,6173069,deprecated,7960773
146,7224118,2019-02-15 15:57:37,0xd43c560a2dcbc959142f7aec8960e6eb2db9e5fdfaac2d89895ca9576d137498,1,0xf40d933aa9ca2866d60bbae88bcc8111d6a8d61f7e28d7d7e339ac25f637b66b,0x1e945ab648dc07cdcd15ca9078b95d9baaa30088,0x88136b625d495f598280438ba8229af263efd300,0x7d7696a4ffe79d4deac802e89d3ce1069d7ff724,5000000000000.0,DSC大山,DSC大山,8,46,60000,8500000000,21417,2615020,deprecated,7960555
147,7224121,2019-02-15 15:58:30,0x41fc58eedd0f7a59447d7cebc151ceb2f6af09acd4ab8ab81310807a9867fc10,0,0xdbc50c2a9ffd4477f81caecbde56f2232b3dbacdce03e109af0d81ac0eb797f0,0x2d743a4288da482246a85417f9f0fc59f62458ca,0x88136b625d495f598280438ba8229af263efd300,0x7d7696a4ffe79d4deac802e89d3ce1069d7ff724,5000000000000.0,DSC大山,DSC大山,8,97,60000,7093750000,21417,7537363,deprecated,7960552
148,7224240,2019-02-15 16:38:58,0xb124b820e8863045d808ba997f7ebe8c5221b014fd27e00629e7e135fcd83f83,1,0x7ec8329baa6c9f3a70b171b541acd11db65779d8f047be105f72eb11b47813e4,0xe60003c2e3304097c6c7077288a570b13aa06d75,0x88136b625d495f598280438ba8229af263efd300,0x7d7696a4ffe79d4deac802e89d3ce1069d7ff724,5000000000000.0,DSC大山,DSC大山,8,84,60000,7093750000,21417,6684077,deprecated,7960433
149,7224252,2019-02-15 16:44:08,0x33b27c2aab427d7999c0f03138f0d73c3c3d4d14f55f61d528880857f3a4bfc6,0,0x812298f5e461caea94eba4de3f09a48138efacf9b87deb5194f365582ce86ea3,0x482ffec40784c8a76cba0e0096f78301e5a6f2f9,0x88136b625d495f598280438ba8229af263efd300,0x7d7696a4ffe79d4deac802e89d3ce1069d7ff724,5000000000000.0,DSC大山,DSC大山,8,118,60000,7562500000,21417,7931545,deprecated,7960421
150,7224257,2019-02-15 16:45:56,0xb4800052227d5351c1c76273526e5677275b53d4a6380a607140979e47d9d31c,0,0x71e4241cb10d95b0a86cbaf9ebd913d4cf5a3d29194f684f2a60686ff1d5f6a6,0xd91a70a6a2a427cfcb3045cd141f6e4f87f2bb34,0x88136b625d495f598280438ba8229af263efd300,0x7d7696a4ffe79d4deac802e89d3ce1069d7ff724,5000000000000.0,DSC大山,DSC大山,8,69,60000,9437500000,21417,4137360,deprecated,7960416
151,7224282,2019-02-15 16:53:10,0xfbf404b1fb95ba1255128132781752d7702291736ff8616fe8796ec637d42309,0,0x0b7bf2a43a54d4cd092ba6891331a89be5109bf4089252dbf4740d137a122534,0x80cbb5af0fc2e1ca9f6527235be1c1e429e3406f,0x88136b625d495f598280438ba8229af263efd300,0x7d7696a4ffe79d4deac802e89d3ce1069d7ff724,5000000000000.0,DSC大山,DSC大山,8,92,60000,5218750000,21417,4472675,deprecated,7960391
152,7224284,2019-02-15 16:54:03,0x47b1f29d3b1f541068e63e253dfaf4187bd8d805c12f887d357727d4fef2fec0,58,0xcae654a2d6491736d2d7c0e4b1964973f09cb8360bd1aa089ce64cd5655d3b01,0x16c49065013dbe1b68706c0dc24d16246247886e,0x88136b625d495f598280438ba8229af263efd300,0x7d7696a4ffe79d4deac802e89d3ce1069d7ff724,15000000000000.0,DSC大山,DSC大山,8,96,60000,12000000000,21417,7085974,deprecated,7960389
153,7224288,2019-02-15 16:55:23,0x0ec6aff135a8cce5d443c6f6ed336f6f1bed72018eaca9c03ec00e4997aabfcb,52,0x75c05d477cfb4de184ac23e6c3a1fd4eee6df4d9b286d2fe3ae59880fb760210,0xb5752d5c82413bef9ed77546c1b85251232578ff,0x88136b625d495f598280438ba8229af263efd300,0x7d7696a4ffe79d4deac802e89d3ce1069d7ff724,5000000000000.0,DSC大山,DSC大山,8,2,60000,12667863930,21417,114297,deprecated,7960385
154,7224288,2019-02-15 16:55:23,0x9796ba9079ef06a60452b0d76888195532823ce5c20452d8885ef89fc31f509b,1,0x75c05d477cfb4de184ac23e6c3a1fd4eee6df4d9b286d2fe3ae59880fb760210,0x88a8094dc48c6b157344068add426168fc4046f0,0x88136b625d495f598280438ba8229af263efd300,0x7d7696a4ffe79d4deac802e89d3ce1069d7ff724,5000000000000.0,DSC大山,DSC大山,8,6,60000,11411764224,21417,1742403,deprecated,7960385
155,7224308,2019-02-15 17:02:13,0x6efa01accb704335db909dcbc1858d83dbacb8104684d91ec62b6e04c5e87349,2,0x2d030368a38656e322ee8b8532ee27845326b3e808cb5d806127dac01c3ca51f,0xf4d53ed0e458c3f12ec83d1bd09333225ca94918,0x88136b625d495f598280438ba8229af263efd300,0x7d7696a4ffe79d4deac802e89d3ce1069d7ff724,5000000000000.0,DSC大山,DSC大山,8,54,60000,12000000000,21417,4013747,deprecated,7960365
156,7224311,2019-02-15 17:02:50,0x344964e963c609ae3ee418f8b028b9026539f138ab3dabd8d0728213ce4ee59c,26,0x3fad580ebe6b5f689657f59fd12774efcf8f9e0ee777e9db42b4e649771adc28,0xdd9da41c2aaf7ff9b5a0080b786bc97ff6b57a90,0x88136b625d495f598280438ba8229af263efd300,0x7d7696a4ffe79d4deac802e89d3ce1069d7ff724,10000000000000.0,DSC大山,DSC大山,8,59,60000,12000000000,21417,3519400,deprecated,7960362
157,7225946,2019-02-16 02:37:08,0x12f858ac0af735569efc063718e0a99e00127644127bcd5c156fe45ebbea8cba,93,0x403a3a961b9edab289259addf87ad78e4de995e79a21f032fe2d0fa900fbac51,0x7d7696a4ffe79d4deac802e89d3ce1069d7ff724,0x88136b625d495f598280438ba8229af263efd300,0xa4aeb8ceab1d96e147f826fe56e8cf79ab12bebb,75000000000000.0,DSC大山,DSC大山,8,44,60000,10375000000,21417,6543318,deprecated,7958727
158,7256172,2019-02-23 05:58:42,0x6e4ffd728c7f2d67e5e8f37e04a48119c0087fad4e03bec51abb6ca4a4683475,2,0x23a9bcfe3314a3c9f983d8f7bf509b9b2fa397afd540cc5fce503c54e378a60f,0xc44e4b1ecdf608d7be44c7b8b9916b59aef7037f,0x4cc178f0dd14f82165ec5c11bd7dfe6781e37f91,0x7d7696a4ffe79d4deac802e89d3ce1069d7ff724,1.01e+21,Rwe Coin,RWE,18,58,60000,9100000000,37636,3063696,deprecated,7928501
159,7257507,2019-02-23 13:25:28,0x56d547f49f0b5915a3a89f6ed665edd8a4d0018db8d425897508380300c332e3,94,0xcb3348aba9453e8933935f2586e772c62f2419ce94419815dffedac5cf591c8b,0x7d7696a4ffe79d4deac802e89d3ce1069d7ff724,0xe9541c7ea236332f4d07be73101670f39b27da02,0x25e460101c8db5ac2657de62c52288ea7840ee98,1e+18,Pureland,PLD,18,102,60000,10000000000,52282,7095562,deprecated,7927166
160,7258881,2019-02-23 20:51:31,0xdfc39b9dfe51c9586b2e7b438029fa864ec028c8a73787b38204900ba1044cb0,95,0x234807a9547b92fac6574022aacdc85404fb5aef0689b14516273bfd25b6cb6a,0x7d7696a4ffe79d4deac802e89d3ce1069d7ff724,0x4cc178f0dd14f82165ec5c11bd7dfe6781e37f91,0x429dff817d99d24bbfbfc94aa8fdcc14d27f23be,1.01e+21,Rwe Coin,RWE,18,89,60000,12718750000,22636,4424327,deprecated,7925792
161,7264686,2019-02-25 05:29:57,0x2f934a8c5338720383234bff89ae537288f76b15a810f7dc04429fcc413daa7d,97,0x8f82aca9a0862cc337fc4992983b61fc43d9432e4cfb89ec87aab637ce365d41,0x7d7696a4ffe79d4deac802e89d3ce1069d7ff724,0xe9541c7ea236332f4d07be73101670f39b27da02,0x0df545b44a50ba956bd9f5948f3d6b8d5554a17b,1e+18,Pureland,PLD,18,97,60000,7093750000,52282,6954744,deprecated,7919987
162,7265033,2019-02-25 07:18:18,0xf66506d239f529ca39fa90980922cab69b5822107c22d82d35ee11fc7846450d,49,0x1951530cabfcc3a084bd003ebd84d1bb5c693d20495237b01f7c93c22d3cdb40,0x06afb72620c43650f4ad3c451857bcd743ae6e3c,0xe9541c7ea236332f4d07be73101670f39b27da02,0x7d7696a4ffe79d4deac802e89d3ce1069d7ff724,1.17e+20,Pureland,PLD,18,0,60000,41000000000,37346,37346,deprecated,7919640
163,7269774,2019-02-26 10:28:44,0x3c258d0debcb448921d0dbd6eb960c3a07026ce8d424856f4a21c9a666d1b531,72,0xfa5014373fc01c84019caf99f2e8e8066997e2c7f50a8ca9a9fde7f6180104b1,0x3f8309d8294eaeda2c73149f28121836a8b56239,0xe9541c7ea236332f4d07be73101670f39b27da02,0x7d7696a4ffe79d4deac802e89d3ce1069d7ff724,2e+19,Pureland,PLD,18,66,4555006,8000000000,3021671,5862514,deprecated,7914899
164,7269807,2019-02-26 10:40:15,0xa861b6f558fe82fb2d1f5cb36bff52cdfec1e99f1480c7ae1b0bad0f3b5735c4,72,0x5b231432961bf88cbc2279b038787f1c817869714994d8901d7aaaed91b375b0,0xa2e8a3d4598276eb3c637710a5e2049a73ae012c,0xe9541c7ea236332f4d07be73101670f39b27da02,0x7d7696a4ffe79d4deac802e89d3ce1069d7ff724,2e+19,Pureland,PLD,18,174,60000,6156250000,22346,6040483,deprecated,7914866
165,7269907,2019-02-26 11:20:15,0x8d24f6d753d9b926f8cfeb862436820fa96e4d319c925171f2a121cba293c671,56,0x06c9cd1ebc6a799aee7961d3ab28ed4a7a994b78cc82df2f4832a3f9f79d153a,0xb5752d5c82413bef9ed77546c1b85251232578ff,0xe9541c7ea236332f4d07be73101670f39b27da02,0x7d7696a4ffe79d4deac802e89d3ce1069d7ff724,7e+19,Pureland,PLD,18,35,60000,17000000000,22346,1647574,deprecated,7914766
166,7270222,2019-02-26 13:02:03,0xaeee0f5acb5f3a9c7a1a73e66c1a4d8299ce3eebfd15306fcfbc9eee6ba6418d,75,0x8dd945f6e693613951c1203ab0cd7071aa2d6aa08214762ae8115450483f5bfe,0x3f8309d8294eaeda2c73149f28121836a8b56239,0xe9541c7ea236332f4d07be73101670f39b27da02,0x7d7696a4ffe79d4deac802e89d3ce1069d7ff724,3e+20,Pureland,PLD,18,114,206457,8000000000,107638,7624279,deprecated,7914451
167,7270398,2019-02-26 13:58:53,0xab17f89ce5c13f4410d9611fc7e70749e09c7557d644ed151e14c9f89a255d44,304,0x86390c7ca52a2436c3585bcc3435a5915fb1c3fa5fc50a8f6ecb924c7ecb07e3,0xb81dddeb7b38ed0227bf92b0ce6969c0f9af2aaf,0x770d06df3a6d343e0342314d4f6ccaef6945245b,0x7d7696a4ffe79d4deac802e89d3ce1069d7ff724,2.5e+21,TaskChain,TASK,18,49,3577224,3685000000,3362224,7488004,deprecated,7914275
168,7300305,2019-03-04 02:31:10,0xf3157196479ebbc8e794be3b0a043345c22a1609aa93133ef0b6ef060de1572b,24,0x84dc0f032a6573af8f8bccf654d2ab2d7f2500408cc32bd155ca91ec2612a939,0xcb5c97c0770fbc36ac95f6207e3175da2cc05eb1,0x7fca6247ccc497569ea007c407779606484680e3,0x7d7696a4ffe79d4deac802e89d3ce1069d7ff724,1.88e+18,Fulian Token,FUT,18,103,60000,8000000000,51533,4804276,deprecated,7884368
169,7309191,2019-03-05 11:55:15,0x250da86417daaf9af6373abcce3652cbe01b62540891341530ae55bbe9c63000,965,0x6cf91ca2ed91e1a2c8dddb697df28e38f9f8fc0895fd3ab39570b0e05e96ed77,0xb14fecf1633935adb9ea5af72631d95b02cfb850,0x7eefdabcf01ea45d60b3fffca90df1a160c5311d,0x7d7696a4ffe79d4deac802e89d3ce1069d7ff724,4.55e+22,BITSDAQ CANDY,BXBC,18,27,6000000,5000000000,3691741,5422671,deprecated,7875482
170,7321905,2019-03-07 11:29:27,0x1f00222180ce14112dd63ccd56fa7a31ecd58bb8a5a761641d7e3297e4e9bc6c,166,0xb528ccafc786c569fbb6334f2a2895d172eca15543ea11111d92147c54de84cb,0x06afb72620c43650f4ad3c451857bcd743ae6e3c,0xe9541c7ea236332f4d07be73101670f39b27da02,0x7d7696a4ffe79d4deac802e89d3ce1069d7ff724,2.47e+20,Pureland,PLD,18,2,60000,41000000000,37346,379260,deprecated,7862768
171,7322076,2019-03-07 12:09:33,0x8badbd556b7f108d1777e7e19a46d787812024d7303007f1018fc074a4445bf6,7,0x3a5b334175335ceb0814ba6daf93bb504a4805d889191dfbd7b58361ce91e244,0xbedbb73b4f627a58a80b8d4f2c71c42ba6ad49ff,0xa70b2f0738749248153446e8feaece123714a104,0x7d7696a4ffe79d4deac802e89d3ce1069d7ff724,50000000000.0,KTN,KTN,8,102,60000,5000000000,52460,4344863,deprecated,7862597
172,7322257,2019-03-07 12:49:14,0xc0b5eddb0f5fde46803fe7f3bb310bb0da803f62b60a4eea9243d046ddd192a7,16,0xa4865cffc2ae186af52bb22cd00d0a3ea425f5a6927b6384bed8b0f4cf78b6f4,0xbedbb73b4f627a58a80b8d4f2c71c42ba6ad49ff,0xa70b2f0738749248153446e8feaece123714a104,0x7d7696a4ffe79d4deac802e89d3ce1069d7ff724,555000000000.0,KTN,KTN,8,47,60000,3000000000,37460,3316245,deprecated,7862416
173,7326476,2019-03-08 04:24:26,0x06060c4a7211db739414267bdb59752f97b14adb4bfb552d1c23990c7c4e015f,799,0x9c99599670424da159af88c25c9801321d43920e6067f8cdcdd619b73ba09b82,0x87f6a5812efc5ed1eb69ad5850cd64b489edd793,0x8f3dd1762697da3598b8bddca7f2e084f5eb74b3,0x7d7696a4ffe79d4deac802e89d3ce1069d7ff724,1e+19,cartycoin,cc,18,49,90000,5000000000,53027,6339370,deprecated,7858197
174,7327906,2019-03-08 09:46:10,0xb1a5f859a8f95ee86f55a3e40b5070fc8b215a18050bb9fdf947ee7d0343f140,987,0x3a2b632fe6797902dccc688b121b99b25fc01df6d7fe12233ff0a37ddc27d0f6,0x87f6a5812efc5ed1eb69ad5850cd64b489edd793,0x8f3dd1762697da3598b8bddca7f2e084f5eb74b3,0x7d7696a4ffe79d4deac802e89d3ce1069d7ff724,1e+19,cartycoin,cc,18,154,90000,2000000000,38027,7931291,deprecated,7856767
175,7362152,2019-03-13 18:02:12,0xae70d748785c1a581788e551b6d3756bd12ced465c432f0d48cf52c49eb78d61,109,0x5f6abe5e70444a113b75dd81f268a6fe87e1a05fa16325553d2881c7ca5c95cf,0xbf4c0787198dfba4a71c8882300db013ba21ff43,0x8b8e088c7ad40d70d0a8183a399c8f9c24b5c8d8,0x7d7696a4ffe79d4deac802e89d3ce1069d7ff724,1e+20,ChelleCoin,CHL,18,12,7329647,3400000000,7328984,7679075,deprecated,7822521
176,7423700,2019-03-23 07:51:01,0x98b83bfc545753398e297c5584c8ae65320de3378f1cc06a55aec6dda231e3da,16,0x33d0936b366fca5dcdd58ff6dfc4a69f17d9494129d4d4e59bd208f8ae47b6de,0x6e71c6d41aed31b18dc37c27dc3309bcdb11e893,0x7b98dc6dea0be60dea2b2cf44b5bd9e702d7440b,0x7d7696a4ffe79d4deac802e89d3ce1069d7ff724,2e+19,BitrouToken,ROT,18,29,5954857,2000000000,3954905,5878194,deprecated,7760973
177,7524484,2019-04-08 01:24:19,0xcca14b06e6785e59b5f3527c1e8fa15cc7001843b606bc1b9b540b7da00dac90,40,0x61050fc4e61471f33323948a3a6a7b6a57ea8bcfe906623a843fca55c1bb342b,0x79ea340b388761df15bbd8f2a2e103d3981da21f,0xe9541c7ea236332f4d07be73101670f39b27da02,0x7d7696a4ffe79d4deac802e89d3ce1069d7ff724,7e+20,Pureland,PLD,18,134,60000,6250000000,37346,4500718,deprecated,7660189
178,7595257,2019-04-19 01:35:14,0x6f191c96e4515315a79930f72cdfbb4355413e1ba4584fb6d48e25df8c06ef30,147,0x36151cb71e334d9e23f7bdff177d88d9d15b78bb3930281e5c2a35193fea6f94,0x429dff817d99d24bbfbfc94aa8fdcc14d27f23be,0xe9541c7ea236332f4d07be73101670f39b27da02,0x7d7696a4ffe79d4deac802e89d3ce1069d7ff724,7e+19,Pureland,PLD,18,80,60000,6000000000,22346,6436658,deprecated,7589416
179,7595992,2019-04-19 04:25:25,0xbf1e62f7a1f7cb05914b4695d793a259d3be7c0b73fc62ae1da70092005ae584,99,0xd13ea282a8125fe0fbe38bacb39a1ba1494952dc33278514c9f56a92cd9aa3dd,0x7d7696a4ffe79d4deac802e89d3ce1069d7ff724,0xe9541c7ea236332f4d07be73101670f39b27da02,0x22fba2f08ab9079a2a5d1d1faff04f09c4b96697,1.622e+21,Pureland,PLD,18,147,60000,11781250000,37346,5025930,deprecated,7588681
180,7782616,2019-05-18 06:41:07,0xb22491c3b1a10956791a56db49f9eac62ed5e041664f072ff7c7102177502ded,21,0x3ae06b89ef497b2a8c7b25afd78779c9c39fe4b993774b27a4b21be8becacf14,0x895f83ed2929d75e0926c59c40924e1a5c1fc88b,0x174bfa6600bf90c885c7c01c7031389ed1461ab9,0x7d7696a4ffe79d4deac802e89d3ce1069d7ff724,1.43e+21,More Gold Coin,MGC,18,139,60000,6600000000,53123,7170601,deprecated,7402057
181,7783203,2019-05-18 08:47:50,0x9ce216de15561cbe62f64311cfc70d1629b4fef9bea5164a83a28bb82b7dd1f6,100,0x2cd26c986222a1d585009c7f89782f5159857f7524f5a32f4b3a348c00a49d0a,0x7d7696a4ffe79d4deac802e89d3ce1069d7ff724,0x174bfa6600bf90c885c7c01c7031389ed1461ab9,0x6e375b889a59ca8233cac561bb09a3a137d3a572,1.43e+21,More Gold Coin,MGC,18,134,60000,6625000000,23123,7408776,deprecated,7401470
182,7794519,2019-05-20 03:31:47,0xed5f0cfbf2092ee3b76b88ea2e0708ba8372502651ccf6b685cd4ddd8790f984,101,0xde6c93e9a23566aa17c74cbce17d5075bde236cd634289845a44018baa75ccef,0x4b14f1aaa878ccf70d58aec682592dcd0fe025ba,0x82070415fee803f94ce5617be1878503e58f0a6a,0x7d7696a4ffe79d4deac802e89d3ce1069d7ff724,139000000.0,Vision.Network 100G Token,Voken,6,8,90000,20000000000,75395,308237,deprecated,7390154
183,7807623,2019-05-22 04:55:07,0x86b3418d2a6a93294479b24c35df9d2ec3dbce30cdfa3732e6a5be31fb2c3fcc,1036,0xd6457b61cec15f3a492babc787fe25c43a4de17361814005d6c9fbcb9ab5ffb0,0x9e7e09167a3faa0d04a23966c41ba485b8248d41,0x1b80eeeadcc590f305945bcc258cfa770bbe1890,0x7d7696a4ffe79d4deac802e89d3ce1069d7ff724,5.2e+20,BITSDAQ TOKEN,BQQQ,18,32,6000000,12000000000,1710521,3213510,deprecated,7377050
184,7925442,2019-06-09 15:08:21,0x8732e5ce2a4c7545c580ad9225bd26385130a4602e367555aa17030bdef62d28,161,0x05897f7dbf5286a73542039a08041527611ebaff559878b4b4efee7e741a6c68,0x429dff817d99d24bbfbfc94aa8fdcc14d27f23be,0xa70b2f0738749248153446e8feaece123714a104,0x7d7696a4ffe79d4deac802e89d3ce1069d7ff724,680000000000.0,KTN,KTN,8,10,60000,6156250000,22460,326446,deprecated,7259231
185,7925445,2019-06-09 15:08:58,0x6894d2d8bacd9cee3330fd93f5066914b3e5f81fc48f7182713432ecacbb0be0,7,0x491e2a16494a012e39ecc69baec7ced12bdea426626328376c2895eb6e609b77,0x8d9ef0cf961a3260a323692137739e99b71985a8,0xa70b2f0738749248153446e8feaece123714a104,0x7d7696a4ffe79d4deac802e89d3ce1069d7ff724,498000000000.0,KTN,KTN,8,10,60000,5687500000,22460,427882,deprecated,7259228
186,7925449,2019-06-09 15:10:20,0xbb13d64f892b05f315970d3946ab1b7532cfa857b4bacc572b570240d49a1f6a,7,0x4281ddeb9338b9bad2a034c05659c2f6128f9849b621b80ea0336409b094fa17,0x94fde49a367f06b7d5ed96db20e382c9b59af324,0xa70b2f0738749248153446e8feaece123714a104,0x7d7696a4ffe79d4deac802e89d3ce1069d7ff724,110000000000.0,KTN,KTN,8,47,60000,6625000000,22460,5126208,deprecated,7259224
187,7925454,2019-06-09 15:11:21,0xa9ad53473768666e006570c23b1651074908c225b1831c9c2bb8781b4927744c,3,0xc2e8fbd593de308dfb4d8d9f77bffd68573847ffc0e304babc29853b96e1e90c,0xe2459639ce500e958df7cd86897084fe1520676b,0xa70b2f0738749248153446e8feaece123714a104,0x7d7696a4ffe79d4deac802e89d3ce1069d7ff724,415000000000.0,KTN,KTN,8,58,60000,6156250000,22460,2109703,deprecated,7259219
188,7925762,2019-06-09 16:24:42,0x62163709f6736383e09c5b5dfaa59fd9e6f69923e23a6bd11961f3d16b32fe78,102,0x97c1d85928db2185c94214f47bab1078e7a8e991c46f12e7c46c32c11e9b3032,0x7d7696a4ffe79d4deac802e89d3ce1069d7ff724,0xa70b2f0738749248153446e8feaece123714a104,0x54ddff729862a5ae9c5d8149f5f735c5bb7fb462,2308000000000.0,KTN,KTN,8,40,60000,6625000000,22524,1548755,deprecated,7258911
189,7944256,2019-06-12 13:39:38,0x340ba2db8da289937c6a80bdf2e78a49abf14aed69410b87c12bd9bca4702bd6,164,0x65a43f6795ad2de37cd64a1c5564bb6a9c7a31c7223c6b7c5e549f1ae1617c56,0x429dff817d99d24bbfbfc94aa8fdcc14d27f23be,0xd6e91857090c901f3b96d6df7cfb3b41f8673942,0x7d7696a4ffe79d4deac802e89d3ce1069d7ff724,6.666e+21,ZBX Token,ZBX,18,151,60000,6625000000,52195,4750590,deprecated,7240417
190,7950623,2019-06-13 13:31:33,0x1a38cb4d08da12467f226ff52fec917d590a82a98214790c5aa82da9b63da62e,103,0x6a78ebab096a9f39b8bdccd80958f5d96ea81767fcbf00401cbf1f3bd1d32187,0x7d7696a4ffe79d4deac802e89d3ce1069d7ff724,0xd6e91857090c901f3b96d6df7cfb3b41f8673942,0xc16f3a57c26645ee8d6f5062316c60f21c0782de,6.666e+21,ZBX Token,ZBX,18,15,60000,8031250000,37195,2217681,deprecated,7234050
191,7955399,2019-06-14 07:18:15,0x4cd4a94aaf1f408bab621c73d6d79458ad99c93a767caf29a16e8b632577793f,62,0xd2e7017f01c79894a43dbcab9498e3fe179cf30212fb63fe07a20f8c145af9b0,0xd9b14324908d8d81b8b6aa72758e286753e4c860,0xd6e91857090c901f3b96d6df7cfb3b41f8673942,0x7d7696a4ffe79d4deac802e89d3ce1069d7ff724,9.3e+21,ZBX Token,ZBX,18,204,60000,3300000000,52195,7229257,deprecated,7229274
192,7955415,2019-06-14 07:23:08,0xbc466ce558d7806c5462e5bbec0080e1c6dfaa814a7c53beacd35af13e8cf35b,105,0xd1fd3c1005a7cd4d337ca3e9df94f4a9f59c4aa5dd75979d8ffb69fb3189a67e,0x7d7696a4ffe79d4deac802e89d3ce1069d7ff724,0xd6e91857090c901f3b96d6df7cfb3b41f8673942,0xc16f3a57c26645ee8d6f5062316c60f21c0782de,9.3e+21,ZBX Token,ZBX,18,15,60000,10843750000,22195,556394,deprecated,7229258
193,7979843,2019-06-18 03:07:35,0xa583621c3a3d78e3525a43a20ecee8a7afc2f0fa857901d15d5bfeff02ce6747,106,0x262f99d0653756368e913b10835a6681eeaec70d61e56c839b6e6add8cc7bece,0xc086cefbd8228e7d204889632c00b817301c0783,0xa6f53672a40ab4ef7ffd8497d8abb843718ecb22,0x7d7696a4ffe79d4deac802e89d3ce1069d7ff724,1499999999999.0,CASAS Token,CASAS,8,35,3000000,20000000000,2032869,2950926,deprecated,7204830
194,7979843,2019-06-18 03:07:35,0xa583621c3a3d78e3525a43a20ecee8a7afc2f0fa857901d15d5bfeff02ce6747,106,0x262f99d0653756368e913b10835a6681eeaec70d61e56c839b6e6add8cc7bece,0xfb5f4c910f4cb7a39347c33f2e533fa9a9e55864,0xa6f53672a40ab4ef7ffd8497d8abb843718ecb22,0x7d7696a4ffe79d4deac802e89d3ce1069d7ff724,1499999999999.0,CASAS Token,CASAS,8,35,3000000,20000000000,2032869,2950926,deprecated,7204830
195,7979843,2019-06-18 03:07:35,0xa583621c3a3d78e3525a43a20ecee8a7afc2f0fa857901d15d5bfeff02ce6747,106,0x262f99d0653756368e913b10835a6681eeaec70d61e56c839b6e6add8cc7bece,0xd2580945e215d38f8a4af9ee2b5b8bd779c64978,0xa6f53672a40ab4ef7ffd8497d8abb843718ecb22,0x7d7696a4ffe79d4deac802e89d3ce1069d7ff724,1499999999999.0,CASAS Token,CASAS,8,35,3000000,20000000000,2032869,2950926,deprecated,7204830
196,7979843,2019-06-18 03:07:35,0xa583621c3a3d78e3525a43a20ecee8a7afc2f0fa857901d15d5bfeff02ce6747,106,0x262f99d0653756368e913b10835a6681eeaec70d61e56c839b6e6add8cc7bece,0x8d662b5e8594396d31b1cbe2b98ee75306d97df2,0xa6f53672a40ab4ef7ffd8497d8abb843718ecb22,0x7d7696a4ffe79d4deac802e89d3ce1069d7ff724,1499999999999.0,CASAS Token,CASAS,8,35,3000000,20000000000,2032869,2950926,deprecated,7204830
197,7979843,2019-06-18 03:07:35,0xa583621c3a3d78e3525a43a20ecee8a7afc2f0fa857901d15d5bfeff02ce6747,106,0x262f99d0653756368e913b10835a6681eeaec70d61e56c839b6e6add8cc7bece,0x60045e0dc8f8935f3bfef9342f716ce44d4bd83c,0xa6f53672a40ab4ef7ffd8497d8abb843718ecb22,0x7d7696a4ffe79d4deac802e89d3ce1069d7ff724,1499999999999.0,CASAS Token,CASAS,8,35,3000000,20000000000,2032869,2950926,deprecated,7204830
198,7979843,2019-06-18 03:07:35,0xa583621c3a3d78e3525a43a20ecee8a7afc2f0fa857901d15d5bfeff02ce6747,106,0x262f99d0653756368e913b10835a6681eeaec70d61e56c839b6e6add8cc7bece,0xe35c0888f7e26ab0782da0be01b28746e0e34f6c,0xa6f53672a40ab4ef7ffd8497d8abb843718ecb22,0x7d7696a4ffe79d4deac802e89d3ce1069d7ff724,1499999999999.0,CASAS Token,CASAS,8,35,3000000,20000000000,2032869,2950926,deprecated,7204830
199,7979843,2019-06-18 03:07:35,0xa583621c3a3d78e3525a43a20ecee8a7afc2f0fa857901d15d5bfeff02ce6747,106,0x262f99d0653756368e913b10835a6681eeaec70d61e56c839b6e6add8cc7bece,0x0e5fd864ddfa62577f02193fbe0ac5c23e6a6257,0xa6f53672a40ab4ef7ffd8497d8abb843718ecb22,0x7d7696a4ffe79d4deac802e89d3ce1069d7ff724,1499999999999.0,CASAS Token,CASAS,8,35,3000000,20000000000,2032869,2950926,deprecated,7204830
200,7979843,2019-06-18 03:07:35,0xa583621c3a3d78e3525a43a20ecee8a7afc2f0fa857901d15d5bfeff02ce6747,106,0x262f99d0653756368e913b10835a6681eeaec70d61e56c839b6e6add8cc7bece,0x0911ea3fd5af53cd072caecb9018906bf55cd56d,0xa6f53672a40ab4ef7ffd8497d8abb843718ecb22,0x7d7696a4ffe79d4deac802e89d3ce1069d7ff724,1499999999999.0,CASAS Token,CASAS,8,35,3000000,20000000000,2032869,2950926,deprecated,7204830
201,7979843,2019-06-18 03:07:35,0xa583621c3a3d78e3525a43a20ecee8a7afc2f0fa857901d15d5bfeff02ce6747,106,0x262f99d0653756368e913b10835a6681eeaec70d61e56c839b6e6add8cc7bece,0x997fad8637c3489406b4597c098f35db12abdbc5,0xa6f53672a40ab4ef7ffd8497d8abb843718ecb22,0x7d7696a4ffe79d4deac802e89d3ce1069d7ff724,1499999999999.0,CASAS Token,CASAS,8,35,3000000,20000000000,2032869,2950926,deprecated,7204830
202,7979843,2019-06-18 03:07:35,0xa583621c3a3d78e3525a43a20ecee8a7afc2f0fa857901d15d5bfeff02ce6747,106,0x262f99d0653756368e913b10835a6681eeaec70d61e56c839b6e6add8cc7bece,0xf1bbd05de96e513387c16571db22e8837c35580e,0xa6f53672a40ab4ef7ffd8497d8abb843718ecb22,0x7d7696a4ffe79d4deac802e89d3ce1069d7ff724,1499999999999.0,CASAS Token,CASAS,8,35,3000000,20000000000,2032869,2950926,deprecated,7204830
203,7979843,2019-06-18 03:07:35,0xa583621c3a3d78e3525a43a20ecee8a7afc2f0fa857901d15d5bfeff02ce6747,106,0x262f99d0653756368e913b10835a6681eeaec70d61e56c839b6e6add8cc7bece,0x84e2807502fd481bbc4f50b974e1177b4a3e8b65,0xa6f53672a40ab4ef7ffd8497d8abb843718ecb22,0x7d7696a4ffe79d4deac802e89d3ce1069d7ff724,1499999999999.0,CASAS Token,CASAS,8,35,3000000,20000000000,2032869,2950926,deprecated,7204830
204,7979843,2019-06-18 03:07:35,0xa583621c3a3d78e3525a43a20ecee8a7afc2f0fa857901d15d5bfeff02ce6747,106,0x262f99d0653756368e913b10835a6681eeaec70d61e56c839b6e6add8cc7bece,0x7ab11b9b105e1e04a89f11c147002c73505e962b,0xa6f53672a40ab4ef7ffd8497d8abb843718ecb22,0x7d7696a4ffe79d4deac802e89d3ce1069d7ff724,1499999999999.0,CASAS Token,CASAS,8,35,3000000,20000000000,2032869,2950926,deprecated,7204830
205,7979843,2019-06-18 03:07:35,0xa583621c3a3d78e3525a43a20ecee8a7afc2f0fa857901d15d5bfeff02ce6747,106,0x262f99d0653756368e913b10835a6681eeaec70d61e56c839b6e6add8cc7bece,0xab71ca982aa0daf4b337687351ae5157a6e70c5e,0xa6f53672a40ab4ef7ffd8497d8abb843718ecb22,0x7d7696a4ffe79d4deac802e89d3ce1069d7ff724,1499999999999.0,CASAS Token,CASAS,8,35,3000000,20000000000,2032869,2950926,deprecated,7204830
206,7979843,2019-06-18 03:07:35,0xa583621c3a3d78e3525a43a20ecee8a7afc2f0fa857901d15d5bfeff02ce6747,106,0x262f99d0653756368e913b10835a6681eeaec70d61e56c839b6e6add8cc7bece,0x32e3f05e26054593db6803a4899a2bd5f4dbf913,0xa6f53672a40ab4ef7ffd8497d8abb843718ecb22,0x7d7696a4ffe79d4deac802e89d3ce1069d7ff724,1499999999999.0,CASAS Token,CASAS,8,35,3000000,20000000000,2032869,2950926,deprecated,7204830
207,7979843,2019-06-18 03:07:35,0xa583621c3a3d78e3525a43a20ecee8a7afc2f0fa857901d15d5bfeff02ce6747,106,0x262f99d0653756368e913b10835a6681eeaec70d61e56c839b6e6add8cc7bece,0x51420979c0bfb5af09296545b4060cc00c84b2f5,0xa6f53672a40ab4ef7ffd8497d8abb843718ecb22,0x7d7696a4ffe79d4deac802e89d3ce1069d7ff724,1499999999999.0,CASAS Token,CASAS,8,35,3000000,20000000000,2032869,2950926,deprecated,7204830
208,7979843,2019-06-18 03:07:35,0xa583621c3a3d78e3525a43a20ecee8a7afc2f0fa857901d15d5bfeff02ce6747,106,0x262f99d0653756368e913b10835a6681eeaec70d61e56c839b6e6add8cc7bece,0x23a165d29172ca618bcd6c97e5d4c60809549cd7,0xa6f53672a40ab4ef7ffd8497d8abb843718ecb22,0x7d7696a4ffe79d4deac802e89d3ce1069d7ff724,1499999999999.0,CASAS Token,CASAS,8,35,3000000,20000000000,2032869,2950926,deprecated,7204830
209,7979843,2019-06-18 03:07:35,0xa583621c3a3d78e3525a43a20ecee8a7afc2f0fa857901d15d5bfeff02ce6747,106,0x262f99d0653756368e913b10835a6681eeaec70d61e56c839b6e6add8cc7bece,0xd0a7117fd8b7fb14aaf245409db31cbe3dc465ac,0xa6f53672a40ab4ef7ffd8497d8abb843718ecb22,0x7d7696a4ffe79d4deac802e89d3ce1069d7ff724,1499999999999.0,CASAS Token,CASAS,8,35,3000000,20000000000,2032869,2950926,deprecated,7204830
210,7979843,2019-06-18 03:07:35,0xa583621c3a3d78e3525a43a20ecee8a7afc2f0fa857901d15d5bfeff02ce6747,106,0x262f99d0653756368e913b10835a6681eeaec70d61e56c839b6e6add8cc7bece,0xf6ae18beae0f19cabb5a79f9950d6fc262c3db29,0xa6f53672a40ab4ef7ffd8497d8abb843718ecb22,0x7d7696a4ffe79d4deac802e89d3ce1069d7ff724,1499999999999.0,CASAS Token,CASAS,8,35,3000000,20000000000,2032869,2950926,deprecated,7204830
211,7979843,2019-06-18 03:07:35,0xa583621c3a3d78e3525a43a20ecee8a7afc2f0fa857901d15d5bfeff02ce6747,106,0x262f99d0653756368e913b10835a6681eeaec70d61e56c839b6e6add8cc7bece,0xdedf723f6785aaa4fd569d4a78efc3cf9488f5b7,0xa6f53672a40ab4ef7ffd8497d8abb843718ecb22,0x7d7696a4ffe79d4deac802e89d3ce1069d7ff724,1499999999999.0,CASAS Token,CASAS,8,35,3000000,20000000000,2032869,2950926,deprecated,7204830
212,7979843,2019-06-18 03:07:35,0xa583621c3a3d78e3525a43a20ecee8a7afc2f0fa857901d15d5bfeff02ce6747,106,0x262f99d0653756368e913b10835a6681eeaec70d61e56c839b6e6add8cc7bece,0x4b0047ca5587dd6ff936168c2070c238bcec753f,0xa6f53672a40ab4ef7ffd8497d8abb843718ecb22,0x7d7696a4ffe79d4deac802e89d3ce1069d7ff724,1499999999999.0,CASAS Token,CASAS,8,35,3000000,20000000000,2032869,2950926,deprecated,7204830
213,8654620,2019-10-01 05:25:17,0xf135b27325dc6379cec77f02b9885561eb5d8a8791aa5f8285c82e929a9aab1d,216,0x9f4360818978ca43e51c6495898eff4a75e750b1f26ac5d9268a53a2ba42045d,0x684f93ecf0ee7e0ef4a17b28eff61f918befab2b,0xc8cac7672f4669685817cf332a33eb249f085475,0x7d7696a4ffe79d4deac802e89d3ce1069d7ff724,1e+20,LivenCoin,LVN,18,18,8999587,2700000000,7333062,7908087,deprecated,6530053
214,8661721,2019-10-02 08:20:59,0x095492851a2d13badec29c82fe0f79258c41e6b0e6da744f2435908ddf810e4d,95,0xfa1d182cc0a5807910d36812ada1596e0a799e0ff54a90ff87501ad35183e63f,0x77ffd54983cd5e681348d6cdb14434cd2b2b243e,0xce43921b2fbf3c7f4cf47e28b8261e8e31bc6106,0x7d7696a4ffe79d4deac802e89d3ce1069d7ff724,1e+22,XinBi Token,XB,18,47,60000,14000000000,53161,1700562,deprecated,6522952
215,8700699,2019-10-08 10:07:30,0x29b4caac06e0628dcc014360a328aab841e79b81940066c4b289702be669dd7a,109,0xea8a80dcf18aa8a0a6805d0b110ad5a411add2e7f4d958a6b82effa2f1a1e18e,0x7d7696a4ffe79d4deac802e89d3ce1069d7ff724,0xce43921b2fbf3c7f4cf47e28b8261e8e31bc6106,0x9b19aef4c19fdae7a3fb756ae615ebf2731b4bdc,1e+22,XinBi Token,XB,18,182,60000,9906250000,23161,6155042,deprecated,6483974
216,9448046,2020-02-09 10:31:31,0x020f0626998f7f72db20a558915c96fab5382f5ec288efe60198b53507b90342,15,0x11b573423a64582c0b5e5b30aede7c5e5cb5a2fe16b710f58c6c781acf49faf7,0x24a0a4cae19bb6c082b89ff111cf936552d67185,0xfa7dc4ce452bbf13903de606339c4dda2df79688,0x7d7696a4ffe79d4deac802e89d3ce1069d7ff724,6000000000.0,Smart Care Chain,SCC,6,170,60000,7000000000,55836,7434011,deprecated,5736627
217,9461080,2020-02-11 10:17:52,0x4d65472476bc9f31494dc66ac1005b99d236654939881b06dfd66ee1faafd464,111,0xe107dcdf4c8de4b6db7081bb88192154e780f085ec16b69ff2703973c3a1b415,0x7d7696a4ffe79d4deac802e89d3ce1069d7ff724,0xfa7dc4ce452bbf13903de606339c4dda2df79688,0xe1d8f2d97b39ed5f3d8abf79305e3fea55687bec,6000000000.0,Smart Care Chain,SCC,6,23,60000,8000000000,40836,2091471,deprecated,5723593
218,9472572,2020-02-13 04:42:18,0x07537ec841f2f3c621dbfb8116080e7bd37644ab9a4a723d336c65ab0dfa443a,176,0x052baf52c566c3bb55fcef7dabac3073180bec6edc71e66d23c3604dd8d04698,0x24a0a4cae19bb6c082b89ff111cf936552d67185,0xfa7dc4ce452bbf13903de606339c4dda2df79688,0x7d7696a4ffe79d4deac802e89d3ce1069d7ff724,1800000000.0,Smart Care Chain,SCC,6,108,110809,5000000000,95809,5106514,deprecated,5712101
219,9473831,2020-02-13 09:21:43,0xd4ed87a110309197dc658f7e79bec8f40bdbf3d7509149baa8ec363682bae782,180,0x41a4704910090ee7b0f548a1c342ea7c5e784e0b992be82d75fd3bc1cc6d33a1,0x24a0a4cae19bb6c082b89ff111cf936552d67185,0xfa7dc4ce452bbf13903de606339c4dda2df79688,0x7d7696a4ffe79d4deac802e89d3ce1069d7ff724,7200000000.0,Smart Care Chain,SCC,6,45,155575,9000000000,140575,4263249,deprecated,5710842
220,9473890,2020-02-13 09:36:40,0x09c72b7ec2d7ef17898698e1ef8250e89c6e06b94128a43e2796b685edda2288,112,0xc5ad5c1ee6b97a796917898f217b87b8508446e6842c4fe537d946b3669ccdfb,0x7d7696a4ffe79d4deac802e89d3ce1069d7ff724,0xfa7dc4ce452bbf13903de606339c4dda2df79688,0xe1d8f2d97b39ed5f3d8abf79305e3fea55687bec,9000000000.0,Smart Care Chain,SCC,6,45,60000,27718750000,25836,1899970,deprecated,5710783
221,10565107,2020-07-31 04:13:25,0x6e23584856067c098d33323f57d2b1e48bf56be3eb75110aacbdbd5b825f5214,105,0xd1dd5bc89e335cb6e07f590844a1c3e0d0d48fed831754da44b1b2337d869fd5,0x098bb17289950e1889f2d2a30c6fc1bb0587c52e,0xe875c61d4721424a6988e5fa2dfb8d6ca6af5c64,0x7d7696a4ffe79d4deac802e89d3ce1069d7ff724,1.14e+20,Pi Futures,Pi,18,151,60000,59000001347,51977,7047374,deprecated,4619566
222,10767110,2020-08-31 06:39:11,0xa06afb72d9bbdb24b0280e14fb08eccebc435da03db61b06f353e6ce623d5c96,115,0x6b1a06f4c9b75196dd5d599bce1107450baf212c6db67615b6c1b47ebb5118da,0x04840eaa3497e4c3934698ff88050ceb9893f78f,0x9e78b8274e1d6a76a0dbbf90418894df27cbceb5,0x7d7696a4ffe79d4deac802e89d3ce1069d7ff724,7.51000136378168e+20,UniFi,UniFi,18,246,164871,211200000233,124316,9565363,deprecated,4417563
223,10767127,2020-08-31 06:44:12,0xe3c779744ab2c92b1aeaf2972d778ad47715ac407722b67491a60d1cfe67a237,116,0x4b46d3f3aac9e902e3b45d145c032eb6d48ec691c18dc5d22c1aa9d4bd25a553,0x04840eaa3497e4c3934698ff88050ceb9893f78f,0x9e78b8274e1d6a76a0dbbf90418894df27cbceb5,0x7d7696a4ffe79d4deac802e89d3ce1069d7ff724,7.257384779850623e+20,UniFi,UniFi,18,58,148109,211200000233,109316,2841567,deprecated,4417546
224,10778764,2020-09-02 01:11:13,0xde90c125e961fa00d6ae1437fff970a122dd3f356c8a729c25b0b8a2c6007e7a,117,0xa942720d891e5450bbdaf8ea138a9ae55edc49a1046f07edfe4e923433f961b4,0xc4da39e646e7f5d233b89ca0f7b75344e7ddb2cc,0x1e18821e69b9faa8e6e75dffe54e7e25754beda0,0x7d7696a4ffe79d4deac802e89d3ce1069d7ff724,1.0365398450435334e+21,KIMCHI.finance,KIMCHI,18,33,151440,511500000233,124313,1942545,deprecated,4405909
225,10780727,2020-09-02 08:24:50,0x35654af3b766fa83acf6f38f751fae55a3b5d742d3a8aa9a966d35033a00e21e,96170,0xe2843c61dd812e7fb95b55eca115ef6a6cc49b984fa844cf2012e42cdf6cf27b,0x8705ccfd8a6df3785217c307cbebf9b793310b94,0x0128e4fccf5ef86b030b28f0a8a029a3c5397a94,0x7d7696a4ffe79d4deac802e89d3ce1069d7ff724,2.0100603e+21,FlashSwap,FSP,18,175,200000,565200000000,52239,6605825,deprecated,4403946
226,10780799,2020-09-02 08:43:11,0x6ad6af2e14107d56f6da97d4187c7a26b9e6e13da04ade1c59b810126fd59794,122,0x875f95672b2e8d71832a4c006070bcfaccc61be83aca57034a01cefae04ad2bb,0x7d7696a4ffe79d4deac802e89d3ce1069d7ff724,0x0128e4fccf5ef86b030b28f0a8a029a3c5397a94,0x7304294b9a3f32993f55ce089f217a3348dfb7b7,2.01e+21,FlashSwap,FSP,18,286,60000,480000001459,52227,11654294,deprecated,4403874
227,10781493,2020-09-02 11:19:55,0x80b6b52dbdd6db8295a043cb16cc7af94dfa909a1c7979982543135eb41900b0,124,0xdb5556afde7b20591a464989763ae657b0b94a9a454609819f61eeca6da715f1,0x7d7696a4ffe79d4deac802e89d3ce1069d7ff724,0x9e78b8274e1d6a76a0dbbf90418894df27cbceb5,0x04840eaa3497e4c3934698ff88050ceb9893f78f,1.4717386143632303e+21,UniFi,UniFi,18,61,178194,412500000233,136713,10655855,deprecated,4403180
228,10782535,2020-09-02 15:02:50,0xd18d9229d8905b38c9911e594ecfee2766c36d66c56f1fe3ce2690341e05a82e,224,0x751e4824b049ad6f091be6691afdc81637f0638267b8e48ba573f1485a34e4cd,0x429dff817d99d24bbfbfc94aa8fdcc14d27f23be,0x1e18821e69b9faa8e6e75dffe54e7e25754beda0,0x7d7696a4ffe79d4deac802e89d3ce1069d7ff724,2.209e+20,KIMCHI.finance,KIMCHI,18,136,60000,700000001561,36167,11278125,deprecated,4402138
229,10782543,2020-09-02 15:04:48,0x1277fed0f09c57a598a17b755d4e46e5358cc61f3626e97196ae444dd28dbd29,128,0xd32ccfd64dbd30173396fedda39435903b805d34e834d6261b3073b9b2cf1453,0x7d7696a4ffe79d4deac802e89d3ce1069d7ff724,0x1e18821e69b9faa8e6e75dffe54e7e25754beda0,0xc4da39e646e7f5d233b89ca0f7b75344e7ddb2cc,1.252e+21,KIMCHI.finance,KIMCHI,18,70,154831,668800001561,115474,2232382,deprecated,4402130
230,10793957,2020-09-04 08:59:23,0x1d195add6ff0eed675211926197794adb660f6d3cb666bbeac0ef558ee061e1a,47,0x76f45a2d69a6039470c779d4f93aebc2081276f2fb35ae3dabf796ae23964aa9,0x9531479aa50908c9053144ef99c235aba6168069,0x9aeb50f542050172359a0e1a25a9933bc8c01259,0x7d7696a4ffe79d4deac802e89d3ce1069d7ff724,19000000000.0,oinfinance,OIN,8,48,85605,200000000000,57070,4913040,deprecated,4390716
231,10811811,2020-09-07 02:25:57,0xc5f1e0ca170efa37d2183050d23b03d70471aa733700ad0666a8e2862c774b4e,131,0x3afd2767117e4a82c62e40e123bdf9854db4f1f31a484f60271486746a4181ec,0x7d7696a4ffe79d4deac802e89d3ce1069d7ff724,0x9aeb50f542050172359a0e1a25a9933bc8c01259,0xadb825cff0663d14d3460b9160b62c0be4566b0b,19000000000.0,oinfinance,OIN,8,7,60000,96800001459,42070,316218,deprecated,4372862
232,10851845,2020-09-13 05:54:38,0x3136b3f5ec8a0307d793f5022635ff5389be5babaa8260300559a5a7df6f6046,132,0x6571cfdfad6913b9519ece34285a9bd1331a6d24232ce6e894354434f7519f53,0x4d5ebb22982ffeccb7b3e42a624555cb313285f0,0x7968bc6a03017ea2de509aaa816f163db0f35148,0x7d7696a4ffe79d4deac802e89d3ce1069d7ff724,177152659.0,Hedget,HGET,6,181,231016,108900000233,192312,12118163,deprecated,4332828
233,10854725,2020-09-13 16:25:44,0xf7979f44b42f6cbb1dd035640219a3ee2e470b65ac6651be69dd8ada02c6fb70,133,0x80d5b4a7a52418c20b719fde3940aa9f96cd4aeb85f119b09ab2e4b490594c29,0x7d7696a4ffe79d4deac802e89d3ce1069d7ff724,0x7968bc6a03017ea2de509aaa816f163db0f35148,0x429dff817d99d24bbfbfc94aa8fdcc14d27f23be,177152600.0,Hedget,HGET,6,187,60000,137000000377,36109,11267469,deprecated,4329948
234,10876711,2020-09-17 01:35:00,0xd46a6061226c052c8ad2395408df10b7e1e550063094177b6f1fb196b8bc0970,240,0xf71f217832fa7c1d656927779ddef1739ccf05f623803709339efd73d483de86,0x090d4613473dee047c3f2706764f49e0821d256e,0x1f9840a85d5af5bf1d1762f925bdaddc4201f984,0x7d7696a4ffe79d4deac802e89d3ce1069d7ff724,4e+20,Uniswap,UNI,18,62,90044,275000000233,81859,4121588,deprecated,4307962
235,10876949,2020-09-17 02:26:15,0x7b145cb75a6114b85528ca60f6094b375c43326af2d5dbd8f52a31b17964ec81,136,0x94b2b6a9f793364d33053d8a61dd3b30e6c2fff241406c3a64fca9f692661bde,0x7d7696a4ffe79d4deac802e89d3ce1069d7ff724,0x1f9840a85d5af5bf1d1762f925bdaddc4201f984,0x9a4a66469e0f89ab415dde904db8ef303b12e1a7,4e+20,Uniswap,UNI,18,104,60000,450000000377,40506,8328594,deprecated,4307724
236,10910490,2020-09-22 05:43:28,0x03f8c5fafdeb072665cb714acf91b5b39c31b8ce7e6652bb87e78d43309b5978,258,0xa07a9643f664d54681fa7bd71c4e19cbd2754ce77d89459369b6b78b1be9ab55,0x429dff817d99d24bbfbfc94aa8fdcc14d27f23be,0x6d6506e6f438ede269877a0a720026559110b7d5,0x7d7696a4ffe79d4deac802e89d3ce1069d7ff724,7.416321858e+21,BONKTOKEN,BONK,18,112,63212,78000001561,63212,5999460,deprecated,4274183
237,10910659,2020-09-22 06:18:49,0x3fdac83c4252cf01144f7cb50a08ad0368fde46aba34818d55b63cc3627586d2,157,0x0703732d2c8aea3076c38cfe69a2674f3c880f5ea667215a06dfb5ae197dd463,0x7d7696a4ffe79d4deac802e89d3ce1069d7ff724,0x6d6506e6f438ede269877a0a720026559110b7d5,0x4c7c61ad6dc3a3687d22f224af2ac1c60dcc103f,1.58301e+21,BONKTOKEN,BONK,18,107,186297,90000001561,143773,5630033,deprecated,4274014
238,10910659,2020-09-22 06:18:49,0x3fdac83c4252cf01144f7cb50a08ad0368fde46aba34818d55b63cc3627586d2,157,0x0703732d2c8aea3076c38cfe69a2674f3c880f5ea667215a06dfb5ae197dd463,0x7d7696a4ffe79d4deac802e89d3ce1069d7ff724,0x6d6506e6f438ede269877a0a720026559110b7d5,0x6d6506e6f438ede269877a0a720026559110b7d5,1.599e+19,BONKTOKEN,BONK,18,107,186297,90000001561,143773,5630033,deprecated,4274014
239,10911050,2020-09-22 07:41:49,0xd1155766a2e4844cd629430e6fb62d87aa2fd1fed653d4c22dcc60333c3ceef4,158,0xdc8a55c705e27462b8d69dd8453f627ee15c6e1c6524a4c83f6b0e90668261be,0x7d7696a4ffe79d4deac802e89d3ce1069d7ff724,0x6d6506e6f438ede269877a0a720026559110b7d5,0x4c7c61ad6dc3a3687d22f224af2ac1c60dcc103f,3.762e+21,BONKTOKEN,BONK,18,169,173079,120000001561,143773,10531186,deprecated,4273623
240,10911050,2020-09-22 07:41:49,0xd1155766a2e4844cd629430e6fb62d87aa2fd1fed653d4c22dcc60333c3ceef4,158,0xdc8a55c705e27462b8d69dd8453f627ee15c6e1c6524a4c83f6b0e90668261be,0x7d7696a4ffe79d4deac802e89d3ce1069d7ff724,0x6d6506e6f438ede269877a0a720026559110b7d5,0x6d6506e6f438ede269877a0a720026559110b7d5,3.8e+19,BONKTOKEN,BONK,18,169,173079,120000001561,143773,10531186,deprecated,4273623
241,10911687,2020-09-22 10:08:00,0x1f908911cee68f55c4e4f049a2e821d2089395a80b47f19810d803bbac5ec736,160,0x1832fbf6206067b155931da28414926ab279e7b31fa6c2955ee19934c156159f,0x5c92ca604accc10466cf38be365a2e7c4fb03697,0x825130aa1beef07bdf4f389705321816d05b0d0f,0x7d7696a4ffe79d4deac802e89d3ce1069d7ff724,4.701284300839685e+21,UNII,UNII,18,103,151434,201000001459,112292,5837401,deprecated,4272986
242,10911695,2020-09-22 10:10:06,0xed5db3efc3e3ff68582ade0c0c1e378859e70b84a97b305e064b37d6537d3a7c,161,0xcfbe1b668e7a63c8698508573059275d92e56c282a64f21958f1ab5f0154788a,0x5c92ca604accc10466cf38be365a2e7c4fb03697,0x825130aa1beef07bdf4f389705321816d05b0d0f,0x7d7696a4ffe79d4deac802e89d3ce1069d7ff724,3.804880482738196e+21,UNII,UNII,18,190,134673,180000001459,97292,11372617,deprecated,4272978
243,10911698,2020-09-22 10:10:48,0x48baca2df74df8b2bf991386887f0a2e0bd874209340411e07e16cb697909b4e,162,0x458b78123bbf5bc50c80a4e6ed417ec92eff7be203989a1cf96a09f2c4d5d949,0x5c92ca604accc10466cf38be365a2e7c4fb03697,0x825130aa1beef07bdf4f389705321816d05b0d0f,0x7d7696a4ffe79d4deac802e89d3ce1069d7ff724,3.0449280922183737e+21,UNII,UNII,18,70,134673,181000001459,97292,4829798,deprecated,4272975
244,10911720,2020-09-22 10:18:46,0x84c3808ec079741f0d74b99530d22a4311f38c21a4bfaa0d71162633efd32ff1,163,0xb43abf38e76b7dee646ec2a26c4fac4a2af494cb2f134b0a0181d543875d0999,0x5c92ca604accc10466cf38be365a2e7c4fb03697,0x825130aa1beef07bdf4f389705321816d05b0d0f,0x7d7696a4ffe79d4deac802e89d3ce1069d7ff724,3.0116831433189103e+21,UNII,UNII,18,134,134673,209000000377,97292,7009818,deprecated,4272953
245,10911720,2020-09-22 10:18:46,0x1d4c4529de68b9c62941da4aabe7bf4718d3bb2cb517c10aaa7c8368db72599f,164,0xb43abf38e76b7dee646ec2a26c4fac4a2af494cb2f134b0a0181d543875d0999,0x5c92ca604accc10466cf38be365a2e7c4fb03697,0x825130aa1beef07bdf4f389705321816d05b0d0f,0x7d7696a4ffe79d4deac802e89d3ce1069d7ff724,2.273982975875511e+21,UNII,UNII,18,135,134673,211000001459,97292,7107110,deprecated,4272953
246,10911724,2020-09-22 10:19:30,0xbf96d6ec45940754855ac5c684bfadb536ec3561eeb0a9fe77490c05bbf4aa77,165,0x1500c469e2965a60179b44e1ec42866fbc69b3837089a21c562bdce046c49d78,0x5c92ca604accc10466cf38be365a2e7c4fb03697,0x825130aa1beef07bdf4f389705321816d05b0d0f,0x7d7696a4ffe79d4deac802e89d3ce1069d7ff724,1.8694991884155064e+21,UNII,UNII,18,215,134673,197000001561,97292,12180192,deprecated,4272949
247,10911734,2020-09-22 10:22:02,0x8f09099107011bdab6d583f42d5ec788bbbb64eb8642aea1c39e357d3e8f8676,166,0xb089f341976c6e306c5a9f88eaaa8c65bdb9d33408bf76747a05582d4e112c5d,0x5c92ca604accc10466cf38be365a2e7c4fb03697,0x825130aa1beef07bdf4f389705321816d05b0d0f,0x7d7696a4ffe79d4deac802e89d3ce1069d7ff724,1.872111065234682e+21,UNII,UNII,18,68,134673,211000001459,97292,4382475,deprecated,4272939
248,10911809,2020-09-22 10:38:16,0x76e991f00a7172ddac843d6409a1d07b7acf8af4652aaf8b824f7f97213d720f,167,0xa37ea15c5864eb5d1da295d70326a6207510e2bf60fd3778c9799a4b304ba890,0x7d7696a4ffe79d4deac802e89d3ce1069d7ff724,0x825130aa1beef07bdf4f389705321816d05b0d0f,0x2ebdf0c4b996b66c93a9c95300a389b00bee7e31,2.05783692e+22,UNII,UNII,18,11,60000,300000000000,51140,734751,deprecated,4272864
249,10912176,2020-09-22 12:02:24,0xf021daf6cf4277549bbb25e2306b178353a074d32c6b4994bd07ce49f7e8e210,168,0x1d13a2bbdda7672845ea14f6abe234950a9b97ff9e86420f9ceb122b956b8a5b,0xd4d055fce4948dd9925000967a30933f6bd0fb03,0xeeeeeeeee2af8d0e1940679860398308e0ef24d6,0x7d7696a4ffe79d4deac802e89d3ce1069d7ff724,6.358089437557032e+21,Ethverse Token,ETHV,18,75,164865,152000001561,124310,4956764,deprecated,4272497
250,10912891,2020-09-22 14:38:42,0x3852457b0a2f63df5b9a0df8ac2590a89e59df99bb737a1e9057611ed3be655e,169,0x9912062bafc5f96ed7413de8b4407fe7968a46ee79cee647c998325214431e92,0x4c099acacc28cb046d351e891117e669484e270d,0x825130aa1beef07bdf4f389705321816d05b0d0f,0x7d7696a4ffe79d4deac802e89d3ce1069d7ff724,4e+20,UNII,UNII,18,182,62478,190000000000,62478,12186203,deprecated,4271782
251,10912921,2020-09-22 14:45:59,0x56e15fbdf7e795cffd4116f860341ac049902c13f77cc892d9d6568ddcf441d9,170,0x58bb419dd5ad89c3d37bc771f7993545c43bfdf3b30cf30aeb5ea277820387cc,0xdc98556ce24f007a5ef6dc1ce96322d65832a819,0x429881672b9ae42b8eba0e26cd9c73711b891ca5,0x7d7696a4ffe79d4deac802e89d3ce1069d7ff724,1.1443749812205554e+19,PickleToken,PICKLE,18,23,164854,206800001605,124301,2780901,deprecated,4271752
252,10913027,2020-09-22 15:07:19,0xdef9622ab3efbc0f3f301571e749ad657188b002f75b4a5be6b62caf4ad92a42,171,0x719ca9dac32077943f47cf776e7dadf94f4ad69688428a3b41810a9f960daf88,0x7d7696a4ffe79d4deac802e89d3ce1069d7ff724,0x825130aa1beef07bdf4f389705321816d05b0d0f,0x2ebdf0c4b996b66c93a9c95300a389b00bee7e31,4e+20,UNII,UNII,18,120,60000,179000001347,51128,8826858,deprecated,4271646
253,10913574,2020-09-22 17:18:21,0x22a88fc186e22a633e3eb2502786fc8613f80c56c6c3886cce643f80595278de,172,0xa3d711e20d329c7a627c29a3ed32967960af251ad90b744c6a05956726b44b2c,0xdc98556ce24f007a5ef6dc1ce96322d65832a819,0x429881672b9ae42b8eba0e26cd9c73711b891ca5,0x7d7696a4ffe79d4deac802e89d3ce1069d7ff724,4.0183227879911555e+19,PickleToken,PICKLE,18,117,148106,281000001561,109313,9842453,deprecated,4271099
254,10915359,2020-09-22 23:53:13,0x05c91227a568a72d1009f4a70dc060b7ac15b97dd31a61ebb4d3437f687eca0d,173,0xd244d79c3be0f32d7a17b3382daae43640f7fac44da6b9e354eecfb4e141ae99,0x7d7696a4ffe79d4deac802e89d3ce1069d7ff724,0x6d6506e6f438ede269877a0a720026559110b7d5,0x4c7c61ad6dc3a3687d22f224af2ac1c60dcc103f,4.95e+20,BONKTOKEN,BONK,18,14,186297,103000001561,143773,933911,deprecated,4269314
255,10915359,2020-09-22 23:53:13,0x05c91227a568a72d1009f4a70dc060b7ac15b97dd31a61ebb4d3437f687eca0d,173,0xd244d79c3be0f32d7a17b3382daae43640f7fac44da6b9e354eecfb4e141ae99,0x7d7696a4ffe79d4deac802e89d3ce1069d7ff724,0x6d6506e6f438ede269877a0a720026559110b7d5,0x6d6506e6f438ede269877a0a720026559110b7d5,5e+18,BONKTOKEN,BONK,18,14,186297,103000001561,143773,933911,deprecated,4269314
256,10915370,2020-09-22 23:56:19,0xe4d034f2c123e4c5ee050e06ed9fb86376c02352709b9aa6775d57461cd81525,174,0xc5420072442ab2b34d6155892da30aac21ffae2a8a8c41f8c2cd5d75e82f8e3f,0x339232ecfc7d8f5feb14933e8cfffb9e49250c30,0x194160cf5351eb4b54ea20735b5c1565f3c48a91,0x7d7696a4ffe79d4deac802e89d3ce1069d7ff724,12283.0,FEWunderstand,FEW,3,16,165735,109000001561,125088,1514743,deprecated,4269303
257,10915925,2020-09-23 01:54:10,0xd107a67f4e52e01924f257f1dbb303a223fc87f422d330c335b271331616d88d,176,0x13cf40df953aba3b68989981c07affeafc2ce625f12e3fff8c686e8ab9a5a822,0x7d7696a4ffe79d4deac802e89d3ce1069d7ff724,0x194160cf5351eb4b54ea20735b5c1565f3c48a91,0x339232ecfc7d8f5feb14933e8cfffb9e49250c30,12283.0,FEWunderstand,FEW,3,0,167457,150000000000,111952,111952,deprecated,4268748
258,10915934,2020-09-23 01:56:04,0xe7898b3e26b1563b1e1ede5aba2b1e3dd41f4cc5918e0e31082cfadc5ef0b157,177,0x71fb7fd1aabd4437ecbd5865eb78146fcbfe63aef201d72793cdc6e5009d8a82,0xc09fb8e468274a683a7570d0b795f8244fbeff9c,0xc8d2ab2a6fdebc25432e54941cb85b55b9f152db,0x7d7696a4ffe79d4deac802e89d3ce1069d7ff724,4.1490656437292184e+21,GRAP,GRAP,18,64,177292,87000001561,135430,4292250,deprecated,4268739
259,10916025,2020-09-23 02:13:11,0x7930e342099d5b7dbc868521e8f11e29e5fda06a3870a39415cba5cd553f9328,179,0x4837fd30abdca193aafc774e645b30ce52225451dd0adeb0dc6c587e4db7248a,0x7d7696a4ffe79d4deac802e89d3ce1069d7ff724,0x6d6506e6f438ede269877a0a720026559110b7d5,0x4c7c61ad6dc3a3687d22f224af2ac1c60dcc103f,1.50214863942e+21,BONKTOKEN,BONK,18,4,186310,150000000000,128785,609194,deprecated,4268648
260,10916025,2020-09-23 02:13:11,0x7930e342099d5b7dbc868521e8f11e29e5fda06a3870a39415cba5cd553f9328,179,0x4837fd30abdca193aafc774e645b30ce52225451dd0adeb0dc6c587e4db7248a,0x7d7696a4ffe79d4deac802e89d3ce1069d7ff724,0x6d6506e6f438ede269877a0a720026559110b7d5,0x6d6506e6f438ede269877a0a720026559110b7d5,1.517321858e+19,BONKTOKEN,BONK,18,4,186310,150000000000,128785,609194,deprecated,4268648
261,10916085,2020-09-23 02:26:08,0x3610bdfca051cd0bc397c25c76bed6f59b965d385153ce42e7fc51ae5053bf86,180,0x60572849c5de638eb75966adee77a7ae748f642045021cab25ddc8f639af4acd,0xc09fb8e468274a683a7570d0b795f8244fbeff9c,0xc8d2ab2a6fdebc25432e54941cb85b55b9f152db,0x7d7696a4ffe79d4deac802e89d3ce1069d7ff724,4.867574115272842e+21,GRAP,GRAP,18,5,160530,200000000000,120430,356446,deprecated,4268588
262,10916470,2020-09-23 03:50:09,0xfb2c2bdaf538bff9ffafa8c9b5cf10c2aa89df97fb8eadd2f5df6982eb12a06d,182,0xd1b9e329123b2a2cced49d24471637f96f72e3ba5d2cf17334a31df19efdbebc,0x7d7696a4ffe79d4deac802e89d3ce1069d7ff724,0xeeeeeeeee2af8d0e1940679860398308e0ef24d6,0xd4d055fce4948dd9925000967a30933f6bd0fb03,6.358089437557032e+21,Ethverse Token,ETHV,18,126,168232,77000001561,112657,11224791,deprecated,4268203
263,10916578,2020-09-23 04:12:43,0xb5a59fd37ed65e5eed4ae66f643264726b3eff80fc45c71d33b7e540cbd7ec2b,183,0xf931e0c51c9459f0966a78e77b9ccdcb9cd8c9cf18cf86c530883e4b7c60d872,0x7d7696a4ffe79d4deac802e89d3ce1069d7ff724,0xc8d2ab2a6fdebc25432e54941cb85b55b9f152db,0xc09fb8e468274a683a7570d0b795f8244fbeff9c,4e+21,GRAP,GRAP,18,1,165385,300000000000,136878,174221,deprecated,4268095
264,10917836,2020-09-23 08:37:06,0x3d647a40ceb7aada871d1d99e8403e35ce5ffbbaa1ed333949c7d641e58ef31a,185,0x7643ad4d6a41bf6b016ea6020e5e791cf4863b7d5dd6da04d37b9e5742b0f35e,0x7d7696a4ffe79d4deac802e89d3ce1069d7ff724,0xc8d2ab2a6fdebc25432e54941cb85b55b9f152db,0xc09fb8e468274a683a7570d0b795f8244fbeff9c,5.016639759002061e+21,GRAP,GRAP,18,51,178415,150000000000,136914,2789077,deprecated,4266837
265,10918323,2020-09-23 10:29:55,0x98c39645c659db53e9450b9bd5155550827cfea61c5f529962f7c3f78410d210,186,0x864a16a38912c98746521b18b381a7d4b3a6df2dbce6bc924c2fe9ca2d1627ea,0x55a06945e79f2d6a14b5c4f18e8e73091e2e57d6,0xab7aaf9e485a3bc885985184abe9fc6aba727bd6,0x7d7696a4ffe79d4deac802e89d3ce1069d7ff724,1.2261044933838452e+20,MANY,MANY,18,258,151694,130000001561,112524,7910852,deprecated,4266350
266,10918939,2020-09-23 12:40:03,0xf65b89b73e2a4a87e4da3b5c6bdb4f8432d46800fd2365f2da291dbf76cde968,188,0xd0f957896bbdc324c5dd246ed376b0983e1a089a2a5d174120d44bcef694b299,0xdc98556ce24f007a5ef6dc1ce96322d65832a819,0x429881672b9ae42b8eba0e26cd9c73711b891ca5,0x7d7696a4ffe79d4deac802e89d3ce1069d7ff724,5.248619598883421e+19,PickleToken,PICKLE,18,82,134678,117000001561,109313,4395080,deprecated,4265734
267,10921533,2020-09-23 22:36:10,0x69170f31204cf6f47bd4a0f73a17c9f46db31b2eda771e1decae1910391da0fb,189,0xcbdd952b7dbba95f17642db05b56f52c3ad071d0c498c82a424ffe7d46ce1897,0xdc98556ce24f007a5ef6dc1ce96322d65832a819,0x429881672b9ae42b8eba0e26cd9c73711b891ca5,0x7d7696a4ffe79d4deac802e89d3ce1069d7ff724,2.860986321780266e+19,PickleToken,PICKLE,18,77,148093,79000001561,109301,8317071,deprecated,4263140
268,10922303,2020-09-24 01:25:33,0xebfd572af61bfc3fc8278f9110f4fb29588a287e05a98efa931090a80f06268e,190,0x7c781c29925d68f730c50d472aa2bdafc19bbaa9977e4270bb7a68c35f61f2e6,0x86fef14c27c78deaeb4349fd959caa11fc5b5d75,0xfca59cd816ab1ead66534d82bc21e7515ce441cf,0x7d7696a4ffe79d4deac802e89d3ce1069d7ff724,2.0635443125212257e+20,Rarible,RARI,18,84,165844,98000001561,125186,7422134,deprecated,4262370
269,10922307,2020-09-24 01:27:22,0xcc36574981ce2f8b6c8a76936ba23a29d0c3288fb0fbcdf3c43acdc34096e5bb,191,0xd13d6afa880154705541873bec8c035c89ef0b4399b4cbef5dfdded1f35fcc47,0x4c7c61ad6dc3a3687d22f224af2ac1c60dcc103f,0x6d6506e6f438ede269877a0a720026559110b7d5,0x7d7696a4ffe79d4deac802e89d3ce1069d7ff724,1.216103459352508e+21,BONKTOKEN,BONK,18,79,179445,89000001459,137358,3319273,deprecated,4262366
270,10924129,2020-09-24 08:12:26,0x2485f20ac9f0ec6b22606f0f8e913075ea238214607f5510e375cd438dfc3ab2,194,0x05c229b9601ef0d86f55a4098b1c0ab400d107808ebd3b89d6742d6a6f77565d,0x55a06945e79f2d6a14b5c4f18e8e73091e2e57d6,0xab7aaf9e485a3bc885985184abe9fc6aba727bd6,0x7d7696a4ffe79d4deac802e89d3ce1069d7ff724,2.8610685664890782e+20,MANY,MANY,18,154,148360,99000001605,109540,10489255,deprecated,4260544
271,10924197,2020-09-24 08:26:21,0x1d89e86d034ad78f29285cc62b2002a55d4c8b2be1bf51220ef1a4e8294607fe,195,0xf42c93f319f6da12e40468ef67cacd6a322149a022fd91a8132d98582e83421e,0x55a06945e79f2d6a14b5c4f18e8e73091e2e57d6,0xab7aaf9e485a3bc885985184abe9fc6aba727bd6,0x7d7696a4ffe79d4deac802e89d3ce1069d7ff724,8.102933709228428e+20,MANY,MANY,18,45,148360,200000000000,109540,2320596,deprecated,4260476
272,10924493,2020-09-24 09:25:12,0xec4fe7d3ec579dd7c016f9bab207f742cbbcc2d90014d54b822ee388664b9f92,196,0xc4adcc5f3aee0db5f2b9e400e4cc61a53bb1238f096b57fee1d8df40071f4e3b,0x7d7696a4ffe79d4deac802e89d3ce1069d7ff724,0xab7aaf9e485a3bc885985184abe9fc6aba727bd6,0x55a06945e79f2d6a14b5c4f18e8e73091e2e57d6,1.2190106769101352e+21,MANY,MANY,18,4,155162,300000000000,112791,235132,deprecated,4260180
273,10925101,2020-09-24 11:44:53,0xbec2ce7389b5cfe4986b725d23577cabd88bcb7a1095333f0d5752a3e9a3c38f,197,0x4ecfa504a05acaff0ad86c57bb8ce89a378efc0d4b9ebdb8a7f1dc901e66bcb1,0xa8d0f6769ab020877f262d8cd747c188d9097d7e,0xb9464ef80880c5aea54c7324c0b8dd6ca6d05a90,0x7d7696a4ffe79d4deac802e89d3ce1069d7ff724,3.92e+21,LOCK Token,LOCK,18,63,185584,110000001561,143429,3336207,deprecated,4259572
274,10925107,2020-09-24 11:47:08,0xa247a2d938b455c50b7974b2ad4f180531727c8b22d0bb940986db7abe15f0ea,198,0x0e96997c685a78d94c63c5d1f04de43c58ae2a5e7ab0af0c666519616b2614bf,0x7d7696a4ffe79d4deac802e89d3ce1069d7ff724,0x6d6506e6f438ede269877a0a720026559110b7d5,0x4c7c61ad6dc3a3687d22f224af2ac1c60dcc103f,1.203942424758983e+21,BONKTOKEN,BONK,18,193,186323,105000001561,128797,9087061,deprecated,4259566
275,10925107,2020-09-24 11:47:08,0xa247a2d938b455c50b7974b2ad4f180531727c8b22d0bb940986db7abe15f0ea,198,0x0e96997c685a78d94c63c5d1f04de43c58ae2a5e7ab0af0c666519616b2614bf,0x7d7696a4ffe79d4deac802e89d3ce1069d7ff724,0x6d6506e6f438ede269877a0a720026559110b7d5,0x6d6506e6f438ede269877a0a720026559110b7d5,1.2161034593525082e+19,BONKTOKEN,BONK,18,193,186323,105000001561,128797,9087061,deprecated,4259566
276,10925192,2020-09-24 12:03:38,0x8e639bc7e2c4be8d0950bdf319787f9fe86dc8cc5c072558576066cddd5cbf04,200,0xeaff7c7af406f4d391999002e0ce9c25db2b56c1d4c55d4e55d5c8a15005549d,0x7d7696a4ffe79d4deac802e89d3ce1069d7ff724,0xb9464ef80880c5aea54c7324c0b8dd6ca6d05a90,0x0000000000000000000000000000000000000000,7.84e+19,LOCK Token,LOCK,18,2,183385,300000000000,126126,188335,deprecated,4259481
277,10925192,2020-09-24 12:03:38,0x8e639bc7e2c4be8d0950bdf319787f9fe86dc8cc5c072558576066cddd5cbf04,200,0xeaff7c7af406f4d391999002e0ce9c25db2b56c1d4c55d4e55d5c8a15005549d,0x7d7696a4ffe79d4deac802e89d3ce1069d7ff724,0xb9464ef80880c5aea54c7324c0b8dd6ca6d05a90,0xa8d0f6769ab020877f262d8cd747c188d9097d7e,3.8416e+21,LOCK Token,LOCK,18,2,183385,300000000000,126126,188335,deprecated,4259481
278,10925213,2020-09-24 12:07:20,0x0a0dd60d865c4e3d3f81cfe5d471ece446bb39e836004194257ee3ef4b7f257e,201,0x0991cfdd337f67bd8f4d55d75edebd54740e36083a5c5f48b2d90063100e8250,0xca9d4cbbd22ca8d598f2cd4556e53a4484772daf,0x95172ccbe8344fecd73d0a30f54123652981bd6f,0x7d7696a4ffe79d4deac802e89d3ce1069d7ff724,1.6802636622082062e+22,Meridian Network,LOCK,18,12,158248,200000000000,118389,1039165,deprecated,4259460
279,10925856,2020-09-24 14:24:23,0xd23b9dd81bdddcd951aee07e902957cd528f0333c89ef401146f05bb9025054e,203,0xac03dbec1b6be226ba7b33db8da0a12396a33c2f2270c52cc226801f4e446e8f,0x7d7696a4ffe79d4deac802e89d3ce1069d7ff724,0xfca59cd816ab1ead66534d82bc21e7515ce441cf,0x86fef14c27c78deaeb4349fd959caa11fc5b5d75,2.0635443125212257e+20,Rarible,RARI,18,54,169275,112000001561,113605,4721037,deprecated,4258817
280,10928801,2020-09-25 01:16:16,0xadc7051f49f5602559f1c9d309d4691d10c38a4b8908aa394d58516146d08873,204,0x83a3121a4a68abe03fbe060ea1eccd57ff822f572bb31895592be4518c829da6,0x7d7696a4ffe79d4deac802e89d3ce1069d7ff724,0x95172ccbe8344fecd73d0a30f54123652981bd6f,0xca9d4cbbd22ca8d598f2cd4556e53a4484772daf,1.6802636622082062e+22,Meridian Network,LOCK,18,99,173537,100000000000,117479,4602912,deprecated,4255872
281,10928902,2020-09-25 01:40:51,0xedad51ba38706f107c59bc36b2984ddad86a6ccd120224ec022e1ec1c27f0e5e,206,0x388e49c5393422520c0a6b62c354660324a70e4caa98c20821a0d7ed6038a20d,0x816579230a4c61670eba15486c8357bf87ec307e,0xecbf566944250dde88322581024e611419715f7a,0x7d7696a4ffe79d4deac802e89d3ce1069d7ff724,896456508210.0,xBTC,xBTC,9,4,160677,200000000000,120561,481703,deprecated,4255771
282,10929275,2020-09-25 03:04:15,0x107d746bd850d1817cb59799651844f90e03e02df9d030fda2c97b6067c1f389,208,0x5b9e633a603f595e7c4638faf225abdaedd816f7e581bf806cf618bcbf79a4f0,0x7d7696a4ffe79d4deac802e89d3ce1069d7ff724,0xecbf566944250dde88322581024e611419715f7a,0x816579230a4c61670eba15486c8357bf87ec307e,896456508210.0,xBTC,xBTC,9,105,175342,104000001561,119120,5913976,deprecated,4255398
283,10929520,2020-09-25 03:57:44,0x11f454a041ffa6b94d4c3f5452dfab4d1c1f8591510a67372dc6090f32e5401c,209,0xae99e3490b36c813fb4c0fe60b8a58d2f07b2421b99881f9e2fd357f723c822f,0xfbaf7519240032d8fa037b061494f76bee4530c6,0xecbf566944250dde88322581024e611419715f7a,0x7d7696a4ffe79d4deac802e89d3ce1069d7ff724,1046650072132.0,xBTC,xBTC,9,81,226891,105000000000,188620,5142160,deprecated,4255153
284,10929753,2020-09-25 04:46:22,0x5f3f69f93dfc9b486fc718ee5992c22fc9c2d102fb6476ddc972a3caed786096,210,0x17c1241c87ad44527d6a626782b53851d1fa5819afcd1a8a600b1cfea2339956,0xc09fb8e468274a683a7570d0b795f8244fbeff9c,0xc8d2ab2a6fdebc25432e54941cb85b55b9f152db,0x7d7696a4ffe79d4deac802e89d3ce1069d7ff724,7.410703486671137e+21,GRAP,GRAP,18,106,160543,68000000000,108426,5809070,deprecated,4254920
285,10930418,2020-09-25 07:10:04,0x6b8e851114c79a21f16353c060ec4c1b710d18582fc7503a35ac8609436ff051,211,0xee2c56d67cf030224b3f22e4e7f9e8fd5647a51e4eebab0ff687ab61b7e6a07d,0x7d7696a4ffe79d4deac802e89d3ce1069d7ff724,0xecbf566944250dde88322581024e611419715f7a,0xfbaf7519240032d8fa037b061494f76bee4530c6,1046650072132.0,xBTC,xBTC,9,196,254831,92000001561,175237,9950685,deprecated,4254255
286,10937510,2020-09-26 09:45:54,0xdce1241cc96ce893c6da707f85fc7fe0f658902b4acfed4224dd2ad39651e004,2946383,0x5c17424b38637213f096704935c18f3b172ed85dad46933a466fbf76dd92ef34,0xd551234ae421e3bcba99a0da6d736074f22192ff,0xdac17f958d2ee523a2206206994597c13d831ec7,0x7d7696a4ffe79d4deac802e89d3ce1069d7ff724,289372548.0,Tether USD,USDT,6,17,207128,82000000000,56209,1208367,deprecated,4247163
287,10937612,2020-09-26 10:08:07,0xe5bb1a43ec88b27a824d9bc5e13b812e5e574dfb4ab2edb77782827ab13c4d59,14,0x3c4f891b090bec43601bf57de89de5a235496ad78d36036a5d810d72726f1bd0,0x7d7696a4ffe79d4deac802e89d3ce1069d7ff724,0xdac17f958d2ee523a2206206994597c13d831ec7,0x41f8d14c9475444f30a80431c68cf24dc9a8369a,289372500.0,Tether USD,USDT,6,85,450000,56000000000,272743,7383879,deprecated,4247061
288,10937650,2020-09-26 10:17:10,0xa571f2bbf6417ae645b344ffea6fc20bd060224e36dec6294036f17dfa1de268,214,0x9d4ad358c123f1a19eb83eb0c4a05ec81c06cbb33a29590a26042de6232b7fb0,0xfaab5238f5d2163e25518b0c1af205da0f783dd0,0x9d47894f8becb68b9cf3428d256311affe8b068b,0x7d7696a4ffe79d4deac802e89d3ce1069d7ff724,5.386092744261756e+18,$ROPE,$ROPE,18,156,165963,64000000000,125293,9536136,deprecated,4247023
289,10941303,2020-09-26 23:58:35,0x1e40eb8d68914f2e38ad7eb58083747ee2f021ed1f59d56bb5c4d2c7b5fb5100,216,0x3961fd705c1faa2ee56b2b486e6761b2b78f35b9e273b88a48bd597b02bd1a4e,0x7d7696a4ffe79d4deac802e89d3ce1069d7ff724,0x9d47894f8becb68b9cf3428d256311affe8b068b,0xfaab5238f5d2163e25518b0c1af205da0f783dd0,5.386092744261756e+18,$ROPE,$ROPE,18,129,168017,53000000000,112461,7133217,deprecated,4243370
290,10941317,2020-09-27 00:03:16,0x7b0fe40bbb910edf2ebe038869d5010805b11223041a4c8272eef5350f9e082d,217,0x676d1056292b2bf68c39a4bc5b1905c77b8efa0c258ae5ddf20e845b46d439c0,0x2251fb76f8c465433f89bb22c18851eadd35775c,0x5c1787292838b2ec75952d42d3f25885b1bf8d9c,0x7d7696a4ffe79d4deac802e89d3ce1069d7ff724,1.0228893972215861e+19,Momo Token,MOMO,18,173,166148,58000000000,125459,7823761,deprecated,4243356
291,10941336,2020-09-27 00:06:22,0x7567655cb99d4c38c1f136a8595ef483049dc70c4eaab0d36cdcab5cdc268c6d,218,0xe18856a775d5e3475d8a87b2246e4a371a14d23c4e287305dde72362424d0350,0x2251fb76f8c465433f89bb22c18851eadd35775c,0x5c1787292838b2ec75952d42d3f25885b1bf8d9c,0x7d7696a4ffe79d4deac802e89d3ce1069d7ff724,1.5033395960150342e+19,Momo Token,MOMO,18,89,149386,53000000000,110459,9126201,deprecated,4243337
292,10941636,2020-09-27 01:14:42,0x61563cf5f6417ebc4ece40b643a6f7eb0dd7861aec9930546d7999f20f909c90,220,0x501297dce47d85c627453ade4696c4a3d3ed0076950d18364a4b4403e43adc13,0x7d7696a4ffe79d4deac802e89d3ce1069d7ff724,0x5c1787292838b2ec75952d42d3f25885b1bf8d9c,0x2251fb76f8c465433f89bb22c18851eadd35775c,1e+19,Momo Token,MOMO,18,9,156123,71000000000,128664,815018,deprecated,4243037
293,10941665,2020-09-27 01:21:08,0xeba896f1d314a0377019077245dedcc299cd8763489bf86a554dbf60475750cf,221,0x09ccd8c37256259e4a5bd8d6c4bf81382c7dad8a8ccc022974bb0440a15e57e4,0x7d7696a4ffe79d4deac802e89d3ce1069d7ff724,0xc8d2ab2a6fdebc25432e54941cb85b55b9f152db,0xc09fb8e468274a683a7570d0b795f8244fbeff9c,4e+21,GRAP,GRAP,18,109,178376,63000000000,136878,6783011,deprecated,4243008
294,10941671,2020-09-27 01:22:30,0x48baec2f4c9346e41ae14ff1cf5b159d73ddb5ba860baf8c2ece6b7cd27bd1e3,222,0x3c375872aae8a5b9322ae36078e93c73991d1cb7c029a67dcb8b4a1b9bf81df5,0x7d7696a4ffe79d4deac802e89d3ce1069d7ff724,0xc8d2ab2a6fdebc25432e54941cb85b55b9f152db,0xc09fb8e468274a683a7570d0b795f8244fbeff9c,3.4107034866711365e+21,GRAP,GRAP,18,5,178402,70000000000,124886,482711,deprecated,4243002
295,10941772,2020-09-27 01:49:16,0x6fef4383660e3b799f24c91822eee7728dca4db4d54fe34dae9c9ce809298be5,223,0x2ab981a78145b64bed9a6020c7473e78dbe51c855b5f520a5b79a9ef9908348b,0x32ce7e48debdccbfe0cd037cc89526e4382cb81b,0x62359ed7505efc61ff1d56fef82158ccaffa23d7,0x7d7696a4ffe79d4deac802e89d3ce1069d7ff724,1.0216785035140357e+18,cVault.finance,CORE,18,72,168430,80000000000,127501,7741096,deprecated,4242901
296,10941826,2020-09-27 02:05:00,0x97d6327d013e94eeadb6ddc6e948077ca9990f1bbb90b475fd75e236ef1951cd,224,0xdb5ead7c8d07e28466cb8c4307b4d6b6430178588e55a491cac56932c9e0bf24,0x7d7696a4ffe79d4deac802e89d3ce1069d7ff724,0x5c1787292838b2ec75952d42d3f25885b1bf8d9c,0x2251fb76f8c465433f89bb22c18851eadd35775c,1e+19,Momo Token,MOMO,18,30,169340,73500000000,128664,1558204,deprecated,4242847
297,10941833,2020-09-27 02:06:13,0xfa29dc341ffe98cfea3e34553e0d6422ea41ed877d6e34cce368e564c6e1cb0f,225,0x86e053348780bbd11b8432491038174fec6a0ff1178c148510f73358f7781304,0x7d7696a4ffe79d4deac802e89d3ce1069d7ff724,0x5c1787292838b2ec75952d42d3f25885b1bf8d9c,0x2251fb76f8c465433f89bb22c18851eadd35775c,5.262289932366204e+18,Momo Token,MOMO,18,111,169367,66000000000,113688,6327348,deprecated,4242840
298,10941860,2020-09-27 02:11:10,0xbf0a1dfcf93d471184d30c3fa2a5f99eebfa4286288bf272eea6f8a95b263727,226,0x90db81350c9a1d2468c0439071ac2b0b5f845ff2194fd9ff5c2e160d163e93a5,0x32ce7e48debdccbfe0cd037cc89526e4382cb81b,0x62359ed7505efc61ff1d56fef82158ccaffa23d7,0x7d7696a4ffe79d4deac802e89d3ce1069d7ff724,3.0766073192505197e+17,cVault.finance,CORE,18,43,151669,63200000000,124517,4204855,deprecated,4242813
299,10942439,2020-09-27 04:18:31,0x6077552884a0594d9412fd1f5ae3bfd808e39217df4c92dfc442a86ac1e8f545,228,0x6561e7cafb0d029c9f0eba0fa8e51c131258e3fd32bba22c8db4656c11db1a9a,0x7d7696a4ffe79d4deac802e89d3ce1069d7ff724,0x62359ed7505efc61ff1d56fef82158ccaffa23d7,0x32ce7e48debdccbfe0cd037cc89526e4382cb81b,7.92e+17,cVault.finance,CORE,18,83,223754,83900000000,177825,6057172,deprecated,4242234
300,10942439,2020-09-27 04:18:31,0x6077552884a0594d9412fd1f5ae3bfd808e39217df4c92dfc442a86ac1e8f545,228,0x6561e7cafb0d029c9f0eba0fa8e51c131258e3fd32bba22c8db4656c11db1a9a,0x7d7696a4ffe79d4deac802e89d3ce1069d7ff724,0x62359ed7505efc61ff1d56fef82158ccaffa23d7,0xc5cacb708425961594b63ec171f4df27a9c0d8c9,8000000000000000.0,cVault.finance,CORE,18,83,223754,83900000000,177825,6057172,deprecated,4242234
301,10942456,2020-09-27 04:22:28,0x5f24129242f49ac1d67473a3fd6e2d8b0164bbba2f0135b4fe376d9facc559ae,229,0x03e507dfdb3a94f4bb9609348ff7389af4943ed74584d3242380ebd24d5f1918,0x7dd8f4abf60b58ce989db66ab1af1d11e893429d,0xb2c822a1b923e06dbd193d2cfc7ad15388ea09dd,0x7d7696a4ffe79d4deac802e89d3ce1069d7ff724,1.8948645461490726e+22,Vampire Protocol,VAMP,18,93,167015,80000000000,126235,4914200,deprecated,4242217
302,10942565,2020-09-27 04:46:11,0x2acdf9ac7f7ce06c1ee405d485d97c8b94f8542d9dc1039ac602182064754d27,232,0x8049494bfcab0a1ab4e299ea53efb4a5cad61beb052a2742f14436b2397a6009,0x7d7696a4ffe79d4deac802e89d3ce1069d7ff724,0x62359ed7505efc61ff1d56fef82158ccaffa23d7,0x32ce7e48debdccbfe0cd037cc89526e4382cb81b,4.2504561e+17,cVault.finance,CORE,18,18,240267,150000000000,177837,1831746,deprecated,4242108
303,10942565,2020-09-27 04:46:11,0x2acdf9ac7f7ce06c1ee405d485d97c8b94f8542d9dc1039ac602182064754d27,232,0x8049494bfcab0a1ab4e299ea53efb4a5cad61beb052a2742f14436b2397a6009,0x7d7696a4ffe79d4deac802e89d3ce1069d7ff724,0x62359ed7505efc61ff1d56fef82158ccaffa23d7,0xc5cacb708425961594b63ec171f4df27a9c0d8c9,4293390000000000.0,cVault.finance,CORE,18,18,240267,150000000000,177837,1831746,deprecated,4242108
304,10942667,2020-09-27 05:07:32,0x02de9b4cfe978c83da69a7f5b2a9c00985c410a76800c632b9219eaea5458c6c,233,0x2d9b160a3339457a715e40120afcdfdd0b9da5cdbb427a7c94a9f5a8372bd2fe,0x7d7696a4ffe79d4deac802e89d3ce1069d7ff724,0x62359ed7505efc61ff1d56fef82158ccaffa23d7,0x32ce7e48debdccbfe0cd037cc89526e4382cb81b,9.900023308469688e+16,cVault.finance,CORE,18,78,223780,120000000000,162849,5928191,deprecated,4242006
305,10942667,2020-09-27 05:07:32,0x02de9b4cfe978c83da69a7f5b2a9c00985c410a76800c632b9219eaea5458c6c,233,0x2d9b160a3339457a715e40120afcdfdd0b9da5cdbb427a7c94a9f5a8372bd2fe,0x7d7696a4ffe79d4deac802e89d3ce1069d7ff724,0x62359ed7505efc61ff1d56fef82158ccaffa23d7,0xc5cacb708425961594b63ec171f4df27a9c0d8c9,1000002354390877.0,cVault.finance,CORE,18,78,223780,120000000000,162849,5928191,deprecated,4242006
306,10942924,2020-09-27 06:06:22,0xd43e0163163aed5eb40fff3583de3972fcf7ed331280ca5411862cd2900b7def,235,0xd3b3d524c8341c4807fc35bbe7126923f23399237909e16c5f473e425f73c0b8,0x7d7696a4ffe79d4deac802e89d3ce1069d7ff724,0x429881672b9ae42b8eba0e26cd9c73711b891ca5,0xdc98556ce24f007a5ef6dc1ce96322d65832a819,1.3272303689875399e+20,PickleToken,PICKLE,18,142,154858,117000000000,112514,9502905,deprecated,4241749
307,10942943,2020-09-27 06:10:07,0x8f716177bf0dc09daf87013440142d156222b337b3b0821ad348bd991c401792,236,0x075ab78523a94f3f9cbc266b97aa0b5ca38eb43498433ee3a8957290401f7bf0,0x7d7696a4ffe79d4deac802e89d3ce1069d7ff724,0xb2c822a1b923e06dbd193d2cfc7ad15388ea09dd,0x7dd8f4abf60b58ce989db66ab1af1d11e893429d,1.8948645461490726e+22,Vampire Protocol,VAMP,18,145,168083,67000000000,112521,12282850,deprecated,4241730
308,10943910,2020-09-27 09:49:30,0x0604f7780c8d8843c9f607f06a590a2d43097ccc557d27865eb979c9671cb044,238,0x28fa67fed7d91518e3583d6faae5ef5bd616d7ee9a3dda331e3052583fdb44e8,0x7df4a1d4a8d8390bef36f311252423cce04e5647,0xcbd55d4ffc43467142761a764763652b48b969ff,0x7d7696a4ffe79d4deac802e89d3ce1069d7ff724,2.0476926202647216e+21,AstroTools.io,ASTRO,18,51,165078,62000000000,112484,3591547,deprecated,4240763
309,10944937,2020-09-27 13:39:02,0x1d05acd7bd3a6421dbcf162af8c456a26e2cd0cadfdbabd2bad46b44b1bffa2d,239,0xa32e323c206bb792e76e71fc4d347275562a3f7da17e6bce328db7f4fd7d75a4,0x87539e07129891fc4e20bb76db5a7063c3bd8400,0x4187e8caaf4d5aa19cda5add4b21015f8842d217,0x7d7696a4ffe79d4deac802e89d3ce1069d7ff724,1.4243650064895245e+20,BTCK,BTCK,18,28,171702,100000000000,130429,1095402,deprecated,4239736
310,10944940,2020-09-27 13:39:51,0x04fb898f3f6543a67706fb6e99c409ab069715e605441bbdf2ee7c8c382de717,240,0xdbd186c1d280b9f216bfb858fd5096d6d29eac146d8d2ca2a8878d228a9a3ccb,0x87539e07129891fc4e20bb76db5a7063c3bd8400,0x4187e8caaf4d5aa19cda5add4b21015f8842d217,0x7d7696a4ffe79d4deac802e89d3ce1069d7ff724,1.3138432474657912e+20,BTCK,BTCK,18,33,154940,100000000000,115429,1329264,deprecated,4239733
311,10944944,2020-09-27 13:40:48,0xed6e669fbdac3edcde3c0947a27fa363618e86d86cdb680909265c728f787c35,241,0xc2ed840c91d082780968423873b61ba1ab5ddc0bdf4f14fb9c26116778a9ff2e,0x87539e07129891fc4e20bb76db5a7063c3bd8400,0x4187e8caaf4d5aa19cda5add4b21015f8842d217,0x7d7696a4ffe79d4deac802e89d3ce1069d7ff724,1.0851409253310457e+20,BTCK,BTCK,18,50,154940,100000000000,115429,2485190,deprecated,4239729
312,10944951,2020-09-27 13:43:57,0xb7a28f8e8f1009db2a22de2921bfc0fef8c9006ef2e6a6ae41b4616f4a7e0506,243,0xda7a04997926404f72997a7e02b058fb218971335bc40d6843fcd4d61c47c0a6,0x87539e07129891fc4e20bb76db5a7063c3bd8400,0x4187e8caaf4d5aa19cda5add4b21015f8842d217,0x7d7696a4ffe79d4deac802e89d3ce1069d7ff724,8.411068030636815e+19,BTCK,BTCK,18,18,154940,100000000000,115429,1117277,deprecated,4239722
313,10945492,2020-09-27 15:39:55,0xa99638fcc98cb9277f44d6311b94f12427d5467066fc0a984c1d21cc41faa722,245,0xed0bb038554ef1287d1015df85173b711a6f20b54912ce54e59d59f69af95b69,0x7d7696a4ffe79d4deac802e89d3ce1069d7ff724,0x4187e8caaf4d5aa19cda5add4b21015f8842d217,0x87539e07129891fc4e20bb76db5a7063c3bd8400,6.5e+19,BTCK,BTCK,18,85,173285,102000000000,132250,6127754,deprecated,4239181
314,10945505,2020-09-27 15:44:02,0x105162c1748598436800c229fa8ce33207e6689f2786690f0227a8cad4a9a19c,246,0xd247cf9b17cda07e73be56a3a792eb8d252c352365b8ccb945f449fb931567b7,0x7d7696a4ffe79d4deac802e89d3ce1069d7ff724,0x4187e8caaf4d5aa19cda5add4b21015f8842d217,0x87539e07129891fc4e20bb76db5a7063c3bd8400,6.5e+19,BTCK,BTCK,18,57,173285,86000001561,132250,4506006,deprecated,4239168
315,10945523,2020-09-27 15:48:49,0xab303b148dc39004f49d0d90c2c124307774ab205052c4c76b5d5562b3b5dac6,247,0xbaabd3b901406cc9b9d143d88e7a112f5a08673215194b9b168cd3a125c04058,0x7d7696a4ffe79d4deac802e89d3ce1069d7ff724,0x4187e8caaf4d5aa19cda5add4b21015f8842d217,0x87539e07129891fc4e20bb76db5a7063c3bd8400,6.5e+19,BTCK,BTCK,18,120,173285,88000000233,120234,11880425,deprecated,4239150
316,10945525,2020-09-27 15:49:24,0xe06d405de257dbb4583b83236dfa82039e548a349c57fe535bee4a4e406c289a,248,0x8e03e42840218405eaa06615dc4830a46f0e1a5405e46cb03bb37d39da60595e,0x7d7696a4ffe79d4deac802e89d3ce1069d7ff724,0x4187e8caaf4d5aa19cda5add4b21015f8842d217,0x87539e07129891fc4e20bb76db5a7063c3bd8400,6.5e+19,BTCK,BTCK,18,109,173285,88000000233,132250,8799872,deprecated,4239148
317,10945555,2020-09-27 15:57:16,0xbe1280f61bd2c86262adc590ebc3f0c1f01dccfe04f6e84c8362f796ad1eb43c,249,0x3c93a7db4e691bd819ed367e5551f8e393115fcd172fa1da5543140a6d6d4e08,0x7d7696a4ffe79d4deac802e89d3ce1069d7ff724,0x4187e8caaf4d5aa19cda5add4b21015f8842d217,0x87539e07129891fc4e20bb76db5a7063c3bd8400,6.5e+19,BTCK,BTCK,18,109,173285,97000001235,132250,8183041,deprecated,4239118
318,10945580,2020-09-27 16:04:29,0x140f4772aaf7841f323e13afe97b7d7a4e866ec499df7d7a06bb0e9e5c3f735f,250,0xb67b5436e9e648572da56e4a426f6173e8f5a34bd697584a2bff9d9bdb94c77c,0x7d7696a4ffe79d4deac802e89d3ce1069d7ff724,0x4187e8caaf4d5aa19cda5add4b21015f8842d217,0x87539e07129891fc4e20bb76db5a7063c3bd8400,7.2e+19,BTCK,BTCK,18,100,173285,103000001235,132250,5818019,deprecated,4239093
319,10945586,2020-09-27 16:06:00,0xccc63cd8aaa584e058b5e13c341678bd26b56afdf46cf41f0806892c9bde9443,251,0x582b0f0324a3791d3cbe70abcbcc0733d43d603eb0bce1bf6ecfc6d010b74c9a,0x7d7696a4ffe79d4deac802e89d3ce1069d7ff724,0x4187e8caaf4d5aa19cda5add4b21015f8842d217,0x87539e07129891fc4e20bb76db5a7063c3bd8400,6.9445598235004305e+19,BTCK,BTCK,18,33,173311,121000001561,117274,2974918,deprecated,4239087
320,10945754,2020-09-27 16:45:55,0xbcd79222736d5b57ad58dfb8f4c3497ea16d837212279b2a607d6df8513d26d6,252,0x0fc4878e2d472ea04abf6d5423d832d83da87520589e63897fd7ff1544f722d1,0x6225f6d7ad5ea259a2227d3f39cf808f3098af6e,0x6a7ef4998eb9d0f706238756949f311a59e05745,0x7d7696a4ffe79d4deac802e89d3ce1069d7ff724,4.056032027359616e+20,Kenysians Network,KEN,18,174,170782,108000000000,117590,10601528,deprecated,4238919
321,10947283,2020-09-27 22:25:07,0x70162f659923c4ec30e9c06794ce6490c6cbb93e1a0a39b625179f5ad9299005,253,0x1bb2b916e07363b5909ad37bb186f82a0a6a048ba7410d29674084bd79b4c78e,0xdc98556ce24f007a5ef6dc1ce96322d65832a819,0x429881672b9ae42b8eba0e26cd9c73711b891ca5,0x7d7696a4ffe79d4deac802e89d3ce1069d7ff724,6.853748385265937e+19,PickleToken,PICKLE,18,96,164868,50400000000,124313,3344511,deprecated,4237390
322,10947839,2020-09-28 00:33:23,0x7bd40860c7c35d6f0e02603f70060df9594f6be0ea9b72102d33f209b76e68cc,254,0x0193b4a9608d0adc4c2b68ed9485a8a0851677855d0fba9c982f536cb1a14bda,0xdc98556ce24f007a5ef6dc1ce96322d65832a819,0x429881672b9ae42b8eba0e26cd9c73711b891ca5,0x7d7696a4ffe79d4deac802e89d3ce1069d7ff724,7.598856841473809e+19,PickleToken,PICKLE,18,141,148106,60000000000,109313,9813396,deprecated,4236834
323,10948446,2020-09-28 02:44:57,0x40408168a0ecfd7c880de60d05db306425ee8559477430175befdc8d39dfcf8a,255,0x8aa3631b61905f6a4965592918eeedf15d0ef34ecf90e83fc4ffdf938fb8a0c7,0x7d7696a4ffe79d4deac802e89d3ce1069d7ff724,0x429881672b9ae42b8eba0e26cd9c73711b891ca5,0xdc98556ce24f007a5ef6dc1ce96322d65832a819,1.4452605226739745e+20,PickleToken,PICKLE,18,61,154871,85900000000,112526,5806149,deprecated,4236227
324,10948515,2020-09-28 03:02:47,0x8c74566c34cc418d5727a7641bbaba1c5a65565d48fe32879d5fe86ed19500b9,256,0x7ba34ff686a5ee9d148827b578d8051df7bfa06119cf267b89e3ffdbfe0b6b64,0x7f377de048f8d817184233a1f7c1ae63e1399cf7,0xde201daec04ba73166d9917fdf08e1728e270f06,0x7d7696a4ffe79d4deac802e89d3ce1069d7ff724,2.7306818634965602e+19,MOJI Experience Points,MEXP,18,9,166975,100000000000,114182,502151,deprecated,4236158
325,10948811,2020-09-28 04:10:52,0x8e0dc7ed2b474b58b2cc00e0f7d9e04c3632b2c2253348e176680be9b2660b5c,257,0x478afbde577307d0715238a23639395cd96d2ebe8fe8604cb75b27c6cf1ee664,0xc09fb8e468274a683a7570d0b795f8244fbeff9c,0xc8d2ab2a6fdebc25432e54941cb85b55b9f152db,0x7d7696a4ffe79d4deac802e89d3ce1069d7ff724,4.4687948062222477e+21,GRAP,GRAP,18,88,160530,152000000000,120430,4198355,deprecated,4235862
326,10948814,2020-09-28 04:11:38,0x9517d4f2b9fda41dce2396722b928ab440fc1cb49bc1568c2fa92866ac7823ee,258,0x83b90d2419a1c2e71b7bbe659b3454b1d46b4202da937805c7465a93b995b5e9,0xc09fb8e468274a683a7570d0b795f8244fbeff9c,0xc8d2ab2a6fdebc25432e54941cb85b55b9f152db,0x7d7696a4ffe79d4deac802e89d3ce1069d7ff724,6.324402495484906e+21,GRAP,GRAP,18,98,160543,150000000000,120442,4419211,deprecated,4235859
327,10949481,2020-09-28 06:47:38,0x3c1396255d52bff02f372c1888ddc07463f6fa86c32c7205987e822a56cda0fa,260,0xc23cfbfcc1831fd3993b4cb81b2f7d276838701c3dcf05207a7d5abd1cf263be,0xdc98556ce24f007a5ef6dc1ce96322d65832a819,0x429881672b9ae42b8eba0e26cd9c73711b891ca5,0x7d7696a4ffe79d4deac802e89d3ce1069d7ff724,4.1395784201640665e+19,PickleToken,PICKLE,18,82,164854,100000000000,112285,4345862,deprecated,4235192
328,10949521,2020-09-28 06:56:33,0xbadc377147ba7ba1aa0840278b8e4f623a692b15f95d823f1002ce2842f3520d,261,0x9c46d806b60e1dd1c31694c18d1d0b6b311343c48b53fac55f34d0dd8e13c421,0x7d7696a4ffe79d4deac802e89d3ce1069d7ff724,0x429881672b9ae42b8eba0e26cd9c73711b891ca5,0xdc98556ce24f007a5ef6dc1ce96322d65832a819,4.1395784201640665e+19,PickleToken,PICKLE,18,129,154858,73000000000,112514,6788590,deprecated,4235152
329,10950115,2020-09-28 09:08:05,0x6c51d1303c0fe7a25abb6478362f8b3a4928f2c3b247016b4a8d8fefbd2e2b3c,262,0x9c95088a7055c668367f1c5c8966dda0ed30f11e394ad590c77125fb77e153cf,0x05f21e62952566cefb77f5153ec6b83c14fb6b1d,0xaf9f549774ecedbd0966c52f250acc548d3f36e5,0x7d7696a4ffe79d4deac802e89d3ce1069d7ff724,3.3934107404375084e+21,Rio Fuel Token,RFuel,18,199,152594,132000000000,113329,6147565,deprecated,4234558
330,10950578,2020-09-28 10:52:44,0xdd65a0cd83fb647c1328f3bc3bc8d0180bfafc4224222b7f2c728c574261d909,264,0x67cf6aa78fb4c9bdea33e7ab8e5b4251ea03a82dc3624a5a79ac38414ded4f41,0x7d7696a4ffe79d4deac802e89d3ce1069d7ff724,0xefb3ba332129cfc31a84ac96974f5c19fa4a6f10,0xe8849e87846b1501a9c74327d0f648e9b2fce8b4,9.242e+21,PoFi Network,POFI,18,11,66173,200000000000,63929,706296,deprecated,4234095
331,10951061,2020-09-28 12:50:44,0xaef45f89bd93f5d0373f30fe359c0d019081edca5389321c4fa6351580cb7cfc,265,0xdf183f6167ee2e70f191365dd97485bbfbe176f10ae9903e04bd7a1ae8e6262b,0x05f21e62952566cefb77f5153ec6b83c14fb6b1d,0xaf9f549774ecedbd0966c52f250acc548d3f36e5,0x7d7696a4ffe79d4deac802e89d3ce1069d7ff724,4.299880956601589e+21,Rio Fuel Token,RFuel,18,44,135832,159300000000,110345,2441192,deprecated,4233612
332,10951604,2020-09-28 14:52:58,0x2e6b12c5e8a5203b3067ef2050619362ec19b1f750f790e14b6f8ba1913bb222,266,0x1c24817a750a10e560601d1471df2f96b80a1415b83eb6b937137ecdf03ad3c7,0xe444f079e8f69ee32b2707974b5c994fa7dd944a,0x5beabaebb3146685dd74176f68a0721f91297d37,0x7d7696a4ffe79d4deac802e89d3ce1069d7ff724,4.388146904096261e+18,Bounce Token,BOT,18,200,165227,147000000000,124635,11168280,deprecated,4233069
333,10953609,2020-09-28 22:17:49,0x78d254aba53ba53d2855049c97f5eba2c4d4477bd4a9189397f804cebe5980e9,267,0x73ac4bd89278249b96b9f7a3561f05e9ac4e9f2e94454adabc80d78af69e106d,0x7d7696a4ffe79d4deac802e89d3ce1069d7ff724,0xaf9f549774ecedbd0966c52f250acc548d3f36e5,0x05f21e62952566cefb77f5153ec6b83c14fb6b1d,7.693291697039097e+21,Rio Fuel Token,RFuel,18,51,170178,122000000000,114426,2986488,deprecated,4231064
334,10953923,2020-09-28 23:26:46,0x18da615b48d6eb9534333dc85bd46081530d476f0085274579163713498c8f1a,268,0xbbd524574d6e29cc76eb3735e64dea692995772346c8434b333b3b34c0fcf938,0x61d8c3d7ad3c3c00c9e4b8da089e19e57da90b91,0x5ade7ae8660293f2ebfcefaba91d141d72d221e8,0x7d7696a4ffe79d4deac802e89d3ce1069d7ff724,1.8866604555565776e+23,Eminence,EMN,18,59,151764,125000000000,112587,4159843,deprecated,4230750
335,10954083,2020-09-29 00:01:06,0x691897df867c1bea3f27efd4f55c0c15bb1a672809215c3290fad8d8ad850dd8,270,0x4337e9903218b927acd54c33c77c5b3cf67a0f9915e1a6b66e10c2ebbc64cc10,0x7d7696a4ffe79d4deac802e89d3ce1069d7ff724,0x5ade7ae8660293f2ebfcefaba91d141d72d221e8,0x61d8c3d7ad3c3c00c9e4b8da089e19e57da90b91,1.2e+23,Eminence,EMN,18,69,155192,160999900000,115802,3784396,deprecated,4230590
336,10954108,2020-09-29 00:07:29,0xe854554ff621fdc47825a0f84ca5ecc29c53bcee6a6ad4737c33282b5bc7599e,271,0xd083b5e7cc365a7e949e04d76733fb8e5efb6d8e683ecc2a4ee936af5c6e7ffc,0x7d7696a4ffe79d4deac802e89d3ce1069d7ff724,0x5ade7ae8660293f2ebfcefaba91d141d72d221e8,0x61d8c3d7ad3c3c00c9e4b8da089e19e57da90b91,6.866604555565776e+22,Eminence,EMN,18,67,155218,200000000000,100826,5684244,deprecated,4230565
337,10954146,2020-09-29 00:16:43,0x6d2d0e82dbde2a88aa1d519512155fa85c7336e2fef6ff0b20fa54dacc07f1e6,272,0xccee871bb6d00303cd269d9aec15e4bf40a2fa6c0ed771a97ab090f4ef4fbb97,0x61d8c3d7ad3c3c00c9e4b8da089e19e57da90b91,0x5ade7ae8660293f2ebfcefaba91d141d72d221e8,0x7d7696a4ffe79d4deac802e89d3ce1069d7ff724,1.0489056385963052e+23,Eminence,EMN,18,2,151764,195292800000,112587,454191,deprecated,4230527
338,10954166,2020-09-29 00:21:09,0xc084c1137e45f5f83e640d9884e71b2b58495adc7aa4a12d47c4638accfbf5d9,274,0x520c8370960bafbcbbb41fe2e8ca117b4062da8632d5574ac1cf4d09dfdee637,0x7d7696a4ffe79d4deac802e89d3ce1069d7ff724,0x5beabaebb3146685dd74176f68a0721f91297d37,0xe444f079e8f69ee32b2707974b5c994fa7dd944a,4.388146904096261e+18,Bounce Token,BOT,18,86,168572,162500000000,112966,7681715,deprecated,4230507
339,10954204,2020-09-29 00:28:30,0xa9c5242f3cbc3db8f62a6f85e2792d38ca61463688ad7231b011f74bc9ade22b,275,0x7e1bbb05fb7f992a3e54dbba72798b3696137e551ef527dd62a28d1d1b8a9678,0x7d7696a4ffe79d4deac802e89d3ce1069d7ff724,0x5ade7ae8660293f2ebfcefaba91d141d72d221e8,0x61d8c3d7ad3c3c00c9e4b8da089e19e57da90b91,1.0489056385963052e+23,Eminence,EMN,18,131,155218,171000000000,100826,10108359,deprecated,4230469
340,10954328,2020-09-29 01:01:26,0x0261d5cceda835dbd17a556a156140f3bd45e23594ac2bac7fd7a8568a700756,276,0x665b53251ac58f0f43f4a5c90c49cd88482a6b56eb25d0418741a0884474c081,0x61d8c3d7ad3c3c00c9e4b8da089e19e57da90b91,0x5ade7ae8660293f2ebfcefaba91d141d72d221e8,0x7d7696a4ffe79d4deac802e89d3ce1069d7ff724,1.7611517766112594e+23,Eminence,EMN,18,64,151764,176000000000,112587,3352312,deprecated,4230345
341,10954592,2020-09-29 01:59:09,0xaeca848488a6aae375553c0d7681440ab11e409350755976d691748b57818180,278,0x78bec6ea3edf5c1a7c59cdbcfbb539380eaca627cedd93e3ccbbdc6f465cf26a,0x7d7696a4ffe79d4deac802e89d3ce1069d7ff724,0xcbd55d4ffc43467142761a764763652b48b969ff,0x7df4a1d4a8d8390bef36f311252423cce04e5647,2.0476926202647216e+21,AstroTools.io,ASTRO,18,198,168553,186000000000,112948,9125743,deprecated,4230081
342,10954620,2020-09-29 02:04:23,0x0ed4a7d8b2d752b6219ab78c706746f93179124a7253e485b627b5650241f701,281,0x32ad21772ee861440ad70da9c762522759e4caf72ddfb91a7fa85dc5880de10e,0x7d7696a4ffe79d4deac802e89d3ce1069d7ff724,0xc8d2ab2a6fdebc25432e54941cb85b55b9f152db,0xc09fb8e468274a683a7570d0b795f8244fbeff9c,1.0793197301707154e+22,GRAP,GRAP,18,113,178415,184000000000,136914,8236660,deprecated,4230053
343,10954628,2020-09-29 02:06:44,0x62a452dad72c9cdcec59b3249f8846f3d80f0d85e07c21238227a8f400521698,282,0x4602b6f92663d7fb7fefca0eee16576ba00f3610320f31f67999b0eeec116ffb,0x7d7696a4ffe79d4deac802e89d3ce1069d7ff724,0xde201daec04ba73166d9917fdf08e1728e270f06,0x7f377de048f8d817184233a1f7c1ae63e1399cf7,2.7306818634965602e+19,MOJI Experience Points,MEXP,18,180,168106,222000001561,112542,9474228,deprecated,4230045
344,10955256,2020-09-29 04:27:08,0x30f9d21301e0229217a7e38ac217f135a96f8d7accb638496845f686e4561232,284,0x8adf82121a81cbf44feca052a1a38b3b7f3d8d2654cc1092e0cd6685f835140b,0xdc98556ce24f007a5ef6dc1ce96322d65832a819,0x429881672b9ae42b8eba0e26cd9c73711b891ca5,0x7d7696a4ffe79d4deac802e89d3ce1069d7ff724,9.045864152280205e+19,PickleToken,PICKLE,18,30,151440,150000000000,124313,1460053,deprecated,4229417
345,10955433,2020-09-29 05:07:18,0xd7253683322513d5d1c5916b0fb347b9b68a86df3786f7be9726078b87fbd3ea,285,0xd599f56b5a0aaf98d1b782f756286afc842217d30cef17dc6103e41bc1e889eb,0x7d7696a4ffe79d4deac802e89d3ce1069d7ff724,0x429881672b9ae42b8eba0e26cd9c73711b891ca5,0xdc98556ce24f007a5ef6dc1ce96322d65832a819,9.045864152280205e+19,PickleToken,PICKLE,18,54,168075,100000000000,112514,2952140,deprecated,4229240
346,10956128,2020-09-29 07:41:47,0x032596542dcf2c3a26130ea0da16800108bf4444f142d74e69cc54d6192cb58e,286,0xb761d8f58d699cc489d5806020c567885abdda72cbe67ae78561217f921978b7,0x97f0b88c28f777d10d61994b02a8d9625d54c31d,0xeb8e4a54848057e0782ad777151a68796b6cf6b7,0x7d7696a4ffe79d4deac802e89d3ce1069d7ff724,1.0306823272327401e+19,fuckYou EMN,yEMN,18,19,165883,150000000000,125220,839805,deprecated,4228545
347,10956548,2020-09-29 09:17:58,0x070998a16f246f2ad61546ae77838effb8022350bb4323a6e57e7e8496bd7ed2,290,0x88731bbada91eea60e93a682adf8da2e01cd6c5b2f00f8b52476a587c9d26a67,0x7d7696a4ffe79d4deac802e89d3ce1069d7ff724,0x6a7ef4998eb9d0f706238756949f311a59e05745,0x6225f6d7ad5ea259a2227d3f39cf808f3098af6e,4.056032027359616e+20,Kenysians Network,KEN,18,182,173596,122400000000,117533,10904028,deprecated,4228125
348,10956765,2020-09-29 10:08:57,0x37bf0423e433e782d29cfb570a1463b69847290c6371777812c2e1e18cbe4eec,293,0x0ebfb8f9e4b35df4219edf70d6e0189847078753122d3152fd232908ee2ae152,0x7f377de048f8d817184233a1f7c1ae63e1399cf7,0xde201daec04ba73166d9917fdf08e1728e270f06,0x7d7696a4ffe79d4deac802e89d3ce1069d7ff724,2.104692840150478e+19,MOJI Experience Points,MEXP,18,136,166988,137080000000,114194,7042296,deprecated,4227908
349,10956771,2020-09-29 10:09:59,0x5e3122938806b153b26724f1225f80a9d268bd61f3f0ea27087609b09549367e,294,0x6e8bed20e1c2f1f61583271b8d50f6aeafd09532a444ca30ac6c6f80934ddfda,0x7f377de048f8d817184233a1f7c1ae63e1399cf7,0xde201daec04ba73166d9917fdf08e1728e270f06,0x7d7696a4ffe79d4deac802e89d3ce1069d7ff724,1.3421234070739876e+19,MOJI Experience Points,MEXP,18,175,150213,135000000000,99182,8437903,deprecated,4227902
350,10961076,2020-09-30 02:12:48,0xc1026cb00f2f2245799de89b8d827f50de26c9067cd9e81af704ad13f5de7810,295,0x008dee0df6c6172cfabfe90d11d85dacafab4091d6ed0073c7c8aa15b5c8dd3b,0x7d7696a4ffe79d4deac802e89d3ce1069d7ff724,0xde201daec04ba73166d9917fdf08e1728e270f06,0x7f377de048f8d817184233a1f7c1ae63e1399cf7,3.4468162472244654e+19,MOJI Experience Points,MEXP,18,1,168106,118800000233,112542,134560,deprecated,4223597
351,10961087,2020-09-30 02:14:52,0x65ca0a7e824d79ed183b12cd2be65ceba51abf99bd2d089d0836b4ac1f249a03,296,0xaca920889e7a72c1611d0cf32341eeedea67a52a1786b7bed78d2ef1138d7ee3,0x4c7c61ad6dc3a3687d22f224af2ac1c60dcc103f,0x6d6506e6f438ede269877a0a720026559110b7d5,0x7d7696a4ffe79d4deac802e89d3ce1069d7ff724,4.762530618323117e+21,BONKTOKEN,BONK,18,39,179445,63000000000,137358,1654043,deprecated,4223586
352,10961375,2020-09-30 03:24:27,0x0fc76c5c5313a9fae17be1c68ff9ce4b1a3d5d440ca40f49094bdbe058076811,297,0xd450658025844f647b6e1d60e2acd49c92b70757f570512910889eec065466bf,0x7d7696a4ffe79d4deac802e89d3ce1069d7ff724,0x6d6506e6f438ede269877a0a720026559110b7d5,0x4c7c61ad6dc3a3687d22f224af2ac1c60dcc103f,4.714905312139886e+21,BONKTOKEN,BONK,18,100,186336,81000000000,128809,5268909,deprecated,4223298
353,10961375,2020-09-30 03:24:27,0x0fc76c5c5313a9fae17be1c68ff9ce4b1a3d5d440ca40f49094bdbe058076811,297,0xd450658025844f647b6e1d60e2acd49c92b70757f570512910889eec065466bf,0x7d7696a4ffe79d4deac802e89d3ce1069d7ff724,0x6d6506e6f438ede269877a0a720026559110b7d5,0x6d6506e6f438ede269877a0a720026559110b7d5,4.762530618323117e+19,BONKTOKEN,BONK,18,100,186336,81000000000,128809,5268909,deprecated,4223298
354,10961420,2020-09-30 03:35:41,0x5636e93ef819d93b800c764e97a3229772e8af2e4e37bfbb5c3e61f23b8940ea,298,0x999f260048eef9b02483ce7e5430c199b3bc0da450a13ed3c32895341b49e29a,0x7df4a1d4a8d8390bef36f311252423cce04e5647,0xcbd55d4ffc43467142761a764763652b48b969ff,0x7d7696a4ffe79d4deac802e89d3ce1069d7ff724,2.5964935750421614e+21,AstroTools.io,ASTRO,18,144,165078,72000000005,112484,9918250,deprecated,4223253
355,10961493,2020-09-30 03:53:19,0xa69655b25439830c22a3efd78f8d7f5e10c9b7a13b8e810fb8dfa2520060f1fa,299,0xc3aec9861fc70e768aced8c0875aca0a76758e988c6aeef3b4d8b9880d16bcf2,0x7d7696a4ffe79d4deac802e89d3ce1069d7ff724,0xcbd55d4ffc43467142761a764763652b48b969ff,0x7df4a1d4a8d8390bef36f311252423cce04e5647,2.5964935750421614e+21,AstroTools.io,ASTRO,18,13,168553,78000000000,112948,1182026,deprecated,4223180
356,10961500,2020-09-30 03:54:41,0x40e150915547b238fffefc67b5487e4f98007b7b7bc204baf8a653f4747945fb,300,0x004a4e14a38c1fe71afddf0f39df8eff362312c51c72ca826381fd4358056779,0x4c7c61ad6dc3a3687d22f224af2ac1c60dcc103f,0x6d6506e6f438ede269877a0a720026559110b7d5,0x7d7696a4ffe79d4deac802e89d3ce1069d7ff724,3.863586160566897e+21,BONKTOKEN,BONK,18,125,179445,78000000000,137358,8412035,deprecated,4223173
357,10961957,2020-09-30 05:38:44,0x27068b4b00eb24df4bd7a9fd36f96491b55956de29740d52233633be015036f3,301,0x06b3d4afc396f59dceaf509b83961e8d6a06e6de8d46f349aec872b58651e0c9,0x7d7696a4ffe79d4deac802e89d3ce1069d7ff724,0x6d6506e6f438ede269877a0a720026559110b7d5,0x4c7c61ad6dc3a3687d22f224af2ac1c60dcc103f,3.8249502989612283e+21,BONKTOKEN,BONK,18,83,186323,95000000000,128797,5010223,deprecated,4222716
358,10961957,2020-09-30 05:38:44,0x27068b4b00eb24df4bd7a9fd36f96491b55956de29740d52233633be015036f3,301,0x06b3d4afc396f59dceaf509b83961e8d6a06e6de8d46f349aec872b58651e0c9,0x7d7696a4ffe79d4deac802e89d3ce1069d7ff724,0x6d6506e6f438ede269877a0a720026559110b7d5,0x6d6506e6f438ede269877a0a720026559110b7d5,3.863586160566897e+19,BONKTOKEN,BONK,18,83,186323,95000000000,128797,5010223,deprecated,4222716
359,10962372,2020-09-30 07:15:32,0xd75fdac26607368add33a1836a5e519f8e3f2af129692c50b949262ed79e97b8,303,0x14812a2c71996e9574f468c706cbb7554d0aad986b8f2e0e084217f6ab176d54,0xffa98a091331df4600f87c9164cd27e8a5cd2405,0x83e6f1e41cdd28eaceb20cb649155049fac3d5aa,0x7d7696a4ffe79d4deac802e89d3ce1069d7ff724,4.820958416901365e+21,PolkastarterToken,POLS,18,100,153690,119000000000,126327,5045493,deprecated,4222301
360,10963257,2020-09-30 10:39:41,0x6adaf39db199d330be005e6a2acb156488d4b413d942a07f3df378b9f18eee44,306,0x10663bbb8fce303b9a722d25b83675f024d5c1a75067e57148dfe8d6ba242221,0x7d7696a4ffe79d4deac802e89d3ce1069d7ff724,0x83e6f1e41cdd28eaceb20cb649155049fac3d5aa,0xffa98a091331df4600f87c9164cd27e8a5cd2405,4.820958416901365e+21,PolkastarterToken,POLS,18,50,156156,200000000000,101678,3978397,deprecated,4221416
361,10964051,2020-09-30 13:34:55,0x1c67c78a178f7ad2ebcd9befc0f07d0208ec5571dd2f9c39ee19f80bce7435ec,307,0xccddcba98e4a5493652f850eed815b646c7f3723cd81cfdbc8a66fb0d44cc690,0xc09fb8e468274a683a7570d0b795f8244fbeff9c,0xc8d2ab2a6fdebc25432e54941cb85b55b9f152db,0x7d7696a4ffe79d4deac802e89d3ce1069d7ff724,4.2544308963080426e+21,GRAP,GRAP,18,131,160530,111320000000,120430,9783210,deprecated,4220622
362,10967706,2020-10-01 03:14:02,0x6733d9c23d3404ef45a9b70cc4c1d636659b48b155691c924a2f1ad3b7c45406,308,0x92603177869f8faf37d2c88bb52f94dd15ff05d005c8212d9a3eb56dbf30da9d,0x5e37996bcff8c169e77b00d7b6e7261bbc60761e,0x6b175474e89094c44da98b954eedeac495271d0f,0x7d7696a4ffe79d4deac802e89d3ce1069d7ff724,0.0,Dai Stablecoin,DAI,18,182,75020,94000000000,68200,12339685,deprecated,4216967
363,10967917,2020-10-01 04:00:25,0xb3050dd0e5acaa8338844e29529f8e96de554f8d5f8105c4f7cb412d98d64eba,309,0xd38c96f18adabfbce5d49320362d00230408da85e71c45802ac3ebf29df1285d,0xac0fe6c0b239eedcc12bc3e997e5492b04cc61c3,0xaa19673aa1b483a5c4f73b446b4f851629a7e7d6,0x7d7696a4ffe79d4deac802e89d3ce1069d7ff724,2.2092415535729594e+20,Xplosive Ethereum,xETH,18,76,169041,100000000000,128048,11130999,deprecated,4216756
364,10967922,2020-10-01 04:01:09,0x1691ba9139e56f537bd7993974407d6b392b90efd6e4adf592572a1d0cfa58e9,310,0xd1c87f7a59deab9211ba0ac760f63e0a04abac06a071546db00d4eaf0476fb92,0xac0fe6c0b239eedcc12bc3e997e5492b04cc61c3,0xaa19673aa1b483a5c4f73b446b4f851629a7e7d6,0x7d7696a4ffe79d4deac802e89d3ce1069d7ff724,1.5954494994383824e+20,Xplosive Ethereum,xETH,18,32,138853,100000000000,113048,3555755,deprecated,4216751
365,10968197,2020-10-01 05:02:25,0x53fd100ac6245c816279577b7d99fd7fbe050d143eb1b144a270aba0f6ebfba2,312,0x6be22d312ac0e195e8768e25861b174591955c8da757bebf1cad111302c6ad20,0x7d7696a4ffe79d4deac802e89d3ce1069d7ff724,0xaa19673aa1b483a5c4f73b446b4f851629a7e7d6,0xac0fe6c0b239eedcc12bc3e997e5492b04cc61c3,9.5e+18,Xplosive Ethereum,xETH,18,112,207894,56000000000,151391,10479198,deprecated,4216476
366,10968197,2020-10-01 05:02:25,0x53fd100ac6245c816279577b7d99fd7fbe050d143eb1b144a270aba0f6ebfba2,312,0x6be22d312ac0e195e8768e25861b174591955c8da757bebf1cad111302c6ad20,0x7d7696a4ffe79d4deac802e89d3ce1069d7ff724,0xaa19673aa1b483a5c4f73b446b4f851629a7e7d6,0x0000000000000000000000000000000000000000,2.5e+17,Xplosive Ethereum,xETH,18,112,207894,56000000000,151391,10479198,deprecated,4216476
367,10968197,2020-10-01 05:02:25,0x53fd100ac6245c816279577b7d99fd7fbe050d143eb1b144a270aba0f6ebfba2,312,0x6be22d312ac0e195e8768e25861b174591955c8da757bebf1cad111302c6ad20,0x7d7696a4ffe79d4deac802e89d3ce1069d7ff724,0xaa19673aa1b483a5c4f73b446b4f851629a7e7d6,0x4facff7d37594d4f791d04c8806f73db5f2ffa8a,2.5e+17,Xplosive Ethereum,xETH,18,112,207894,56000000000,151391,10479198,deprecated,4216476
368,10968236,2020-10-01 05:11:40,0x877c35f7c1963f7e5562aad83342a1f623a2883fb5fe1cac119d7dddb7b159f7,314,0x5b4394276a5246837c7f6208a5e27408d1e4283c5f6b3f3638e33536298b55d6,0x7d7696a4ffe79d4deac802e89d3ce1069d7ff724,0xaa19673aa1b483a5c4f73b446b4f851629a7e7d6,0xac0fe6c0b239eedcc12bc3e997e5492b04cc61c3,3.519456500360774e+20,Xplosive Ethereum,xETH,18,0,207949,200000000000,163457,163457,deprecated,4216437
369,10968236,2020-10-01 05:11:40,0x877c35f7c1963f7e5562aad83342a1f623a2883fb5fe1cac119d7dddb7b159f7,314,0x5b4394276a5246837c7f6208a5e27408d1e4283c5f6b3f3638e33536298b55d6,0x7d7696a4ffe79d4deac802e89d3ce1069d7ff724,0xaa19673aa1b483a5c4f73b446b4f851629a7e7d6,0x0000000000000000000000000000000000000000,9.261727632528353e+18,Xplosive Ethereum,xETH,18,0,207949,200000000000,163457,163457,deprecated,4216437
370,10968236,2020-10-01 05:11:40,0x877c35f7c1963f7e5562aad83342a1f623a2883fb5fe1cac119d7dddb7b159f7,314,0x5b4394276a5246837c7f6208a5e27408d1e4283c5f6b3f3638e33536298b55d6,0x7d7696a4ffe79d4deac802e89d3ce1069d7ff724,0xaa19673aa1b483a5c4f73b446b4f851629a7e7d6,0x4facff7d37594d4f791d04c8806f73db5f2ffa8a,9.261727632528353e+18,Xplosive Ethereum,xETH,18,0,207949,200000000000,163457,163457,deprecated,4216437
371,10968377,2020-10-01 05:44:03,0x91a75070b8cd7f0dd549a36153ad3e14214c47de1a2b34af186809a69cf27eef,315,0x2031fa9e10c6537d05177919da46d402fa361c62e81be75138f2a8a69f5d011f,0x6225f6d7ad5ea259a2227d3f39cf808f3098af6e,0x6a7ef4998eb9d0f706238756949f311a59e05745,0x7d7696a4ffe79d4deac802e89d3ce1069d7ff724,7.927744529442578e+20,Kenysians Network,KEN,18,15,170782,76000000000,129606,1470768,deprecated,4216296
372,10969338,2020-10-01 09:23:54,0x6cb568891b3e6ff6e8f1439077c879a215806cdda8f5d8067da73d3d8ff71a63,317,0x6a2f603ec6e8146a40fafa55ce0ffd46008dd26a4c460ed1d4cf2fe1b8474f24,0x7d7696a4ffe79d4deac802e89d3ce1069d7ff724,0x6a7ef4998eb9d0f706238756949f311a59e05745,0x6225f6d7ad5ea259a2227d3f39cf808f3098af6e,7.927744529442578e+20,Kenysians Network,KEN,18,133,173596,78000000000,117533,5967307,deprecated,4215335
373,10969340,2020-10-01 09:24:55,0xb1bc2801fb4722e271072541500d52b44504305499fc50afecf7c305eba2fc6b,318,0x940e8ea735773364000c05b351fd4e64c9b13ca5cedfeddf3f2e54754ddba205,0xa7d707118c02dcd2bea94ff05664db51363c47bd,0xefc1c73a3d8728dc4cf2a18ac5705fe93e5914ac,0x7d7696a4ffe79d4deac802e89d3ce1069d7ff724,1.3906128161810026e+20,Metric.exchange,METRIC,18,125,165016,77000000000,124445,6977629,deprecated,4215333
374,10970200,2020-10-01 12:37:46,0xe1fde78a0643e2515ebb629e65b63794a0869ac4154f62493dec3c0db38f1d8b,320,0xe2646d6b510fe1bbc66a68118ca43d8b53bf3c24d827d035c4f740193a467523,0x7d7696a4ffe79d4deac802e89d3ce1069d7ff724,0xefc1c73a3d8728dc4cf2a18ac5705fe93e5914ac,0xa7d707118c02dcd2bea94ff05664db51363c47bd,1.3906128161810026e+20,Metric.exchange,METRIC,18,131,168468,100000000000,112871,3650962,deprecated,4214473
375,10971390,2020-10-01 17:05:43,0xbe56de39cfe4557d26d181765240e504f84e2f4ebbde1977e99c389883fbee4f,321,0xccd99e80ae0941f4ff78627df1967b64e3801cfaf887cff2cb018aaa6af6dc3b,0x7f377de048f8d817184233a1f7c1ae63e1399cf7,0xde201daec04ba73166d9917fdf08e1728e270f06,0x7d7696a4ffe79d4deac802e89d3ce1069d7ff724,2.6716834265304953e+19,MOJI Experience Points,MEXP,18,63,153562,254000000000,126210,3641366,deprecated,4213283
376,10971395,2020-10-01 17:07:05,0x489fadb861018f6f802cfadcb5863f79a0bb7132dea44201fb96273ecd58bacb,322,0x979f5cffc591d524e40ef0f46f90d54e53127665149e4496f77d43d99fb35b93,0x7f377de048f8d817184233a1f7c1ae63e1399cf7,0xde201daec04ba73166d9917fdf08e1728e270f06,0x7d7696a4ffe79d4deac802e89d3ce1069d7ff724,2.1491425857089913e+19,MOJI Experience Points,MEXP,18,83,136799,222000000000,111210,5440115,deprecated,4213278
377,10973443,2020-10-02 00:30:16,0x2dd9b7ef54dd0957b7866c31c93cecf94e3323ee939a19b6ef6a178429d968c7,323,0x89fe807e29d9cf148bb7e6a0b42b75981d59591ec5e1037a6f145b9127525e1f,0x7d7696a4ffe79d4deac802e89d3ce1069d7ff724,0xde201daec04ba73166d9917fdf08e1728e270f06,0x7f377de048f8d817184233a1f7c1ae63e1399cf7,4.820826012239486e+19,MOJI Experience Points,MEXP,18,6,168106,100000000000,112542,571608,deprecated,4211230
378,10973474,2020-10-02 00:38:07,0xcb33185778d52331f408959cfc00f2eb52fa73ea51138e39868e2b1d1a29fcfb,324,0x404a0a44e3e71fadeab788c11c8a84d1dceffe669e6a352ef4b2af048a743fdf,0xdd5d1a256b25e1087fc3b098b443e96cfa73237d,0x1b980e05943de3db3a459c72325338d327b6f5a9,0x7d7696a4ffe79d4deac802e89d3ce1069d7ff724,3.0314105394384595e+22,Bitgear,GEAR,18,52,169163,67000000000,128157,3104246,deprecated,4211199
379,10973481,2020-10-02 00:40:10,0xad42e081dec8d310756262417405796b4ff762258787e420ac5dfb113cd1591d,325,0xca5790c6f9cd9e49baed9b35fb41e7f06a8e6c79abde2a2d0a00a945fc6b2808,0xdd5d1a256b25e1087fc3b098b443e96cfa73237d,0x1b980e05943de3db3a459c72325338d327b6f5a9,0x7d7696a4ffe79d4deac802e89d3ce1069d7ff724,2.98195163894367e+22,Bitgear,GEAR,18,80,152401,70000000000,113157,5634962,deprecated,4211192
380,10974282,2020-10-02 03:42:58,0x72a7e7b527fd4a08a1b25a4f3560b3960e36fe280c20a0c5be30ef675a1bac9a,327,0xd649ef02e547685c95511651ee099b9e2e6fa2926dddfaa3e1e1ff69d867b228,0xa962cf835132e48fc3710b59c26bfc90d2f14410,0x0c17398ebbcb15078f2ad2c67a26d10623957b21,0x7d7696a4ffe79d4deac802e89d3ce1069d7ff724,1.2745799726171924e+19,SONTOKEN,SON,18,44,165140,51500000000,124557,4352814,deprecated,4210391
381,10974713,2020-10-02 05:19:12,0xad412602ecbf3a7b6ca556b5884e8026c85539233489357bb9dbae4e034c080e,328,0x5b56550094aea1a6884fa8c1200c0f7d8caae4d82d533cfae2b9d2c662e87ad0,0x7d7696a4ffe79d4deac802e89d3ce1069d7ff724,0x1b980e05943de3db3a459c72325338d327b6f5a9,0xdd5d1a256b25e1087fc3b098b443e96cfa73237d,6.013362178382129e+22,Bitgear,GEAR,18,20,170786,100000000000,114978,2658200,deprecated,4209960
382,10974726,2020-10-02 05:22:29,0x29f5db773df323fbb42b133a4b8a7f12948bac05eab13bffbaf9b414ebff4f31,329,0x8c038b253c7ceefc211480595f719c5b80de31dc03b31c3fc3a0faf5d1ad3948,0x7f377de048f8d817184233a1f7c1ae63e1399cf7,0xde201daec04ba73166d9917fdf08e1728e270f06,0x7d7696a4ffe79d4deac802e89d3ce1069d7ff724,2.7543953372641255e+19,MOJI Experience Points,MEXP,18,218,153562,69000000000,126210,11142570,deprecated,4209947
383,10974734,2020-10-02 05:24:22,0x7b75a4379bbdb0257376a9f1b729bdef7921ba237662a39f5ee4623ac93e2edf,330,0x0781ff885879f133e7904ea2c9853d1d760aaa3bc2932660092dae84d56f5956,0x7f377de048f8d817184233a1f7c1ae63e1399cf7,0xde201daec04ba73166d9917fdf08e1728e270f06,0x7d7696a4ffe79d4deac802e89d3ce1069d7ff724,2.2675501235405677e+19,MOJI Experience Points,MEXP,18,72,150227,74600000000,99194,7955431,deprecated,4209939
384,10975054,2020-10-02 06:36:58,0x17c353a6d018bb77ccaef0ef89e2ae6d5a8bde5f85718565b61847a33ebe3abe,331,0x322b45209238db1c33b0a659ba76179b33cad53c20f8f865b4749c03729277c9,0xa962cf835132e48fc3710b59c26bfc90d2f14410,0x0c17398ebbcb15078f2ad2c67a26d10623957b21,0x7d7696a4ffe79d4deac802e89d3ce1069d7ff724,8.020098710691683e+18,SONTOKEN,SON,18,94,148379,140000000088,109557,8971409,deprecated,4209619
385,10975191,2020-10-02 07:04:54,0x54dba68deeeac30c07ab4232429b2e9f0a160dfa19c66ccbfff3898d81a14bba,332,0x05b07744f454d7b95a7ce31b1b15b339070210b646d7619d37917d84781efebd,0x7d7696a4ffe79d4deac802e89d3ce1069d7ff724,0xde201daec04ba73166d9917fdf08e1728e270f06,0x7f377de048f8d817184233a1f7c1ae63e1399cf7,5.021945460804693e+19,MOJI Experience Points,MEXP,18,274,168106,150000000000,112542,8355492,deprecated,4209482
386,10975197,2020-10-02 07:06:29,0x5d68376ff0d03c9eea2f1f3d665aa73a45f3cd5216c13d2631a3c6d313b3044d,333,0xfdd27da3b42c00a231b741c1869052961f1a0a2bbab2fc95452f09401727cffa,0x85609c626b532ca8bea6c36be53afdcb15dd4a48,0x3383c5a8969dc413bfddc9656eb80a1408e4ba20,0x7d7696a4ffe79d4deac802e89d3ce1069d7ff724,9.659744774857208e+22,Wrapped ANATHA,wANATHA,18,55,172188,150000000000,118848,3702715,deprecated,4209476
387,10975514,2020-10-02 08:23:15,0x5e594c3a93106f4564e257f02a08a7162d79187fb2d81dd33c372955ce613d64,335,0x7e33bf4a58561c74068502c69894b1723c706702a04e93d89c823dc1684383b9,0x7d7696a4ffe79d4deac802e89d3ce1069d7ff724,0x3383c5a8969dc413bfddc9656eb80a1408e4ba20,0x85609c626b532ca8bea6c36be53afdcb15dd4a48,5.6597e+22,Wrapped ANATHA,wANATHA,18,12,162049,200000000000,134052,1226290,deprecated,4209159
388,10975576,2020-10-02 08:36:35,0x30334ec342174e8182eee780258091ac6abaca429f740fe768669fcb0020b783,336,0xc5ecdaacb54d7be8f91715ca05472bf82baa45b80602f234f3f09e9da67fba51,0x7d7696a4ffe79d4deac802e89d3ce1069d7ff724,0x3383c5a8969dc413bfddc9656eb80a1408e4ba20,0x85609c626b532ca8bea6c36be53afdcb15dd4a48,4.000044774857208e+22,Wrapped ANATHA,wANATHA,18,79,162076,108281300000,107060,4633746,deprecated,4209097
389,10975614,2020-10-02 08:44:35,0x9a0109ab8fa5c567cbad7274e627bfa179c04d09c55fe618aa56de8d39584d48,337,0x5c990e7283fa202657d88685f3da0c4140b874c5cdebbed77d322da78897f232,0xa962cf835132e48fc3710b59c26bfc90d2f14410,0x0c17398ebbcb15078f2ad2c67a26d10623957b21,0x7d7696a4ffe79d4deac802e89d3ce1069d7ff724,6.930581637446473e+18,SONTOKEN,SON,18,157,148379,96000000000,109557,10632790,deprecated,4209059
390,10975949,2020-10-02 09:59:08,0x7d0654ff85e6147279759c0ffa5bd580542c941e2c41927639f5902fe65403d7,338,0xdfdff9e15e798a33c4f2084a7b9c8e0e93caef3b7a517141af7290075bb2dc15,0x97bc8c2c0606966ca4e8caa4389c67bd077888c4,0xf5a04b9e798892e96de68733ad8ffedda39b7e5a,0x7d7696a4ffe79d4deac802e89d3ce1069d7ff724,354612971449.0,TOPSWAP,TOPS,8,2,152659,200000000000,125402,178111,deprecated,4208724
391,10976013,2020-10-02 10:12:49,0xac57320a269a71bcd4a9cbd4b76ab583092fc325ac8b1764cdb102281e9b4c27,340,0x2d0af78ee69d7807fa0fc8374868ff3af447166e1ecb1644d5a92f1610ae1d7b,0x97bc8c2c0606966ca4e8caa4389c67bd077888c4,0xf5a04b9e798892e96de68733ad8ffedda39b7e5a,0x7d7696a4ffe79d4deac802e89d3ce1069d7ff724,308026024618.0,TOPSWAP,TOPS,8,113,149325,105000000000,110402,5555185,deprecated,4208660
392,10976040,2020-10-02 10:19:42,0x245bad4ad47c8c8542d240905dbd952deef5fa0daa2f402a83759ae4250c2516,342,0xaffc6b6e9de0c0a5dd39f445057395f4e3095a5588c0ee7b1da40739fd7f605d,0x7d7696a4ffe79d4deac802e89d3ce1069d7ff724,0xf5a04b9e798892e96de68733ad8ffedda39b7e5a,0x97bc8c2c0606966ca4e8caa4389c67bd077888c4,100000000000.0,TOPSWAP,TOPS,8,91,168157,105000000000,127588,8776147,deprecated,4208633
393,10976063,2020-10-02 10:25:20,0x5f0f0fe357a19944c1254e19dcb6a6e9d551d0b2b3a0e5e0d6677299c048e203,344,0xfad53ead248c0c6d0b8dba017901088fd9034f41290a39948eff789118592409,0x7d7696a4ffe79d4deac802e89d3ce1069d7ff724,0xf5a04b9e798892e96de68733ad8ffedda39b7e5a,0x97bc8c2c0606966ca4e8caa4389c67bd077888c4,562638996067.0,TOPSWAP,TOPS,8,48,168170,200000000000,112600,3675265,deprecated,4208610
394,10976196,2020-10-02 10:53:11,0x41c36ef65e3bb0abd7d58467ada17885296c0c17043cfc1af0e1eaf6d57e1f83,345,0x2caed0ad74d21ebefb6705ffc6ac56b16da959c66b5a09cdcbc6f33e97859faa,0xdd5d1a256b25e1087fc3b098b443e96cfa73237d,0x1b980e05943de3db3a459c72325338d327b6f5a9,0x7d7696a4ffe79d4deac802e89d3ce1069d7ff724,6.600865270157972e+22,Bitgear,GEAR,18,37,169163,150000000000,116141,1847649,deprecated,4208477
395,10979150,2020-10-02 21:59:40,0x460ee1dfac00bd4b8d190ef67e8d17ea31ce9a19c706f030233bfc2da3327103,346,0x73162a158a5545e937a00f3e1cad65e5af9d9a244779d7fee7310003f3886662,0x7d7696a4ffe79d4deac802e89d3ce1069d7ff724,0x1b980e05943de3db3a459c72325338d327b6f5a9,0xdd5d1a256b25e1087fc3b098b443e96cfa73237d,6.600865270157972e+22,Bitgear,GEAR,18,37,170786,100000000000,114978,2255460,deprecated,4205523
396,10979181,2020-10-02 22:06:18,0xc49e13006f0541d67fdf02db32e06dd86dbdd65f62fa92f522314d402a3ab056,347,0x1f0a246f2e7a5e7e4ed3c1ff91b05903a3c77982558029ce7110527f1621a7ac,0xa962cf835132e48fc3710b59c26bfc90d2f14410,0x0c17398ebbcb15078f2ad2c67a26d10623957b21,0x7d7696a4ffe79d4deac802e89d3ce1069d7ff724,7.804914614513296e+18,SONTOKEN,SON,18,182,148379,50000000000,109557,11311659,deprecated,4205492
397,10979191,2020-10-02 22:08:41,0x092456d195a2a9d8f8401ef7699fbbbe00230aa2dbdcc37c51552ef6d6925fc0,348,0xf66a2078d7f23c6a0e35837ee00e1fd8c816ae6ed55dd61b3e7d089dfcb4056f,0xa962cf835132e48fc3710b59c26bfc90d2f14410,0x0c17398ebbcb15078f2ad2c67a26d10623957b21,0x7d7696a4ffe79d4deac802e89d3ce1069d7ff724,7.361836242412101e+18,SONTOKEN,SON,18,156,148379,50000000000,109557,11812066,deprecated,4205482
398,10979212,2020-10-02 22:15:14,0x0acdeda838259e3b41183a49b422d6838861da6d1f7721c094a68a2219eeeb34,349,0xefdc1e15de620074674bdf4f79ca228ed8c8ca6d79f30967ee8f9c783e2c3e09,0xa962cf835132e48fc3710b59c26bfc90d2f14410,0x0c17398ebbcb15078f2ad2c67a26d10623957b21,0x7d7696a4ffe79d4deac802e89d3ce1069d7ff724,6.955463109920072e+18,SONTOKEN,SON,18,165,148379,50000000000,109557,5746213,deprecated,4205461
399,10979604,2020-10-02 23:45:33,0xc92793c9c6ba636f2e8030bf7c070c0eafea5c8c36d9df9d1ba48c922a5f936e,350,0x0a89b734fea4469f1997a2f861b1a64a856e4397682d3e50bbaaa05ab31b43e2,0x045cdd0ecaaf804d6f19c4461d786e6e3b6695dc,0xe75d3b39d017985caf20fac7134ed55b8b47cc26,0x7d7696a4ffe79d4deac802e89d3ce1069d7ff724,2.007541563804566e+18,heavensgate.finance,HATE,18,0,152066,80000000000,124872,124872,deprecated,4205069
400,10980760,2020-10-03 04:11:56,0x9b19487630bb6d6098a908ef055668cc20c1bffb270637a02e07fee8e853cbdf,352,0xf1e5ec25e64e836840242801a3e9cefcd950c3b50aca3a7f5f6391d9b18d47ad,0xa962cf835132e48fc3710b59c26bfc90d2f14410,0x0c17398ebbcb15078f2ad2c67a26d10623957b21,0x7d7696a4ffe79d4deac802e89d3ce1069d7ff724,7.049826663986777e+18,SONTOKEN,SON,18,171,148379,48000001459,109557,11766617,deprecated,4203913
401,10981901,2020-10-03 08:30:04,0x8acb6af8ab675393dd64d755b5b170613abf79593ea5f8f5391de2a0b00bb185,354,0x281eece4767f88ef223a3b9e3f7ac0d75b9d1a0a401791dd101c13dc80cc4ace,0xa962cf835132e48fc3710b59c26bfc90d2f14410,0x0c17398ebbcb15078f2ad2c67a26d10623957b21,0x7d7696a4ffe79d4deac802e89d3ce1069d7ff724,7.373722734267459e+18,SONTOKEN,SON,18,170,148379,46000000000,109557,12174615,deprecated,4202772
402,10983214,2020-10-03 13:25:54,0x66c38a0c9d1a78b254ab013ccdeb84e0215212f0c0bbee95398112f69bebacea,355,0x14895700be5bc9bc19428d4667098ab22243863fcc406f9e8dcbb01cf608fec5,0xdd5d1a256b25e1087fc3b098b443e96cfa73237d,0x1b980e05943de3db3a459c72325338d327b6f5a9,0x7d7696a4ffe79d4deac802e89d3ce1069d7ff724,2.827830468343872e+22,Bitgear,GEAR,18,72,169163,100000000000,116141,4170764,deprecated,4201459
403,10983366,2020-10-03 14:03:23,0x3f20429514ecd08128852f46ecd371b3b11753600bc178229edb20afacd29f7d,356,0x4fec4f94aa0af5aaa716a08b025da2703fe2da6d161b3b17d983689236b037c1,0x7d7696a4ffe79d4deac802e89d3ce1069d7ff724,0xe75d3b39d017985caf20fac7134ed55b8b47cc26,0x045cdd0ecaaf804d6f19c4461d786e6e3b6695dc,2.007541563804566e+18,heavensgate.finance,HATE,18,7,154496,150000000000,112185,683807,deprecated,4201307
404,10983493,2020-10-03 14:33:20,0x053e06f5c08d45feb043623f1514d7e23376c25cf7147dbf73b686001878e2f0,357,0x006e514b04a1d072ec91cc4431b3b86ef600bfe788bd792b0957b567c8114285,0xdd5d1a256b25e1087fc3b098b443e96cfa73237d,0x1b980e05943de3db3a459c72325338d327b6f5a9,0x7d7696a4ffe79d4deac802e89d3ce1069d7ff724,3.2575300471647384e+22,Bitgear,GEAR,18,90,152401,105000000000,113157,5849915,deprecated,4201180
405,10983687,2020-10-03 15:14:42,0xe8a01e944c17d725821827daaa229067c640b9d074c83b9de44b6291d13ec69c,358,0x81223c1fc417b6a25b729907174117d0d3b65adf27c504fa39b06d51a38d2cc6,0x7d7696a4ffe79d4deac802e89d3ce1069d7ff724,0x1b980e05943de3db3a459c72325338d327b6f5a9,0xdd5d1a256b25e1087fc3b098b443e96cfa73237d,6.0853605155086105e+22,Bitgear,GEAR,18,20,170786,150000000000,114978,1838265,deprecated,4200986
406,10984040,2020-10-03 16:31:24,0x6f902f0d6a3e7c283904145721996408a824a0b7a230cc181f1aaeac9559ca46,359,0x7215d5c982036ec6bac6ad3e1506587dcacc46f3cb08d9c9650281a624b9e8d7,0xed66641b26b0d64ed0759b2e6682275f84e4fb73,0x8feef860e9fa9326ff9d7e0058f637be8579cc29,0x7d7696a4ffe79d4deac802e89d3ce1069d7ff724,4.432608518440947e+19,TIMERS,IPM,18,69,155871,85000000000,128278,5613432,deprecated,4200633
407,10984175,2020-10-03 17:02:20,0xa35527b401a2843d9958585454bfc0057ace6a48f78874591b7a6fd995d694eb,362,0x46993c700995455ab4d16d278c469c9400ba7037a5ab61816a2ddf860ed2913c,0x7d7696a4ffe79d4deac802e89d3ce1069d7ff724,0x8feef860e9fa9326ff9d7e0058f637be8579cc29,0xed66641b26b0d64ed0759b2e6682275f84e4fb73,4.432608518440947e+19,TIMERS,IPM,18,32,172539,85000000000,104556,2283157,deprecated,4200498
408,10984226,2020-10-03 17:13:59,0xc7472566223354d72fdbc8fdf3349cf3eb8725a836dda7f0778ef934e761dc26,363,0xc39f28ea7a1cd4b898313c6b869516284079234743b5ccfbb5f63ed68979340b,0xdd5d1a256b25e1087fc3b098b443e96cfa73237d,0x1b980e05943de3db3a459c72325338d327b6f5a9,0x7d7696a4ffe79d4deac802e89d3ce1069d7ff724,6.257355869297441e+22,Bitgear,GEAR,18,46,169163,86000000000,116141,2045080,deprecated,4200447
409,10984960,2020-10-03 20:01:56,0x5bd447fcf66801316223b4454ac7d490e6aa28f57206ebc1e7fe8a26d23645bc,364,0x4c6506d8ba88a1c8c9a165e9c5e83874302ba0c0c7d276eeb2e5fd43e7f5314a,0x7d7696a4ffe79d4deac802e89d3ce1069d7ff724,0x1b980e05943de3db3a459c72325338d327b6f5a9,0xdd5d1a256b25e1087fc3b098b443e96cfa73237d,1.2573e+22,Bitgear,GEAR,18,85,170759,47000000000,129954,5197459,deprecated,4199713
410,10984973,2020-10-03 20:04:30,0x5bfa90fc97f6339c1da41f95db9959607870913adbfc7b0cf4ffd4f955b99723,366,0x1b15db67c4dba26071aedee2e80d90b39accb3d90169ecb9201b5f6e1bf8854c,0xed66641b26b0d64ed0759b2e6682275f84e4fb73,0x8feef860e9fa9326ff9d7e0058f637be8579cc29,0x7d7696a4ffe79d4deac802e89d3ce1069d7ff724,6.894444950639626e+20,TIMERS,IPM,18,55,169298,44000000000,128278,4205373,deprecated,4199700
411,10984989,2020-10-03 20:07:55,0x9f86d229d7cfdff5bcc0a08ade57a45ebb0cfdce60e2a162f25a64b840729cf0,367,0x61ff340cfa2c7b8d163d42a83992046aaa6478815f729bb79bf2fbdf064417be,0xa962cf835132e48fc3710b59c26bfc90d2f14410,0x0c17398ebbcb15078f2ad2c67a26d10623957b21,0x7d7696a4ffe79d4deac802e89d3ce1069d7ff724,6.517189724598418e+18,SONTOKEN,SON,18,51,148379,44000000000,109557,4351601,deprecated,4199684
412,10985698,2020-10-03 22:41:20,0xc0e806d0172abad906c42ccfe315da7050b6c0c36ae4b029c5ba711c8628181a,368,0x76801465595bb28f728ad4a9c1e738340b652c59f0dee6a9d4bd81dcae19050d,0x7d7696a4ffe79d4deac802e89d3ce1069d7ff724,0x8feef860e9fa9326ff9d7e0058f637be8579cc29,0xed66641b26b0d64ed0759b2e6682275f84e4fb73,6.894444950639626e+20,TIMERS,IPM,18,55,172526,43000000000,116560,3200312,deprecated,4198975
413,10985752,2020-10-03 22:55:48,0x2069c33cf7a53efca8fae43253ad82ca1edaceb16cefaef34e8fff04cd390787,369,0xf5052fc1cc246acaa52f66a53062f3a58d0c0ed5f87afd22c1e4ce144f45cc8e,0x6c25cf2160db4a1be0f1317fc301f5a5cdba9199,0x8da25b8ed753a5910013167945a676921e864436,0x7d7696a4ffe79d4deac802e89d3ce1069d7ff724,4.87436522792001e+22,Bellevue Network,BLV,18,55,169975,52000000000,128883,3109174,deprecated,4198921
414,10985959,2020-10-03 23:43:04,0x897fe3d25d02827d53bfed6c74a22b471abba0c54f8190d0de17532f702bda7d,370,0x899ca861d9251986b39f4ff18d41f004056c43500e9dd4ec614f1f3d114d5bac,0x7d7696a4ffe79d4deac802e89d3ce1069d7ff724,0x1b980e05943de3db3a459c72325338d327b6f5a9,0xdd5d1a256b25e1087fc3b098b443e96cfa73237d,5.000055869297441e+22,Bitgear,GEAR,18,166,170786,46000000000,114978,10580350,deprecated,4198714
415,10985967,2020-10-03 23:44:15,0x5d1366c2a93fd908180561de1366e3c2ec99f45b89d4757c6f52829d9c1b3144,371,0x1c82243728c786ccb9698514da40a608c63c8dc714da0171c5d3625bd83b9eed,0x6c25cf2160db4a1be0f1317fc301f5a5cdba9199,0x8da25b8ed753a5910013167945a676921e864436,0x7d7696a4ffe79d4deac802e89d3ce1069d7ff724,2.093030708562183e+23,Bellevue Network,BLV,18,99,153212,44000000000,101867,9428692,deprecated,4198706
416,10986207,2020-10-04 00:39:04,0x0476643c1a18a045c5ffabbef3daaab082d4131cf4c384441bc2bcdb806979b7,374,0x8298fa58e591df67ebaea0b4de0827769fb238fa84a3dcc2b380c8bb09cd547d,0x7d7696a4ffe79d4deac802e89d3ce1069d7ff724,0x8da25b8ed753a5910013167945a676921e864436,0x6c25cf2160db4a1be0f1317fc301f5a5cdba9199,2.580467231354184e+23,Bellevue Network,BLV,18,3,173054,100000000000,117040,455323,deprecated,4198466
417,10986703,2020-10-04 02:33:21,0xcbae61e123ebef0c763f93071c7b2437d14f1addc7bde8e44246c8d7b4018d5a,375,0xb6dc22d2e56014f735e7765d8f456a5d0e2a48e97df4bbce70de5acb3746cb16,0x07f3b1f14e581446b5de02878526e45a71e9e145,0x82427db2a4a08f0414e735054219ea226735b4b3,0x7d7696a4ffe79d4deac802e89d3ce1069d7ff724,7.653300642688096e+18,Investigate Andre Cronje v2,IACv2,18,200,152757,89000000000,113475,10993302,deprecated,4197970
418,10986814,2020-10-04 02:58:01,0x76ab493552b8ac6d6b8423fdc83527fed77e85c0949c0c19cdf30217e2b87970,377,0x65815e71bcf2ffcaf59ab1f1322801874f8425a0c3d380ea2581c47c5f1d8224,0x7d7696a4ffe79d4deac802e89d3ce1069d7ff724,0x82427db2a4a08f0414e735054219ea226735b4b3,0x07f3b1f14e581446b5de02878526e45a71e9e145,7.653300642688096e+18,Investigate Andre Cronje v2,IACv2,18,34,168162,150000000000,112593,1355121,deprecated,4197859
419,10987077,2020-10-04 03:53:33,0x281edce99097b4489a29d65f9d511120d349b7fba7a391cf0703110561423656,378,0x880974e23c748e328cb76f6488f305cf2476602eec9a0ccbd3fcad858617c050,0x5003c2ae45b0d61bff9cea39cc79b1012163bd59,0x3d56b44d1eccdeadffd5be1282762317455cda32,0x7d7696a4ffe79d4deac802e89d3ce1069d7ff724,5.080862533465331e+17,FOMO World,FOMO,0,28,164692,100000000000,124155,1511300,deprecated,4197596
420,10987171,2020-10-04 04:16:00,0x0e7ffe17dad33c81e96c83c608c0510a7dce47a425b0024827f6d74581bde946,380,0xfb9f5f5931379f79ad5d66252f6ace9f1ba9325b1fa5c730628df49c521dab70,0x7d7696a4ffe79d4deac802e89d3ce1069d7ff724,0x3d56b44d1eccdeadffd5be1282762317455cda32,0x5003c2ae45b0d61bff9cea39cc79b1012163bd59,5.080862533465331e+17,FOMO World,FOMO,0,239,154642,63000000000,112318,11101935,deprecated,4197502
421,10989389,2020-10-04 12:32:12,0x3fa38e75dde3501b94f7ba50453b664be9e32a0ec125919818c37c838ede1eda,381,0x3581f678597810f124bee5e31106e8a4ea7197c80fac4919b82dcc79cbdb55c5,0xac596caf434a9c71fd563c0fdfdebeba660b903e,0xac596caf434a9c71fd563c0fdfdebeba660b903e,0x7d7696a4ffe79d4deac802e89d3ce1069d7ff724,5e+18,Predicting Filter,PF,18,133,100000,77000001459,86108,8264498,deprecated,4195284
422,10989776,2020-10-04 13:52:32,0x355ae759c83049d9d32872c2a4c84abc8f4fb8bc450996f0b53823603f07f263,391,0x8dea111c924545c0a34925aead9248e591c80bd4ed03c7b34f3c64ad068d68f6,0x1e7028d1ca87d9c2027290782ed42a6b7da5746b,0xcdcb00f46c717b8d3668ab6ad6be51638962b1a6,0x7d7696a4ffe79d4deac802e89d3ce1069d7ff724,3.882770844620372e+17,Dottery.org,DOTY,18,18,176002,80000000000,134275,1761868,deprecated,4194897
423,10990011,2020-10-04 14:45:47,0x92f293d29b147162ad92feb6b25393105b2eef068859c9253e47513d9ce2167d,393,0x62515786326eabf6d19f2d1d65e7638323ac158aaf764a2e42a8b6661ada482a,0x7d7696a4ffe79d4deac802e89d3ce1069d7ff724,0xcdcb00f46c717b8d3668ab6ad6be51638962b1a6,0x1e7028d1ca87d9c2027290782ed42a6b7da5746b,3.5721491770507424e+17,Dottery.org,DOTY,18,151,182239,70000000000,125084,8898856,deprecated,4194662
424,10990011,2020-10-04 14:45:47,0x92f293d29b147162ad92feb6b25393105b2eef068859c9253e47513d9ce2167d,393,0x62515786326eabf6d19f2d1d65e7638323ac158aaf764a2e42a8b6661ada482a,0x7d7696a4ffe79d4deac802e89d3ce1069d7ff724,0xcdcb00f46c717b8d3668ab6ad6be51638962b1a6,0x71d0eedc3e0d270f486a0bca2c412a3ec391666f,3.1062166756962976e+16,Dottery.org,DOTY,18,151,182239,70000000000,125084,8898856,deprecated,4194662
425,10990989,2020-10-04 18:35:49,0xa261770c55b993162ddde0bc668b9a31ccab63653d4e8938eae1176f4b93a8ba,394,0x4a012500191ecbfef1947f7445feb9d1bbc2448f5bc3ff35b219f2d78960119e,0xbe9ba93515e87c7bd3a0cebb9f61aaabe7a77dd3,0xd7b7d3c0bda57723fb54ab95fd8f9ea033af37f2,0x7d7696a4ffe79d4deac802e89d3ce1069d7ff724,1.088050020605825e+19,PYLON,PYLON,18,9,178173,120000000000,124203,631915,deprecated,4193684
426,10992852,2020-10-05 01:43:59,0x1289a882c9f94201c052be2681991d74a520a702a891a6900e7145bb4c39d1ef,396,0x04100ec6ca317b1f6427bf4f7838276aa9ad4624dea8b0b74ec231778c54f3b6,0x7d7696a4ffe79d4deac802e89d3ce1069d7ff724,0xd7b7d3c0bda57723fb54ab95fd8f9ea033af37f2,0xbe9ba93515e87c7bd3a0cebb9f61aaabe7a77dd3,1.088050020605825e+19,PYLON,PYLON,18,10,179425,100000000000,122832,616696,deprecated,4191821
427,10993278,2020-10-05 03:12:40,0x84e47761080a49046402d9b226dfdaca5ed386a89921b5a6919658eeea0772ef,397,0xd9edb52371897b29ad8f8dbb8c6183dbac1cf5e757d908228a501167a1944443,0xab84b19046a7a2c98aa79e8d3dcb384de329ed69,0x14c4d8e57751e083bcd1edcca5b435720166f5e9,0x7d7696a4ffe79d4deac802e89d3ce1069d7ff724,2.1640913088517455e+18,$SEND,SEND,18,29,152721,100000000000,125459,3538891,deprecated,4191395
428,10993296,2020-10-05 03:19:29,0x7442e8fcf9e8e74379fc81101da58459ed2fa07f08850d460a592e779d92cb67,398,0xbb60cb06f6defbf7d487fa63b9a55b72b68b8c23c5df0c4bfbaaa0ff8c70774a,0xab84b19046a7a2c98aa79e8d3dcb384de329ed69,0x14c4d8e57751e083bcd1edcca5b435720166f5e9,0x7d7696a4ffe79d4deac802e89d3ce1069d7ff724,2.2044259647895816e+18,$SEND,SEND,18,89,149386,64800000000,110459,5889033,deprecated,4191377
429,10993315,2020-10-05 03:23:10,0xb4bfc145e9e9387a0624ab9db7bf7505138423674d05c0e19ad1fd77fa0f3d80,399,0x0c8bf719e4c3c347f9e9a570a4e90753437b03d4b2586cbc0b20e8503a93faaa,0xab84b19046a7a2c98aa79e8d3dcb384de329ed69,0x14c4d8e57751e083bcd1edcca5b435720166f5e9,0x7d7696a4ffe79d4deac802e89d3ce1069d7ff724,2.4680510158009324e+18,$SEND,SEND,18,153,135946,64900000000,110447,8220988,deprecated,4191358
430,10993329,2020-10-05 03:27:19,0x489a4d53cc01836f7d5e6b3f15a409805ac31f4aaa74d529b0dfdc7bd1ae75da,400,0xee13ba531ce398673f243d9907b77a2703b59b6622a36cb47eb230a50ce8cdb8,0xab84b19046a7a2c98aa79e8d3dcb384de329ed69,0x14c4d8e57751e083bcd1edcca5b435720166f5e9,0x7d7696a4ffe79d4deac802e89d3ce1069d7ff724,2.6731511609286697e+18,$SEND,SEND,18,94,149386,65000000000,110459,6188971,deprecated,4191344
431,10993355,2020-10-05 03:33:13,0x976ae95ae62ed413d201cfef9a419418e07fbd55b5dec5adea77308c8372955c,401,0x21e879e2924adcab686ade352fdb2a176cf2e6e42653017d3c087f7841ff8d74,0xab84b19046a7a2c98aa79e8d3dcb384de329ed69,0x14c4d8e57751e083bcd1edcca5b435720166f5e9,0x7d7696a4ffe79d4deac802e89d3ce1069d7ff724,2.554157319496752e+18,$SEND,SEND,18,46,135960,66000000000,110459,2987677,deprecated,4191318
432,10993398,2020-10-05 03:42:21,0xb2c417759965d62b45ec405b93ec274e742e3fd6edf739116cc64bb2ebe80ef4,402,0x990245d25b093a6c70f8f17fb2b570479dbd689e66b8dfc6d99374d3df77398a,0xab84b19046a7a2c98aa79e8d3dcb384de329ed69,0x14c4d8e57751e083bcd1edcca5b435720166f5e9,0x7d7696a4ffe79d4deac802e89d3ce1069d7ff724,2.367372350932221e+18,$SEND,SEND,18,147,135960,65000000000,110459,8552097,deprecated,4191275
433,10993695,2020-10-05 04:55:42,0xdcc6c1663f49308f510e3d848d1ccd3dcaf79e502c88801b78e7f7bc838ffae7,404,0xb67693fb6700fb2615e4a594d745ff5279b2662de22409cc24d8674691d29216,0x7d7696a4ffe79d4deac802e89d3ce1069d7ff724,0x14c4d8e57751e083bcd1edcca5b435720166f5e9,0xab84b19046a7a2c98aa79e8d3dcb384de329ed69,4.4312e+18,$SEND,SEND,18,27,193417,100000000000,150057,1582348,deprecated,4190978
434,10993695,2020-10-05 04:55:42,0xdcc6c1663f49308f510e3d848d1ccd3dcaf79e502c88801b78e7f7bc838ffae7,404,0xb67693fb6700fb2615e4a594d745ff5279b2662de22409cc24d8674691d29216,0x0000000000000000000000000000000000000000,0xab84b19046a7a2c98aa79e8d3dcb384de329ed69,0x7d7696a4ffe79d4deac802e89d3ce1069d7ff724,2.326669548061299e+18,Uniswap V2,UNI-V2,18,27,193417,100000000000,150057,1582348,deprecated,4190978
435,10994396,2020-10-05 07:32:44,0x4752f389b32caf5a0235ee9a96b1fea60521751cdc680a95c3f2c176043594ea,405,0xcc0974096d551c8da873814dc4b1e320b10afa6ca9a3bdc703c379df102df6c0,0x6225f6d7ad5ea259a2227d3f39cf808f3098af6e,0x6a7ef4998eb9d0f706238756949f311a59e05745,0x7d7696a4ffe79d4deac802e89d3ce1069d7ff724,1.3756195714197596e+20,Kenysians Network,KEN,18,173,170782,97800000000,129606,7287021,deprecated,4190277
436,10994927,2020-10-05 09:29:45,0x506f9fa9555aca761d5b15bf6071491fc670d0605f802dd26082536110de71ad,408,0xfaa6fc72642fd2b7e64bc5bf285991dc4a07f22e5455424895eefcf7e16534ae,0x7d7696a4ffe79d4deac802e89d3ce1069d7ff724,0xab84b19046a7a2c98aa79e8d3dcb384de329ed69,0xab84b19046a7a2c98aa79e8d3dcb384de329ed69,2.326669548061299e+18,Uniswap V2,UNI-V2,18,21,225943,150000000000,138504,974519,deprecated,4189746
437,10994927,2020-10-05 09:29:45,0x506f9fa9555aca761d5b15bf6071491fc670d0605f802dd26082536110de71ad,408,0xfaa6fc72642fd2b7e64bc5bf285991dc4a07f22e5455424895eefcf7e16534ae,0x7a250d5630b4cf539739df2c5dacb4c659f2488d,0x14c4d8e57751e083bcd1edcca5b435720166f5e9,0x7d7696a4ffe79d4deac802e89d3ce1069d7ff724,6.656879415590224e+18,$SEND,SEND,18,21,225943,150000000000,138504,974519,deprecated,4189746
438,10994977,2020-10-05 09:40:41,0x60289ca14624f31ee957c4226f2d5b23a2ec2b2491e3241aaf85f5833c3dcd30,409,0x174bb5401cd1e123d7df4fa5b5ffbe8bb8f5a7edc9d7c154bc5e5996169efae6,0x7d7696a4ffe79d4deac802e89d3ce1069d7ff724,0xc8d2ab2a6fdebc25432e54941cb85b55b9f152db,0xc09fb8e468274a683a7570d0b795f8244fbeff9c,4.2544308963080426e+21,GRAP,GRAP,18,43,178402,80000000000,136902,2435382,deprecated,4189696
439,10994998,2020-10-05 09:44:34,0x13bc0f403f5ce2890b7656a447fb4827db0a33765c6df7012b055b05d1f4ca8a,410,0xa50665847eddeade2781be710681428f0e30cf15ffc90483263acb487ba08328,0x7d7696a4ffe79d4deac802e89d3ce1069d7ff724,0x6a7ef4998eb9d0f706238756949f311a59e05745,0x6225f6d7ad5ea259a2227d3f39cf808f3098af6e,1.3756195714197596e+20,Kenysians Network,KEN,18,33,173596,66000000233,117533,1888656,deprecated,4189675
440,10995396,2020-10-05 11:11:58,0x183eaa7e051f9ce3233f48ba0964f71515a1bf110a70aaa52870a48f5515e2f4,411,0x18f867b2d6b583981a6f3c1e70d8378dc572e692262fa38a30bc48908a531bc3,0x91a5db96b660811fe38761b4bd7887efd16820cb,0xeaccb6e0f24d66cf4aa6cbda33971b9231d332a1,0x7d7696a4ffe79d4deac802e89d3ce1069d7ff724,3.3971656521117343e+18,Polyient Games Governance Token,PGT,18,59,151619,100000000000,124472,2230074,deprecated,4189277
441,10995425,2020-10-05 11:17:16,0xf6d683aa1da5d98e8f7acd579313ba73f5c5514ec1dabc06eb72667c9291dfb4,203376,0xbc9c7c4b012df82ce09d831c15a7630797bf10ad20241854c5d2c3018c609bb9,0xb8001c3ec9aa1985f6c747e25c28324e4a361ec1,0xdac17f958d2ee523a2206206994597c13d831ec7,0x7d7696a4ffe79d4deac802e89d3ce1069d7ff724,3013490000.0,Tether USD,USDT,6,64,61209,74000000000,41209,9045244,deprecated,4189248
442,10995488,2020-10-05 11:30:57,0x8f629240cabf17d8c168fc2841b82098895411752f0dc9325babc8add83d673d,416,0xfbf8396adda885ef87e490ba6fff215bd430cffefed1d23ecb1d1fb040316f3b,0x7d7696a4ffe79d4deac802e89d3ce1069d7ff724,0xeaccb6e0f24d66cf4aa6cbda33971b9231d332a1,0x91a5db96b660811fe38761b4bd7887efd16820cb,3.3971656521117343e+18,Polyient Games Governance Token,PGT,18,11,168498,100000000000,112898,901297,deprecated,4189185
443,10995601,2020-10-05 11:55:48,0xb42a8f7c4be61eb570f9761382fb2f0b3fa38eb077cf11acc6459cd87deef002,417,0x5a15b31a774adc368443f25ee9e0df2ced0c7a8589ea014c314b41992851eebb,0x7d611e4cf1c7b94561c4caa5602f329d108336e3,0xed0439eacf4c4965ae4613d77a5c2efe10e5f183,0x7d7696a4ffe79d4deac802e89d3ce1069d7ff724,7.000682530139499e+21,shroom.finance,SHROOM,18,34,164804,80000000000,124255,2335740,deprecated,4189072
444,10995735,2020-10-05 12:30:07,0x6ea68b1b02de6ac89fd8374b6e8e50865dac011458db9c9e3782a2e738c6ac07,419,0xe0ec6da55f2d9719e60746b80fbc9ecc5a294f46fb67ab9ec6429ed52b8518aa,0x7d7696a4ffe79d4deac802e89d3ce1069d7ff724,0xed0439eacf4c4965ae4613d77a5c2efe10e5f183,0x7d611e4cf1c7b94561c4caa5602f329d108336e3,7.000682530139499e+21,shroom.finance,SHROOM,18,72,168165,60080000000,112596,2713160,deprecated,4188938
445,10996165,2020-10-05 14:05:08,0x40ab800f1bb5dfebea23cee62c9818c1c0868c880f4fd5f85f3ed1a0741815eb,420,0x5240bb246d5c9caf8a975f973515fb812ff759271aa4c5294b9d3a60904650af,0xf69ac6702697a4ef6c34c0ef1f6094fcb8a70320,0x79a511d08fd49710d92bfb0bf9f3e8cf229af344,0x7d7696a4ffe79d4deac802e89d3ce1069d7ff724,3350889287119653.0,Hapy,HAPY,18,131,165090,73000001561,124511,7679202,deprecated,4188508
446,10996172,2020-10-05 14:06:55,0xa9ae61e7782a680dd37d72f82c091f643c9dcae43bf16194b8477c61afa984bc,421,0xa3f55810ff26d188a3f8ac9cf79bca5dbf9dcb2cd061ec514360a032072a1310,0xf69ac6702697a4ef6c34c0ef1f6094fcb8a70320,0x79a511d08fd49710d92bfb0bf9f3e8cf229af344,0x7d7696a4ffe79d4deac802e89d3ce1069d7ff724,3225181884048478.0,Hapy,HAPY,18,76,148327,73750000000,109511,3970624,deprecated,4188501
447,10996177,2020-10-05 14:07:34,0x543dc92520c153eb4084205c01c156764601d0ce96f116b9ec0b7d672fade295,422,0xc7f2dea1c7ccfb6a2baf317f90bac52e9bb7c66ba09052023c1960dac7c66cc3,0xf69ac6702697a4ef6c34c0ef1f6094fcb8a70320,0x79a511d08fd49710d92bfb0bf9f3e8cf229af344,0x7d7696a4ffe79d4deac802e89d3ce1069d7ff724,2494308028435049.0,Hapy,HAPY,18,156,148327,81000000000,109511,8706540,deprecated,4188496
448,10997157,2020-10-05 17:41:42,0x8eb386dd778225fbc5fbb2d2f3d38c6d84a93f5841ead3891a8f6d87bb3cd276,424,0xe285831f9d900f3d4f67fe879783e8604044d1ce6fac102ca0b180f1557d0f9e,0x7d7696a4ffe79d4deac802e89d3ce1069d7ff724,0x79a511d08fd49710d92bfb0bf9f3e8cf229af344,0xf69ac6702697a4ef6c34c0ef1f6094fcb8a70320,2500000000000000.0,Hapy,HAPY,18,80,168422,78795000000,127829,4522486,deprecated,4187516
449,10997188,2020-10-05 17:48:28,0x429751b0e0f9f60720b57cc786d224864bc1145159c3bc28bfc4ad667270f330,425,0xe2af53ae8f39dfaca0cf297a34a7e7233168dc17b68657792a040fd8a4e399fb,0x7d7696a4ffe79d4deac802e89d3ce1069d7ff724,0x14c4d8e57751e083bcd1edcca5b435720166f5e9,0xab84b19046a7a2c98aa79e8d3dcb384de329ed69,6.931253488423376e+18,$SEND,SEND,18,80,201727,74000000000,157891,5010090,deprecated,4187485
450,10997188,2020-10-05 17:48:28,0x429751b0e0f9f60720b57cc786d224864bc1145159c3bc28bfc4ad667270f330,425,0xe2af53ae8f39dfaca0cf297a34a7e7233168dc17b68657792a040fd8a4e399fb,0x0000000000000000000000000000000000000000,0xab84b19046a7a2c98aa79e8d3dcb384de329ed69,0x7d7696a4ffe79d4deac802e89d3ce1069d7ff724,2.6409689302461875e+18,Uniswap V2,UNI-V2,18,80,201727,74000000000,157891,5010090,deprecated,4187485
451,10997258,2020-10-05 18:06:38,0x176230b4d754d782ec9fb3d90b70ee77966863bee0c1bb84f14e5f44937cc787,426,0x06020e2cf5251100e526bcca2a29a312bc4b36ceb3e988abb87a48572d9c6c17,0x7d7696a4ffe79d4deac802e89d3ce1069d7ff724,0xab84b19046a7a2c98aa79e8d3dcb384de329ed69,0xab84b19046a7a2c98aa79e8d3dcb384de329ed69,2.6409689302461875e+18,Uniswap V2,UNI-V2,18,52,239160,78000001459,138504,4796652,deprecated,4187415
452,10997258,2020-10-05 18:06:38,0x176230b4d754d782ec9fb3d90b70ee77966863bee0c1bb84f14e5f44937cc787,426,0x06020e2cf5251100e526bcca2a29a312bc4b36ceb3e988abb87a48572d9c6c17,0x7a250d5630b4cf539739df2c5dacb4c659f2488d,0x14c4d8e57751e083bcd1edcca5b435720166f5e9,0x7d7696a4ffe79d4deac802e89d3ce1069d7ff724,6.931253488423376e+18,$SEND,SEND,18,52,239160,78000001459,138504,4796652,deprecated,4187415
453,10999009,2020-10-06 00:38:10,0x59ae4ba9a896c404597631aaf9e7d9729dfeee69a6437d432de6f9510696decd,2,0xb7bf154b59a037ae6df9ff65d550e1b81f6c2da926a0e27511f8784f366b4bbc,0x2fede273d8debdde4a404747119b73bd114af635,0xeaccb6e0f24d66cf4aa6cbda33971b9231d332a1,0x7d7696a4ffe79d4deac802e89d3ce1069d7ff724,1e+19,Polyient Games Governance Token,PGT,18,86,51323,89000000000,36323,6993489,deprecated,4185664
454,10999044,2020-10-06 00:43:52,0xb1b85dd688d3cec2267220268d7d65512ffd4fa01f62c1fa1c21ad30e9c9d08f,427,0xae4695fa80b343b3c8610e19e0c1a65f3023f7f1e5cfa81757dc7b79a7c616a1,0x7d7696a4ffe79d4deac802e89d3ce1069d7ff724,0xeaccb6e0f24d66cf4aa6cbda33971b9231d332a1,0x91a5db96b660811fe38761b4bd7887efd16820cb,3e+18,Polyient Games Governance Token,PGT,18,5,168471,150000000000,127874,552393,deprecated,4185629
455,10999069,2020-10-06 00:49:39,0x94673f32317d7fe65ac280bb6610213bf0c1b4f112b8714237dbd932596b4026,428,0x678d47bd157eabc3428b7ea6160a04dc17f9993691dd3461bda27da7402b3fe3,0x7d7696a4ffe79d4deac802e89d3ce1069d7ff724,0xeaccb6e0f24d66cf4aa6cbda33971b9231d332a1,0x91a5db96b660811fe38761b4bd7887efd16820cb,2e+18,Polyient Games Governance Token,PGT,18,29,168471,86000001561,127874,1782907,deprecated,4185604
456,10999100,2020-10-06 00:56:47,0x475173ef36cbc0da6808afe09221551c2eda520f9274712682025f62087fa474,430,0xbfdee7f15bb4a7b809de008bb7925783653a0dfd6f825f83bb55048de73738aa,0x7d7696a4ffe79d4deac802e89d3ce1069d7ff724,0xeaccb6e0f24d66cf4aa6cbda33971b9231d332a1,0x91a5db96b660811fe38761b4bd7887efd16820cb,3e+18,Polyient Games Governance Token,PGT,18,79,168471,82000001561,127874,8495053,deprecated,4185573
457,10999127,2020-10-06 01:01:43,0x113a2b712097df2b0f62dd037e0423af2ee786825660136fdb753f739fe42d28,431,0x1f9f7ff40d99b7b901cadabfc123a213cb613da8cfcca0cc2b5b364bfec35963,0x7d7696a4ffe79d4deac802e89d3ce1069d7ff724,0xeaccb6e0f24d66cf4aa6cbda33971b9231d332a1,0x91a5db96b660811fe38761b4bd7887efd16820cb,2e+18,Polyient Games Governance Token,PGT,18,31,168471,87000001561,112874,2838998,deprecated,4185546
458,10999450,2020-10-06 02:17:32,0x7b084bcb97a2da2a090cb879ecda441aab88e084b14ee102b3d3a4d0d863475a,433,0xf230a24499aec1b151e3cd5c8f8fe314a9e884c513854235c23f0f9425904bb7,0x7d7696a4ffe79d4deac802e89d3ce1069d7ff724,0xdac17f958d2ee523a2206206994597c13d831ec7,0x9abb5bce728b0ab12bf813d75b8ba55aad32ad1d,500000000.0,Tether USD,USDT,6,86,146961,84100000000,127154,10731814,deprecated,4185223
459,10999450,2020-10-06 02:17:32,0x7b084bcb97a2da2a090cb879ecda441aab88e084b14ee102b3d3a4d0d863475a,433,0xf230a24499aec1b151e3cd5c8f8fe314a9e884c513854235c23f0f9425904bb7,0x9abb5bce728b0ab12bf813d75b8ba55aad32ad1d,0x456b9a5c56534a95a203be504f90c058066ed4fa,0x7d7696a4ffe79d4deac802e89d3ce1069d7ff724,2.0769223430226457e+19,YDEX,YDEX,18,86,146961,84100000000,127154,10731814,deprecated,4185223
460,10999491,2020-10-06 02:27:55,0x06d3ec9804a4824a15040ee8b17d12ada79892756a54922e8efb8259eb80004f,435,0x0a3b84b2fed9af607aa9e6988df1de14e83b5e64dbfa1c54c3bb232ca17b112d,0x7d7696a4ffe79d4deac802e89d3ce1069d7ff724,0xdac17f958d2ee523a2206206994597c13d831ec7,0x9abb5bce728b0ab12bf813d75b8ba55aad32ad1d,500000000.0,Tether USD,USDT,6,155,130199,90000000000,112154,11912041,deprecated,4185182
461,10999491,2020-10-06 02:27:55,0x06d3ec9804a4824a15040ee8b17d12ada79892756a54922e8efb8259eb80004f,435,0x0a3b84b2fed9af607aa9e6988df1de14e83b5e64dbfa1c54c3bb232ca17b112d,0x9abb5bce728b0ab12bf813d75b8ba55aad32ad1d,0x456b9a5c56534a95a203be504f90c058066ed4fa,0x7d7696a4ffe79d4deac802e89d3ce1069d7ff724,2.3399912204964917e+19,YDEX,YDEX,18,155,130199,90000000000,112154,11912041,deprecated,4185182
462,10999553,2020-10-06 02:40:49,0xa9bccc06d3ec76da7aa157e1f549747b1c0067836c3020baa58c2a0acd3c1c1a,436,0x444868756bd8b4c4b810d707bad1b246b6201f156a842ee0ee57b4099578eb56,0x7d7696a4ffe79d4deac802e89d3ce1069d7ff724,0x14c4d8e57751e083bcd1edcca5b435720166f5e9,0xab84b19046a7a2c98aa79e8d3dcb384de329ed69,6.6569e+18,$SEND,SEND,18,123,169353,91000000000,128676,7612821,deprecated,4185120
463,10999650,2020-10-06 03:00:32,0x0371ba405b7e79fdaadc17de2de802b0aa6a0ed6fc609c3dfbb6b33c7f14453a,437,0x981419bf0db33c3c9a1e3164cc1c9a95aa4af36458d001cd6060fe2055b2f3a1,0x7d7696a4ffe79d4deac802e89d3ce1069d7ff724,0x14c4d8e57751e083bcd1edcca5b435720166f5e9,0xab84b19046a7a2c98aa79e8d3dcb384de329ed69,5e+18,$SEND,SEND,18,174,156123,79000000000,128664,9912483,deprecated,4185023
464,10999752,2020-10-06 03:25:50,0x52cd7f510596a96a527b3d2a24c5698748b7e762eb68f331703c49820fa3b6c2,438,0xc732ab166bfe038351f26b69c2807419787fb4f210e14e4968dc351791e14f61,0x7d7696a4ffe79d4deac802e89d3ce1069d7ff724,0x14c4d8e57751e083bcd1edcca5b435720166f5e9,0xab84b19046a7a2c98aa79e8d3dcb384de329ed69,5.000028536390127e+18,$SEND,SEND,18,82,169367,65000001459,113688,8349409,deprecated,4184921
465,10999783,2020-10-06 03:32:53,0xc5e72b7227600db76ab35556e100cdd29983ed73d1dc2581a36937f578471e35,439,0x7ef6207d4caa13fcf0fa1e326679b55c4463cf78b196dd40c13cf58b04f10ca8,0x7d7696a4ffe79d4deac802e89d3ce1069d7ff724,0x79a511d08fd49710d92bfb0bf9f3e8cf229af344,0xf69ac6702697a4ef6c34c0ef1f6094fcb8a70320,6570379199603180.0,Hapy,HAPY,18,109,168435,64003400000,112841,5084379,deprecated,4184890
466,11000234,2020-10-06 05:11:45,0x07074ff23ad73123133d5460757b21622ed77c0efc1c0aa5906d115d282a7f76,440,0x2174198b57b310112718f02d25c8e592cef6f0d0cf02a48d86357e98e6876666,0x7d7696a4ffe79d4deac802e89d3ce1069d7ff724,0xdac17f958d2ee523a2206206994597c13d831ec7,0x3041cbd36888becc7bbcbc0045e3b1f144466f5f,1013490000.0,Tether USD,USDT,6,164,139197,49355000000,132222,10548510,deprecated,4184439
467,11000234,2020-10-06 05:11:45,0x07074ff23ad73123133d5460757b21622ed77c0efc1c0aa5906d115d282a7f76,440,0x2174198b57b310112718f02d25c8e592cef6f0d0cf02a48d86357e98e6876666,0x3041cbd36888becc7bbcbc0045e3b1f144466f5f,0xa0b86991c6218b36c1d19d4a2e9eb0ce3606eb48,0x7d7696a4ffe79d4deac802e89d3ce1069d7ff724,1008270878.0,USD Coin,USDC,6,164,139197,49355000000,132222,10548510,deprecated,4184439
468,11000251,2020-10-06 05:15:26,0xb6f4869e9f2c8b0f565475eca633814b79a96135f942f8168c81235220df6222,442,0x7e80820d57f5f592a2b9570e16772137a87a3c8897ca16ddde9846aad8eebb27,0x7d7696a4ffe79d4deac802e89d3ce1069d7ff724,0xa0b86991c6218b36c1d19d4a2e9eb0ce3606eb48,0x8ce44024c46545e5ab1d16c326ea157dad7b3c00,1008270878.0,USD Coin,USDC,6,6,153984,100000000000,118576,544282,deprecated,4184422
469,11000251,2020-10-06 05:15:26,0xb6f4869e9f2c8b0f565475eca633814b79a96135f942f8168c81235220df6222,442,0x7e80820d57f5f592a2b9570e16772137a87a3c8897ca16ddde9846aad8eebb27,0x8ce44024c46545e5ab1d16c326ea157dad7b3c00,0xa93f2a6b50d92bd64848f5ea15164f558b75ce9c,0x7d7696a4ffe79d4deac802e89d3ce1069d7ff724,3.7775559590860825e+19,thirm,thrm,18,6,153984,100000000000,118576,544282,deprecated,4184422
470,11000277,2020-10-06 05:20:49,0x2337d3d28bbaa3ba56c1e84d89091e01ac54370bb1e59d2b34a753f319bf2e1f,443,0x074b376ade3671bf64c04449db47a3fce668eb9d94ec01049bd9aa5666ecda62,0x7d7696a4ffe79d4deac802e89d3ce1069d7ff724,0xdac17f958d2ee523a2206206994597c13d831ec7,0x3041cbd36888becc7bbcbc0045e3b1f144466f5f,1000000048.0,Tether USD,USDT,6,57,152611,50290000000,117210,4250707,deprecated,4184396
471,11000277,2020-10-06 05:20:49,0x2337d3d28bbaa3ba56c1e84d89091e01ac54370bb1e59d2b34a753f319bf2e1f,443,0x074b376ade3671bf64c04449db47a3fce668eb9d94ec01049bd9aa5666ecda62,0x3041cbd36888becc7bbcbc0045e3b1f144466f5f,0xa0b86991c6218b36c1d19d4a2e9eb0ce3606eb48,0x7d7696a4ffe79d4deac802e89d3ce1069d7ff724,995106218.0,USD Coin,USDC,6,57,152611,50290000000,117210,4250707,deprecated,4184396
472,11000287,2020-10-06 05:22:18,0x9dcd5ab4861cbe9e7a7d42705a3c3313354a56d9df7ad1dd6d38151cac772c07,444,0xb48da77a9a60fe373bd28eff508324521163f4e5f499747e97b502aa5e27ed9e,0x7d7696a4ffe79d4deac802e89d3ce1069d7ff724,0xa0b86991c6218b36c1d19d4a2e9eb0ce3606eb48,0x8ce44024c46545e5ab1d16c326ea157dad7b3c00,995106218.0,USD Coin,USDC,6,54,137222,52000000000,103576,2889495,deprecated,4184386
473,11000287,2020-10-06 05:22:18,0x9dcd5ab4861cbe9e7a7d42705a3c3313354a56d9df7ad1dd6d38151cac772c07,444,0xb48da77a9a60fe373bd28eff508324521163f4e5f499747e97b502aa5e27ed9e,0x8ce44024c46545e5ab1d16c326ea157dad7b3c00,0xa93f2a6b50d92bd64848f5ea15164f558b75ce9c,0x7d7696a4ffe79d4deac802e89d3ce1069d7ff724,3.434317068079296e+19,thirm,thrm,18,54,137222,52000000000,103576,2889495,deprecated,4184386
474,11000413,2020-10-06 05:53:32,0x3eab8965085d4a6059cd47fdd9fc4ac6c5c65c02c731600204d50f2645960d50,446,0x9e02d925fb05da67585ab50fc2eb02e55c58dc5e3a89f936f205eee71b04d873,0x7d7696a4ffe79d4deac802e89d3ce1069d7ff724,0x456b9a5c56534a95a203be504f90c058066ed4fa,0x9abb5bce728b0ab12bf813d75b8ba55aad32ad1d,4.416913563519137e+19,YDEX,YDEX,18,112,153877,62000000000,118402,7766098,deprecated,4184260
475,11000413,2020-10-06 05:53:32,0x3eab8965085d4a6059cd47fdd9fc4ac6c5c65c02c731600204d50f2645960d50,446,0x9e02d925fb05da67585ab50fc2eb02e55c58dc5e3a89f936f205eee71b04d873,0x9abb5bce728b0ab12bf813d75b8ba55aad32ad1d,0xdac17f958d2ee523a2206206994597c13d831ec7,0x7d7696a4ffe79d4deac802e89d3ce1069d7ff724,1073182632.0,Tether USD,USDT,6,112,153877,62000000000,118402,7766098,deprecated,4184260
476,11001045,2020-10-06 08:10:29,0x09d2f9da5891e88fb26988a5b748ddfb3c57213ecac29cc99ab4eb6931544ed5,447,0xa4a2616dc2e6319f407a98a29894a1e441b3424d17e0cda1ca9b69e0c22f2c85,0x7d7696a4ffe79d4deac802e89d3ce1069d7ff724,0xdac17f958d2ee523a2206206994597c13d831ec7,0x9a4a66469e0f89ab415dde904db8ef303b12e1a7,1073180000.0,Tether USD,USDT,6,104,60000,57000001561,41209,6740474,deprecated,4183628
477,11001839,2020-10-06 11:08:01,0x0b012121bd789e18d0b1ff3c19a462939ab89f60251cfb834ca7afec9682547a,448,0xcdbd9c0ac91eebd28555d66cf9a4b6e58ca92b8b2e1acf1070e0f61cc325c256,0x7d7696a4ffe79d4deac802e89d3ce1069d7ff724,0xa93f2a6b50d92bd64848f5ea15164f558b75ce9c,0x8ce44024c46545e5ab1d16c326ea157dad7b3c00,7.211873027165379e+19,thirm,thrm,18,50,140814,200000000000,118711,2821742,deprecated,4182834
478,11001839,2020-10-06 11:08:01,0x0b012121bd789e18d0b1ff3c19a462939ab89f60251cfb834ca7afec9682547a,448,0xcdbd9c0ac91eebd28555d66cf9a4b6e58ca92b8b2e1acf1070e0f61cc325c256,0x8ce44024c46545e5ab1d16c326ea157dad7b3c00,0xa0b86991c6218b36c1d19d4a2e9eb0ce3606eb48,0x7d7696a4ffe79d4deac802e89d3ce1069d7ff724,2190684211.0,USD Coin,USDC,6,50,140814,200000000000,118711,2821742,deprecated,4182834
479,11003089,2020-10-06 15:49:08,0x7d781fed152c480fef5d5c190a7cf78cad30215ea88a133c524883a91e9de1da,449,0x7e31aa0710ea5cfaa5692e03a00f7057c5d22fa6b89904115e9b1bd33d0a999b,0xdcff4c70131b476595b449c7db17cd92663aa513,0x3f09400313e83d53366147e3ea0e4e2279d80850,0x7d7696a4ffe79d4deac802e89d3ce1069d7ff724,6.292292423193537e+20,KUSH.FINANCE,kSEED,18,159,164942,172500000000,124380,9363771,deprecated,4181584
480,11006618,2020-10-07 05:05:20,0xcf81ea08c191790ef4df28c533ef0a1d44ef573f13ce3914c35f240e54a5fb91,451,0x23c22b9349fadb5b6793839c63d8c54bfbc092180e014e23f50a945bf8eaf3f0,0x6225f6d7ad5ea259a2227d3f39cf808f3098af6e,0x6a7ef4998eb9d0f706238756949f311a59e05745,0x7d7696a4ffe79d4deac802e89d3ce1069d7ff724,6.123985028352555e+20,Kenysians Network,KEN,18,142,170782,60950460345,129606,8468105,deprecated,4178055
481,11007127,2020-10-07 06:56:27,0xf1b7916970c36c3c40a553950a53e4a583a76527793bc91b6de909472f430939,452,0x06fac8f278b0f253b2bbf61f87979e4cf1a2f49880ca037c3dfdffbcb27e6ca0,0x7d7696a4ffe79d4deac802e89d3ce1069d7ff724,0x6a7ef4998eb9d0f706238756949f311a59e05745,0x6225f6d7ad5ea259a2227d3f39cf808f3098af6e,6.123985028352555e+20,Kenysians Network,KEN,18,159,173596,54000000000,117533,11776236,deprecated,4177546
482,11007132,2020-10-07 06:57:44,0x247f5665afd4cc263c1c5c2aef920bf7e33a8d7f5afc1c2314c5b4de2ac73c6e,453,0xb2d52a6bfa74c31310de894ba9db78e7939121091ffca331bc485173a74761e3,0x2e0721e6c951710725997928dcaaa05daafa031b,0xe0e4839e0c7b2773c58764f9ec3b9622d01a0428,0x7d7696a4ffe79d4deac802e89d3ce1069d7ff724,1.6327670741728064e+18,EnCore,ENCORE,18,34,243470,54000000000,194652,1986299,deprecated,4177541
483,11009187,2020-10-07 14:43:53,0x61f9289506e97d74143f3c5d09a8b52fdaa5eb46adbd0eac37777e8d8e639127,455,0x44ff9779c9a5aadd32dc8562a182011fbe5c48d4bb7729bd14ab3771f0e9a6b5,0x7d7696a4ffe79d4deac802e89d3ce1069d7ff724,0xe0e4839e0c7b2773c58764f9ec3b9622d01a0428,0x2e0721e6c951710725997928dcaaa05daafa031b,1.6148066363569055e+18,EnCore,ENCORE,18,55,270393,88006400000,205224,4709653,deprecated,4175486
484,11009187,2020-10-07 14:43:53,0x61f9289506e97d74143f3c5d09a8b52fdaa5eb46adbd0eac37777e8d8e639127,455,0x44ff9779c9a5aadd32dc8562a182011fbe5c48d4bb7729bd14ab3771f0e9a6b5,0x7d7696a4ffe79d4deac802e89d3ce1069d7ff724,0xe0e4839e0c7b2773c58764f9ec3b9622d01a0428,0xdef7bdf8ecb450c1d93c5db7c8dbce5894ccdaa9,1.7960437815900872e+16,EnCore,ENCORE,18,55,270393,88006400000,205224,4709653,deprecated,4175486
485,11009298,2020-10-07 15:10:19,0x416c9d38b8ee38f87023329f504043c083f20edb8ffbae2a0ee9981c29b31d39,456,0x7a6e1034a7f4727183545b3264a9fb82a8a6b8f27f19aa37846a8b0d00c76f5b,0xc0bf97bffa94a50502265c579a3b7086d081664b,0x990f341946a3fdb507ae7e52d17851b87168017c,0x7d7696a4ffe79d4deac802e89d3ce1069d7ff724,4.022229512868992e+19,Strong,STRONG,18,144,151726,86000000000,124569,10137451,deprecated,4175375
486,11010212,2020-10-07 18:35:53,0x4b46cc0e7580ddbd0193757439ff26f82f41deb2ccc8685e807f8031f41914c1,458,0x6af0da582ee7d2a2900ab7e03a161be18c535d6456197805e35c555518ee13c4,0x7d7696a4ffe79d4deac802e89d3ce1069d7ff724,0xa0b86991c6218b36c1d19d4a2e9eb0ce3606eb48,0xb4e16d0168e52d35cacd2c6185b44281ec28c9dc,2190684211.0,USD Coin,USDC,6,44,164744,116000000000,121502,2320771,deprecated,4174461
487,11010591,2020-10-07 19:59:50,0xddf2b019fc24138602b7fc77d35d48991c77d93c76ea3a0367fc85c0c7c46882,460,0x92499bfc65be16979f1f0b0c7a16d1eb33e78e9a74d7efb0df3ae4ce840b871e,0x7d7696a4ffe79d4deac802e89d3ce1069d7ff724,0x990f341946a3fdb507ae7e52d17851b87168017c,0xc0bf97bffa94a50502265c579a3b7086d081664b,2.5e+19,Strong,STRONG,18,31,155206,100000000000,127831,2127678,deprecated,4174082
488,11010841,2020-10-07 20:59:38,0x5fcd49a1bdfe7666f7152bcdbf4c96f71892bcca462bc7318845137b31943840,461,0x1b31875c3eadc54b7ebf85f351250d4a1878c4a7022ce141bea3b9aa13c11c2b,0xdd5d1a256b25e1087fc3b098b443e96cfa73237d,0x1b980e05943de3db3a459c72325338d327b6f5a9,0x7d7696a4ffe79d4deac802e89d3ce1069d7ff724,5.9017737148366106e+22,Bitgear,GEAR,18,42,169163,59000000000,116141,3038865,deprecated,4173832
489,11010874,2020-10-07 21:06:17,0xad1a7b9bc6d9e47a4559ef851bb5a891520387b7ae2622dbcf5f7b0116463aac,462,0x4433b5cc2d073a7b905f3fa05c56caf2448808d2075e197c4f2f94866a9ab271,0xdd5d1a256b25e1087fc3b098b443e96cfa73237d,0x1b980e05943de3db3a459c72325338d327b6f5a9,0x7d7696a4ffe79d4deac802e89d3ce1069d7ff724,5.896791502871112e+21,Bitgear,GEAR,18,14,152401,72000000000,113157,709663,deprecated,4173799
490,11019310,2020-10-09 05:09:41,0xb9f6e89c694dcb8242ac54386b9ff8abd8d62d5709366d9288c5b77533c4386d,465,0x363dfecf3cac5a1314f3413d8d137156fc5a71d603f88fee0b7a4166e541c82f,0x7d7696a4ffe79d4deac802e89d3ce1069d7ff724,0x990f341946a3fdb507ae7e52d17851b87168017c,0xc0bf97bffa94a50502265c579a3b7086d081664b,1.5222295128689916e+19,Strong,STRONG,18,23,168437,47000000000,112843,1808522,deprecated,4165363
491,11019314,2020-10-09 05:10:46,0xae3950121a384ddb715204fd78540d1ea247f2a9d4296d40bbeacaa32d43b92d,466,0xb99a2260ae9a2bf3b70820352fa6fdd342a8d103ed0c0985bc9c5d5b4eed55e4,0x164ed0df02b3747315b50b806b79962ad9517578,0x468ab3b1f63a1c14b361bc367c3cc92277588da1,0x7d7696a4ffe79d4deac802e89d3ce1069d7ff724,5.583885664431926e+18,YELD,YELD,18,133,167267,53700000000,126460,5567814,deprecated,4165359
492,11019328,2020-10-09 05:14:52,0x000dbe28aaeb6e34a33dbd2e3a2819d6a2ab8b7292039d8880cd733ee2d91340,274,0x0446098501d5fc525282168a9e307804d6a21beccbaf743ad50b07726bdf7701,0x429dff817d99d24bbfbfc94aa8fdcc14d27f23be,0x468ab3b1f63a1c14b361bc367c3cc92277588da1,0x7d7696a4ffe79d4deac802e89d3ce1069d7ff724,1.248939022e+19,YELD,YELD,18,91,37171,54000000000,37171,5322515,deprecated,4165345
493,11020926,2020-10-09 11:17:04,0x49e94e66ebf377280a3da10c2e67e53509d51887b137fcbb0ea4add0c228cd60,469,0xe79a79a06ea1b9577010e2ebd17a54a2c9feb23491bd466ad46038f8ab4efafc,0x7d7696a4ffe79d4deac802e89d3ce1069d7ff724,0x468ab3b1f63a1c14b361bc367c3cc92277588da1,0x164ed0df02b3747315b50b806b79962ad9517578,1.8073275884431927e+19,YELD,YELD,18,11,155188,92000000000,112814,763882,deprecated,4163747
494,11020943,2020-10-09 11:20:48,0xb527d1bca8b88609d602eb4788806a6a6821a758d4f0443078b2884a14bae564,470,0x88f728af7d664d19719f0aed5dbf7b5b6ff2f4dea6e6f2861325a6c6f286e117,0x414fbf662fc98415dbee27c72013a6f3a937ed66,0x2a7f709ee001069771ceb6d42e85035f7d18e736,0x7d7696a4ffe79d4deac802e89d3ce1069d7ff724,2.528453131557347e+21,OWL Token,OWL,18,146,152726,77000001459,125463,10797167,deprecated,4163730
495,11021324,2020-10-09 12:45:13,0x4a32ddcb0621bcb5cefa6604adccb5409a16a8a5f0ceba5e60cbacf7154e10f3,471,0x92c1624059e91cd1d4bce8fd3d9b2d12ecf275f4f66b60ccfdbd4613a6a26180,0x5cbefe14c66ba706e79ca4237ff10f218461014a,0x3108ccfd96816f9e663baa0e8c5951d229e8c6da,0x7d7696a4ffe79d4deac802e89d3ce1069d7ff724,3.4065747588460057e+19,DarkToken,DARK,18,170,167101,98000000000,126311,12098264,deprecated,4163349
496,11021365,2020-10-09 12:53:17,0xaabe2a4ed393b6d141b843d773678b6f4a86f92b5dc7c257a393db6001eb899d,474,0xec7abf502f497824b099cf76fe01aedd967335403ca9aa826f0f024688dc46f8,0x7d7696a4ffe79d4deac802e89d3ce1069d7ff724,0x2a7f709ee001069771ceb6d42e85035f7d18e736,0x414fbf662fc98415dbee27c72013a6f3a937ed66,2.528453131557347e+21,OWL Token,OWL,18,60,169464,128910000000,113777,3088645,deprecated,4163308
497,11021377,2020-10-09 12:56:30,0xc24b7563955274b33a453e3899c984106a5bd2cdb7a7f5016352cfdfd709256e,476,0xf6b04c142205e02496bb6775ac806e71b7123c667d562fa3079cdebf57602f25,0x7d7696a4ffe79d4deac802e89d3ce1069d7ff724,0x3108ccfd96816f9e663baa0e8c5951d229e8c6da,0x5cbefe14c66ba706e79ca4237ff10f218461014a,3.4065747588460057e+19,DarkToken,DARK,18,181,170369,105000002694,114599,12018265,deprecated,4163296
498,11021396,2020-10-09 13:00:08,0x071e8a68e29ed38535ea3e7dce54cefde034f2c61cc01dc8e08ab6e56a1262cf,477,0x3af87a657e14a9855653f1b0df6dfe21cd02c4c9649347d13ab05c349aaf624b,0x85609c626b532ca8bea6c36be53afdcb15dd4a48,0x3383c5a8969dc413bfddc9656eb80a1408e4ba20,0x7d7696a4ffe79d4deac802e89d3ce1069d7ff724,6.835284064133598e+22,Wrapped ANATHA,wANATHA,18,180,172188,108000000000,130864,10245529,deprecated,4163277
499,11021413,2020-10-09 13:04:01,0xc3c5b90cc763b7cc52c80950cbef58ec8b67079f48069ef9101c878bfd5f7192,478,0xa7faf8e4cb18269b8339a8f98fdfa7232fa0e8195ba0efb8495564b4957f8654,0x7d7696a4ffe79d4deac802e89d3ce1069d7ff724,0x1b980e05943de3db3a459c72325338d327b6f5a9,0xdd5d1a256b25e1087fc3b098b443e96cfa73237d,6.491452865123721e+22,Bitgear,GEAR,18,72,170786,139142857143,114978,3423975,deprecated,4163260
500,11021423,2020-10-09 13:05:13,0x8340503e18ff4540f9bed68ad57aa14468eedbe384dd2d5bf1d04630be21264f,479,0xf5ddefca70cb6200a4f1cb0b8e1b41cf365b5a1912393cb5321baadf138c2a85,0x85609c626b532ca8bea6c36be53afdcb15dd4a48,0x3383c5a8969dc413bfddc9656eb80a1408e4ba20,0x7d7696a4ffe79d4deac802e89d3ce1069d7ff724,6.023523058652013e+22,Wrapped ANATHA,wANATHA,18,142,155426,150000000000,115864,4028592,deprecated,4163250
501,11024282,2020-10-09 23:44:40,0x40530ccad312382896635fce8d13d65cb28363d8ef15cb042deb309584a15e04,480,0xf659653ca72b3acafcbc360fc0c0d5b2e9657f34d7543a62901f56662615d44c,0x7d7696a4ffe79d4deac802e89d3ce1069d7ff724,0x3383c5a8969dc413bfddc9656eb80a1408e4ba20,0x85609c626b532ca8bea6c36be53afdcb15dd4a48,1.285880712278561e+23,Wrapped ANATHA,wANATHA,18,91,175293,41000000000,119076,4420106,deprecated,4160391
502,11025128,2020-10-10 02:57:50,0x2df1bde0a854323c9790cbaba4b0e78d2c9afdd341bfa9e7575b3b6215f3a61d,482,0xe72deea74855b60f925df8c4135c0bb64e3a150974b59473f6c47c0a00466c1a,0x30ee4e8e49d81312b93f41778f6446827a080ade,0xae66bea480f7a6c91f07c58f2aee185883558fb8,0x7d7696a4ffe79d4deac802e89d3ce1069d7ff724,2.7719401667679936e+16,EarnDefiCoin,EDC,18,116,165572,62000001561,124943,7337741,deprecated,4159545
503,11030339,2020-10-10 22:08:40,0x91b0fd9e443f0ee51d22913431b433e1bea04f8b6126f6272b5fced5a54ac19b,484,0x4a628ad0dafad58fda66766fe47a5c3a020fb42e38499c35509c34fed3b423f6,0x5cbefe14c66ba706e79ca4237ff10f218461014a,0x3108ccfd96816f9e663baa0e8c5951d229e8c6da,0x7d7696a4ffe79d4deac802e89d3ce1069d7ff724,8.862624917580464e+19,DarkToken,DARK,18,15,167101,100000000000,114295,992695,deprecated,4154334
504,11032341,2020-10-11 05:40:14,0x6fc50958b59d2fdee3143a7e752d306fb642c4471004fa72169d5359568de20c,486,0xa7b8a00dc1042cd55db12aeb61122e6a3b0ffb527a84beee9c5a6bbd96b97398,0x7d7696a4ffe79d4deac802e89d3ce1069d7ff724,0x3f09400313e83d53366147e3ea0e4e2279d80850,0x538b4b507d57bf9ebd8847ec395b7b061c150181,1e+18,KUSH.FINANCE,kSEED,18,30,112650,33000001561,102650,2184832,deprecated,4152332
505,11032345,2020-10-11 05:40:37,0x63127c6108504cc1417b1c7dee52906e0cdff9861de00e142b22cab160876741,487,0x5ab55f63c1bc96c4c13d85a37d3e75fb2f8235c29af6a0d20cd08bf37aa7a90f,0x538b4b507d57bf9ebd8847ec395b7b061c150181,0x3f09400313e83d53366147e3ea0e4e2279d80850,0x7d7696a4ffe79d4deac802e89d3ce1069d7ff724,1e+18,KUSH.FINANCE,kSEED,18,63,96322,33000001561,71322,4286516,deprecated,4152328
506,11032351,2020-10-11 05:42:28,0x4d814e1c5b8a79767fb72f6a0296ee72ce0054c9c4c518e5ba10c8271385ecb8,488,0x7b665e3ebed867d5d7bdbe53edb71d230dfe278f43c28681a2b6ba5a739bccda,0x7d7696a4ffe79d4deac802e89d3ce1069d7ff724,0x3f09400313e83d53366147e3ea0e4e2279d80850,0x538b4b507d57bf9ebd8847ec395b7b061c150181,6.292292423193537e+20,KUSH.FINANCE,kSEED,18,100,97686,33000001561,72686,7333259,deprecated,4152322
507,11034694,2020-10-11 14:16:53,0x441fad9c7a2acb135ce6dc95aeb04e46088174c27104e4971008d2a634937bb9,45,0xf5bb2aa17f38a7a857c8ae5a64f93d1deb8e2fedb44b982caa265036822ed290,0xd152f549545093347a162dce210e7293f1452150,0x33c2da7fd5b125e629b3950f3c38d7f721d7b30d,0x7d7696a4ffe79d4deac802e89d3ce1069d7ff724,2.5e+17,Seal Finance,Seal,18,66,5587050,61000000000,5252668,8860299,deprecated,4149979
508,11034731,2020-10-11 14:25:13,0xcd3d50c54ea56c9b98ea6b28089e4e78c643c3f694fc22345c36e98da9ebbde0,490,0xec500348f2c569b2dd4fbb72fe0cb285702079c2369324cfd8c8b6117b2f73bf,0x7d7696a4ffe79d4deac802e89d3ce1069d7ff724,0x33c2da7fd5b125e629b3950f3c38d7f721d7b30d,0x39192f8270865c1006601618e8dccb22c7794fb9,2.5e+17,Seal Finance,Seal,18,86,159987,56000000000,105161,5665552,deprecated,4149942
509,11035155,2020-10-11 15:58:58,0xa402f2f5ac4c0fca595f1b25452b5182c89fc4aa254b3586e9678e6ee83d525b,491,0xbefd729f4af67499ebd0ee3393c900e19dad74d68891f1f48f5c83ab4165cb14,0x7d7696a4ffe79d4deac802e89d3ce1069d7ff724,0x3108ccfd96816f9e663baa0e8c5951d229e8c6da,0x5cbefe14c66ba706e79ca4237ff10f218461014a,8.862624917580464e+19,DarkToken,DARK,18,38,170369,100000000000,102583,2375558,deprecated,4149518
510,11035281,2020-10-11 16:24:13,0x4b784900f211b68a6ba74759b74a2874ce1a3642fedf0a4c7c85575768a3f7f5,492,0x63ae61596f539bcb3bb71b683d8d851679714da0f735d4667d528ced5a67d935,0xe3d5291a2e4c1766ecf060f354d2ce38add96914,0x81313f7c5c9c824236c9e4cba3ac4b049986e756,0x7d7696a4ffe79d4deac802e89d3ce1069d7ff724,1.0717186292432023e+20,HippoFinance,HIPPO,18,27,164837,100000000000,112269,1251209,deprecated,4149392
511,11035403,2020-10-11 16:47:21,0xfe83bd43436c684ba2b5614ef7bf5e0dd0428363d77eb511cb367473ff9d88c6,494,0xb447c4ceab0473bb0c26af87855b29d5cd6c32b2c2899aae25eb8c0176af2e0c,0x502fd0302624db0b27c9652e0924872b5d3fb728,0xa09ff006c652496e72d648cef2f4ee6777efdf6f,0x7d7696a4ffe79d4deac802e89d3ce1069d7ff724,5.67692665621137e+18,decraft.finance,CRAFT,18,1,191803,150000000000,160433,650698,deprecated,4149270
512,11035460,2020-10-11 17:01:04,0x37591bd4c7a45c8c0a30cceee0f065e79e2dce5599efb7560a32737c04fa9256,496,0x7b07875c50601bc032f59cd81b486bedadc54a557912ad7f55ab3ad3e2430bc9,0x7d7696a4ffe79d4deac802e89d3ce1069d7ff724,0xa09ff006c652496e72d648cef2f4ee6777efdf6f,0x502fd0302624db0b27c9652e0924872b5d3fb728,5.591772756368199e+18,decraft.finance,CRAFT,18,222,248998,55000001561,173758,9760313,deprecated,4149213
513,11035460,2020-10-11 17:01:04,0x37591bd4c7a45c8c0a30cceee0f065e79e2dce5599efb7560a32737c04fa9256,496,0x7b07875c50601bc032f59cd81b486bedadc54a557912ad7f55ab3ad3e2430bc9,0x7d7696a4ffe79d4deac802e89d3ce1069d7ff724,0xa09ff006c652496e72d648cef2f4ee6777efdf6f,0xfa45e06e8550820482311940d24db90c755804b0,8.515389984317054e+16,decraft.finance,CRAFT,18,222,248998,55000001561,173758,9760313,deprecated,4149213
514,11035476,2020-10-11 17:04:26,0xc2ffb01ac3d3ef01f9a57d17396dbb625aaa9104e058253c69f5fdbc90e656bc,497,0x57d609c36f02918d32d6c7f593daa33d21c722e315f11b0ab172535a921b38ff,0xe3d5291a2e4c1766ecf060f354d2ce38add96914,0x81313f7c5c9c824236c9e4cba3ac4b049986e756,0x7d7696a4ffe79d4deac802e89d3ce1069d7ff724,8.546219032050906e+19,HippoFinance,HIPPO,18,57,148075,57660000000,109285,4199162,deprecated,4149197
515,11037721,2020-10-12 01:10:42,0x1b043d0e39cd2522dd19f86d14abbcabcf01f9386d6dc86c562ef46e3fd40863,499,0x1ee2b3db60ba40387e4fe20dfc158682f8a909d48f4699c9509c8f9972628e2d,0x7d7696a4ffe79d4deac802e89d3ce1069d7ff724,0x81313f7c5c9c824236c9e4cba3ac4b049986e756,0xe3d5291a2e4c1766ecf060f354d2ce38add96914,1.926340532448293e+20,HippoFinance,HIPPO,18,13,168026,100000000000,112469,1288518,deprecated,4146952
516,11039141,2020-10-12 06:28:20,0x02f161da61696115d335e7c33d30cdb18dad70241a820aeae2a0f30ced91fa40,500,0xdeb2b1ff911f950ed65c2ac9fef3e476fcba4ab30f054ab2b53cf62d0f59886d,0xe3d5291a2e4c1766ecf060f354d2ce38add96914,0x81313f7c5c9c824236c9e4cba3ac4b049986e756,0x7d7696a4ffe79d4deac802e89d3ce1069d7ff724,1.1360861397196407e+20,HippoFinance,HIPPO,18,146,164837,46000000000,124285,8088606,deprecated,4145532
517,11039149,2020-10-12 06:30:15,0x65269173d8e31685ca1e8f2091181ad5b574901e170e809deee99e3ac5d418bb,501,0xa3831ed8d19f3aaec05ee3330e4c644e67b35fa14ccc3cd74a571ed7158bfb54,0xe3d5291a2e4c1766ecf060f354d2ce38add96914,0x81313f7c5c9c824236c9e4cba3ac4b049986e756,0x7d7696a4ffe79d4deac802e89d3ce1069d7ff724,1.0221100330866878e+20,HippoFinance,HIPPO,18,178,148075,46000000000,97269,8282764,deprecated,4145524
518,11039760,2020-10-12 08:42:18,0x63d3316f4e1cf5a4882b43204de65d9d484b3f18bc8ac6d46fac078662c2008b,34795,0x08baa22f2d14a9ed8d6a0974bad095dbf92a25fe61e078692c4b25bc52c970d9,0xc3462da2baac16770caf09c6349241945c0714f7,0xdac17f958d2ee523a2206206994597c13d831ec7,0x7d7696a4ffe79d4deac802e89d3ce1069d7ff724,3401870000.0,Tether USD,USDT,6,63,120000,43200000000,41209,4245967,deprecated,4144913
519,11039834,2020-10-12 09:00:21,0xb04bbd23c8361f0ff6bde4797f216822f9d1b1b9356ab9c61e180e69c5011605,502,0x9684d4cc204b2076ff9387c5ae71e85b71ec13dc5c42a5aee3f7a6b6ab14fad0,0x7d7696a4ffe79d4deac802e89d3ce1069d7ff724,0xdac17f958d2ee523a2206206994597c13d831ec7,0x0d4a11d5eeaac28ec3f61d100daf4d40471f1852,3401872632.0,Tether USD,USDT,6,218,153411,52500000000,99183,11946282,deprecated,4144839
520,11039859,2020-10-12 09:05:36,0x9cc87746a03a8b1978a59a6265091bfd846b1ae1793ccb4de0a09f227112f01a,503,0xce115ca32f0a84d0231ed6867e2ed14b17fcb3f65e1c82733a57cb65e395791b,0xe3d5291a2e4c1766ecf060f354d2ce38add96914,0x81313f7c5c9c824236c9e4cba3ac4b049986e756,0x7d7696a4ffe79d4deac802e89d3ce1069d7ff724,1.8775136670944585e+20,HippoFinance,HIPPO,18,181,148075,54000000000,109285,9846094,deprecated,4144814
521,11041357,2020-10-12 14:37:09,0x3976601adc0313809c454fb12683a5cb6e378f4defb4128118a80ac90e8465b9,34829,0x475b4a5356a8d8ef47b79b7364dc056df36c8ff3896a79c329eed2b19e719e3a,0xc3462da2baac16770caf09c6349241945c0714f7,0xdac17f958d2ee523a2206206994597c13d831ec7,0x7d7696a4ffe79d4deac802e89d3ce1069d7ff724,643090000.0,Tether USD,USDT,6,26,120000,115200000001,56209,1410213,deprecated,4143316
522,11041397,2020-10-12 14:46:15,0x19d4dc1528e458c136be8df5b0979ce65d5161b91b124ff3b1c6f1a6d673d3d4,504,0x4379fe9c70f5ab0bd93b2ceb8bc41682e3be867f63a1799cdcad9eb41a825ede,0x7d7696a4ffe79d4deac802e89d3ce1069d7ff724,0xdac17f958d2ee523a2206206994597c13d831ec7,0x2ebdf0c4b996b66c93a9c95300a389b00bee7e31,643000000.0,Tether USD,USDT,6,32,60000,110000001561,56197,2385255,deprecated,4143276
523,11041711,2020-10-12 15:58:34,0x9e76857cdcc84f12676146a2ea926f7b440b231791855377b2bf8fdf7389aceb,506,0x57e695d62416512c10a4b8343237b59d1dd3785364995fd998a2e94be6525a17,0x486792bcdb13f8aacf85288d98850fa2804f95c7,0x054f76beed60ab6dbeb23502178c52d6c5debe40,0x7d7696a4ffe79d4deac802e89d3ce1069d7ff724,6.960277295583717e+20,DeFiner,FIN,18,81,164885,115000000000,124329,4257423,deprecated,4142962
524,11041740,2020-10-12 16:05:06,0xd21fb0051edda474932b42d2ca50e1c093691161091427211ef5435c8f367371,508,0xb077bb586a382a2202a2d124d421546eca4992d7479728e7f2ba6692e2932183,0x7d7696a4ffe79d4deac802e89d3ce1069d7ff724,0x054f76beed60ab6dbeb23502178c52d6c5debe40,0x486792bcdb13f8aacf85288d98850fa2804f95c7,6.960277295583717e+20,DeFiner,FIN,18,69,154882,115500000000,112536,7681216,deprecated,4142933
525,11041780,2020-10-12 16:13:33,0xd2f7f056833204acf7bdbf7401d0d7a9bdc6eaff949c91b80b673f98000dbaae,509,0x7d90cb159691a2e8a4cef41c9cdf6c741ec69b804b4b8e67203d2370168f0212,0xc0bf97bffa94a50502265c579a3b7086d081664b,0x990f341946a3fdb507ae7e52d17851b87168017c,0x7d7696a4ffe79d4deac802e89d3ce1069d7ff724,3.1090353237083103e+19,Strong,STRONG,18,34,151726,120078560000,124569,4444529,deprecated,4142893
526,11042971,2020-10-12 20:38:50,0xda702c9ec51f0c4c8ca2086f9c00b6194719bb4d0b47be630b9826160027adb1,510,0xfd76ac11453c4953d2ad0aea6fd63e12b08404ad53abcab80847e05e38bae0e3,0x7d7696a4ffe79d4deac802e89d3ce1069d7ff724,0x990f341946a3fdb507ae7e52d17851b87168017c,0xc0bf97bffa94a50502265c579a3b7086d081664b,3.1090353237083103e+19,Strong,STRONG,18,59,168450,50888000000,112855,7227663,deprecated,4141702
527,11043046,2020-10-12 20:53:30,0x01b536b3469052675cb248d8c35f1c4504fa55379865360f2d21c0ada25d394a,511,0xb8f2a23ed18c31474afe3acdcd883fd7fac8fb3b434464500db810b7a435a7c9,0xe3d5291a2e4c1766ecf060f354d2ce38add96914,0x81313f7c5c9c824236c9e4cba3ac4b049986e756,0x7d7696a4ffe79d4deac802e89d3ce1069d7ff724,1.8429763291869993e+20,HippoFinance,HIPPO,18,123,148075,52000000000,97269,11842833,deprecated,4141627
528,11050827,2020-10-14 01:29:21,0xc57ea5b9dae5d02dbc4f3e07ffbea39cbc3bcc763585f1d75cba8bfe3d9ee4f7,512,0x095a0bce68eb0db462e89f5256c290c40ef1c5993eb9f11ec9c75b723a106de3,0x7d7696a4ffe79d4deac802e89d3ce1069d7ff724,0x81313f7c5c9c824236c9e4cba3ac4b049986e756,0xe3d5291a2e4c1766ecf060f354d2ce38add96914,3e+20,HippoFinance,HIPPO,18,0,167999,200000000000,127445,127445,deprecated,4133846
529,11050970,2020-10-14 02:01:09,0x0139744ae4b9b621b28f5ed25d3b565052fb3c091b0165ada9993cf33461b95f,514,0x53ff2db0346069925b32e2882454749e9f38472e36c2e9bdecbd0718eeb18c18,0x7d7696a4ffe79d4deac802e89d3ce1069d7ff724,0x81313f7c5c9c824236c9e4cba3ac4b049986e756,0xe3d5291a2e4c1766ecf060f354d2ce38add96914,2.878686169087786e+20,HippoFinance,HIPPO,18,38,168026,47000001561,112469,3407483,deprecated,4133703
530,11052912,2020-10-14 09:06:32,0x35d3a4f9016a134e3e2a6afe4a620f83494faea080a1fe9571db2988f46f32d2,519,0x031146570f197ff6a64443bd412b8f7a1e8787a92a364bfe3495ffa191170422,0x41f8d14c9475444f30a80431c68cf24dc9a8369a,0xdac17f958d2ee523a2206206994597c13d831ec7,0x7d7696a4ffe79d4deac802e89d3ce1069d7ff724,4762124783.0,Tether USD,USDT,6,74,344992,42000003233,272392,4745512,deprecated,4131761
531,11053081,2020-10-14 09:42:39,0x148a5a195fbcb2a30891035dce364764c1a3a3963da637dc1ca91762c783b1ca,520,0x00002d8682f395f73a7aba128e4a01caa78dafaf62e6fa677bc91d6faa05e801,0x41f8d14c9475444f30a80431c68cf24dc9a8369a,0xdac17f958d2ee523a2206206994597c13d831ec7,0x7d7696a4ffe79d4deac802e89d3ce1069d7ff724,1216998307.0,Tether USD,USDT,6,179,344992,39600003233,272392,10290576,deprecated,4131592
532,11054611,2020-10-14 15:28:50,0x27af2214dd1cc3f655ac3da0d5982fb91e94ba6c837a06c7765b80b81f314f57,16300,0x259b1528ef95ec2958d5fb315b3353e40bb63d720e9571653f909036c52f7b2a,0x7d7696a4ffe79d4deac802e89d3ce1069d7ff724,0xdac17f958d2ee523a2206206994597c13d831ec7,0x41f8d14c9475444f30a80431c68cf24dc9a8369a,2000000000.0,Tether USD,USDT,6,132,450000,82500000000,272695,8946819,deprecated,4130062
533,11054619,2020-10-14 15:31:11,0x5fa816745d6f6c543cc06a44dec40acd16ddca789face71f632612b834719dee,521,0xcbe05a5ccf5f053db21b897b81fd952ff4b177e54675f956a6b42d549771debd,0x3e324bf3c5ce407289717cefb2b70af64aed8120,0xb1e9157c2fdcc5a856c8da8b2d89b6c32b3c1229,0x7d7696a4ffe79d4deac802e89d3ce1069d7ff724,1.201533321028439e+22,Zenfuse Trading Platform Token,ZEFU,18,8,165149,104000001561,124565,475973,deprecated,4130054
534,11056627,2020-10-14 22:47:13,0x234ac80772c258930bfc1606b3b4f3e84061e37272285c5e28b8e00eaca2d290,5311,0x3f4b1a88361ac8e1d9518d01f7f330eb2a5a34bc1197caf1432bbd31ba03eb5b,0x7d7696a4ffe79d4deac802e89d3ce1069d7ff724,0xdac17f958d2ee523a2206206994597c13d831ec7,0x41f8d14c9475444f30a80431c68cf24dc9a8369a,720000000.0,Tether USD,USDT,6,59,450000,22000000000,272719,4653830,deprecated,4128046
535,11056646,2020-10-14 22:51:29,0x5d5759bbebc19c55c9b99795d8e724eb7cff339a14e57f5185acb682018c5826,523,0x5eacfcfc0c548add552632813374f8794c9fa738a473ff2a9f1389feedc66651,0x41f8d14c9475444f30a80431c68cf24dc9a8369a,0xdac17f958d2ee523a2206206994597c13d831ec7,0x7d7696a4ffe79d4deac802e89d3ce1069d7ff724,749772876.0,Tether USD,USDT,6,160,343339,24576001482,270739,9068695,deprecated,4128027
536,11057319,2020-10-15 01:09:26,0xbb9a1d7e53ee36fda6f9809faea90d0a79209643d16f50fb100fa799d50c70db,524,0x581d3aa4a3c3a52759c7e96b080a3a2eb11de268b5a087926b4a612ad0dd5f6d,0x7d7696a4ffe79d4deac802e89d3ce1069d7ff724,0xb1e9157c2fdcc5a856c8da8b2d89b6c32b3c1229,0x3e324bf3c5ce407289717cefb2b70af64aed8120,1.201533321028439e+22,Zenfuse Trading Platform Token,ZEFU,18,7,155228,100000000000,112851,425313,deprecated,4127354
537,11057347,2020-10-15 01:15:54,0x6bd2bf08c1251364a1e8ba2341c974c1b3790b811444c4f10500a7690d04008a,525,0x1e2ca67ce6c0e0e449d49bc062e8e0a9a47201099483104ec5fa723f99f0c0f0,0xccdcbdf3ebd11cce6a55b477b1427c0a4e0e2829,0x31497f218c005fe3d5ee87e5a33e133a909a7a4b,0x7d7696a4ffe79d4deac802e89d3ce1069d7ff724,35868524228.0,Digital Twin Agreement,DTA,8,93,166063,50000000000,125382,6644774,deprecated,4127326
538,11058970,2020-10-15 07:13:57,0xb408b28b7595da61b2bf80401e45a3b829f0bf811e07a61969a79ee7cc75b892,528,0x9e1ee3ac4a15bb08a1c75611946287797d939055e68201e705b9028e04c77bdc,0x7d7696a4ffe79d4deac802e89d3ce1069d7ff724,0x31497f218c005fe3d5ee87e5a33e133a909a7a4b,0xccdcbdf3ebd11cce6a55b477b1427c0a4e0e2829,5800000000.0,Digital Twin Agreement,DTA,8,1,155021,100000000000,127663,255530,deprecated,4125703
539,11059062,2020-10-15 07:34:30,0xd4d46ee3fcc51678e167d8bbee54e50ae6e25c99d68a74c0b7338ba4b9e89012,529,0x16dbd3fcf40c674f3c4c4c2fdf81dffa45c9b42f06c748ea4f90b5fd23cfa805,0x7d7696a4ffe79d4deac802e89d3ce1069d7ff724,0x31497f218c005fe3d5ee87e5a33e133a909a7a4b,0xccdcbdf3ebd11cce6a55b477b1427c0a4e0e2829,5000000000.0,Digital Twin Agreement,DTA,8,261,168239,71000000000,115647,8350755,deprecated,4125611
540,11059105,2020-10-15 07:46:12,0x51f6ccf857a11d1944a1bcd6f7e9cf453bb12298bc9403ae6babf1ff12f66250,530,0x8722a555559bbefbb947295154f161db1b301cff0bd17af763b890a66db50813,0x7d7696a4ffe79d4deac802e89d3ce1069d7ff724,0x31497f218c005fe3d5ee87e5a33e133a909a7a4b,0xccdcbdf3ebd11cce6a55b477b1427c0a4e0e2829,5000000000.0,Digital Twin Agreement,DTA,8,193,168226,75000000000,127651,8241192,deprecated,4125568
541,11063232,2020-10-15 22:48:54,0x5ffde1c98d6e635ede44c5eb8307a00beec7a0190a9fab9026b38f15a0087e6e,532,0x9fe1bf681b98e817f95af5e9376f25bdd31b50c94fb3d791fa64ca74ad205cf6,0x23d15edceb5b5b3a23347fa425846de80a2e8e5c,0xeef9f339514298c6a857efcfc1a762af84438dee,0x7d7696a4ffe79d4deac802e89d3ce1069d7ff724,3.1284258221598704e+20,Hermez Network Token,HEZ,18,11,151274,100000000000,112147,1051364,deprecated,4121441
542,11063245,2020-10-15 22:51:33,0x352a0fcaefd8386e37e66b8916956bb50c7cd0d2bcf60cb27f6b5040bcb36d9c,533,0x90bfda168d2bbc26c9d2bff2bcd4c277df45075341ebe9d8e286a53aff6035fd,0x23d15edceb5b5b3a23347fa425846de80a2e8e5c,0xeef9f339514298c6a857efcfc1a762af84438dee,0x7d7696a4ffe79d4deac802e89d3ce1069d7ff724,4.715533327900383e+20,Hermez Network Token,HEZ,18,0,134512,100000000000,109163,109163,deprecated,4121428
543,11065371,2020-10-16 06:49:11,0x1194a008566d3606888093fea76be36c077addb921338c75551dfb268d6b47f6,2387,0xb7318da8c04ccac3affe828bb090b6dc932d0afe3a1757eb53dc0bd67754d3c6,0x7d7696a4ffe79d4deac802e89d3ce1069d7ff724,0xdac17f958d2ee523a2206206994597c13d831ec7,0x41f8d14c9475444f30a80431c68cf24dc9a8369a,1800000000.0,Tether USD,USDT,6,164,450000,56100000000,272731,9045362,deprecated,4119302
544,11065382,2020-10-16 06:50:53,0x1c06bb42fecd1a4bd2967823ee438f73438e927bce9c0780c0cb69b69d8ed932,535,0x8099c2cefad02e41d7e7b8e2246fd7782b72b4c659a97d48174beec662f68cfc,0x23d15edceb5b5b3a23347fa425846de80a2e8e5c,0xeef9f339514298c6a857efcfc1a762af84438dee,0x7d7696a4ffe79d4deac802e89d3ce1069d7ff724,5.731588837338729e+20,Hermez Network Token,HEZ,18,162,147940,68000000000,109163,8117758,deprecated,4119291
545,11065588,2020-10-16 07:30:12,0xd780b9e34850077c1b1a7c3a9e9d24876fd6f832b7a650f497564970c1a40b70,536,0x050b88f5bf21ab452281a9e95fd946e1424c1a593dd9550e24140d95f41e2f9b,0x7d7696a4ffe79d4deac802e89d3ce1069d7ff724,0xeef9f339514298c6a857efcfc1a762af84438dee,0x23d15edceb5b5b3a23347fa425846de80a2e8e5c,1.3575547987398982e+21,Hermez Network Token,HEZ,18,21,160072,60000000000,105238,961583,deprecated,4119085
546,11065634,2020-10-16 07:43:08,0xfa7927b6253b401827c1736f1f10a332c259d12396a38cc4550831f494da6c33,537,0x3553f21b2b3547cf52021fa4c7336755193b6e0653fbc91e8711842d7e675364,0x41f8d14c9475444f30a80431c68cf24dc9a8369a,0xdac17f958d2ee523a2206206994597c13d831ec7,0x7d7696a4ffe79d4deac802e89d3ce1069d7ff724,1658517885.0,Tether USD,USDT,6,69,344992,60000001482,272392,4025721,deprecated,4119039
547,11065677,2020-10-16 07:51:02,0x5f4e2c6dd5572921db796d454180a1f55c2f5f0addb6a6023f63bcbafb1b4dec,538,0x74033e3ee8a6dc9ee953b3b140d422c8868c674a49c1c964f9f6836384a4d96e,0x7d7696a4ffe79d4deac802e89d3ce1069d7ff724,0x31497f218c005fe3d5ee87e5a33e133a909a7a4b,0xccdcbdf3ebd11cce6a55b477b1427c0a4e0e2829,20068524228.0,Digital Twin Agreement,DTA,8,82,168252,100000000000,100659,2419345,deprecated,4118996
548,11065873,2020-10-16 08:34:43,0x9acee0d94b14104a3ea61fcbb95fdc32cf55ba89cf84ec61afaf59ccb3953872,539,0x5c6e630cd905483e654c84364fa6daa4c151ab99decfc669b5e4671da490fdde,0xccdcbdf3ebd11cce6a55b477b1427c0a4e0e2829,0x31497f218c005fe3d5ee87e5a33e133a909a7a4b,0x7d7696a4ffe79d4deac802e89d3ce1069d7ff724,42785694103.0,Digital Twin Agreement,DTA,8,31,152636,125000000000,125382,1361325,deprecated,4118800
549,11065940,2020-10-16 08:47:41,0x0ca86484d83322ae78f8bd476d6085b929990c47edd3e6ce990294725a3c1796,540,0x703a25b2b5b83716c3ba05deafae54a573303859bfe5f751d615395bd302733f,0x7d7696a4ffe79d4deac802e89d3ce1069d7ff724,0x31497f218c005fe3d5ee87e5a33e133a909a7a4b,0xccdcbdf3ebd11cce6a55b477b1427c0a4e0e2829,42785694103.0,Digital Twin Agreement,DTA,8,93,168252,51000001561,100659,4993212,deprecated,4118733
550,11066480,2020-10-16 10:52:46,0xa67045ceb7852b39a3a58f68546d599b9e00276f2569f09354f2f47245d68eae,541,0xbc23ee087c65cebd7397265d2450bc781b5e9a085a7180d226ad38353240784f,0x7d7696a4ffe79d4deac802e89d3ce1069d7ff724,0xdac17f958d2ee523a2206206994597c13d831ec7,0x9a4a66469e0f89ab415dde904db8ef303b12e1a7,3867500000.0,Tether USD,USDT,6,13,60000,100000000000,56209,997509,deprecated,4118193
551,11066548,2020-10-16 11:09:49,0xd5ce94730f3062652f4de1bb4913cf9cab059c4020fc6911f2cfdface4eb4fb1,542,0xf96f950ae418c74aa707dacfdf292567f241c0f436f5b7b49d663d79952dc77f,0x23d15edceb5b5b3a23347fa425846de80a2e8e5c,0xeef9f339514298c6a857efcfc1a762af84438dee,0x7d7696a4ffe79d4deac802e89d3ce1069d7ff724,1.966890508726361e+21,Hermez Network Token,HEZ,18,8,164701,100000000000,124163,368374,deprecated,4118125
552,11068083,2020-10-16 16:42:40,0x4b589c9916106c11af2707d76005638d87f667f6fee5825fa717aff35981455a,3016676,0x94b77521767ee264cdf6d2c86fac4619231d29029a23b32e7443cbb30cac39f9,0x0681d8db095565fe8a346fa0277bffde9c0edbbf,0xdac17f958d2ee523a2206206994597c13d831ec7,0x7d7696a4ffe79d4deac802e89d3ce1069d7ff724,3639508505.0,Tether USD,USDT,6,41,207128,74000000000,41209,2394057,deprecated,4116590
553,11068131,2020-10-16 16:52:18,0x1812adca23933c29853f1200ab61cdb99528f9e9abb5c124ee4c531337f9a4a5,543,0x75162b65f881efe6f8635a365ca029f161f01730f4ee4449e4832914c7499587,0x7d7696a4ffe79d4deac802e89d3ce1069d7ff724,0xeef9f339514298c6a857efcfc1a762af84438dee,0x23d15edceb5b5b3a23347fa425846de80a2e8e5c,1.966890508726361e+21,Hermez Network Token,HEZ,18,46,160072,52000000000,105238,5356476,deprecated,4116542
554,11068348,2020-10-16 17:38:22,0x84ee86af3209003f390ba5326136ddb58c5639f87a036b3b16730963c346132b,544,0xd25731db93c7ab378d2b61e793e54a134be986d21cb6c14007ba9626681c584a,0x65872cc4ba2fdc27cef0d8fc43b52e91288a5cd5,0x6c4522f0035bed2180b40f4c5d9dbaab64b41325,0x7d7696a4ffe79d4deac802e89d3ce1069d7ff724,1e+22,Passport Finance,PASS,18,20,80781,84000000000,80781,1352979,deprecated,4116325
555,11068504,2020-10-16 18:12:37,0x644d0b233c38f9099c21bf9e49fbdc05557ebf1f82a41c3c95da1927649401e8,546,0x183e59fe97e4bd751e6cb1882d8bbc442835066f1124c894ac11b6202341a8ff,0x5ca38529875e1f9b96b6dde0fb1a35eaaf2066e9,0x6dae2a082c80ed90bcf9128e2ef1d89053f50b67,0x7d7696a4ffe79d4deac802e89d3ce1069d7ff724,1.8e+19,LAZARUS,LZRS,18,0,86858,200000000000,86488,86488,deprecated,4116169
556,11068629,2020-10-16 18:41:18,0x4c94b2b8b835bde2da276c2709bc5966e485a38b475c7bcecfc68e167e7e4508,548,0x9357f1cf049a03f9e4299f34a3db6c6031532ae01706956789eb41f53764b817,0x7d7696a4ffe79d4deac802e89d3ce1069d7ff724,0x6c4522f0035bed2180b40f4c5d9dbaab64b41325,0x26cf2e9c9b1dc3a0cf1d0726e36e19fe16b1e94f,1e+22,Passport Finance,PASS,18,34,153727,50000000000,111486,2993109,deprecated,4116044
557,11068743,2020-10-16 19:04:49,0x6f0e665c44db47afd16fb1c96b9ef172a69a355ab6abd26885f5eb88c849877f,12,0x9a463d12bb85f7f4788073d7c1f9f246d89ea3d02017f90122bd42218b14433a,0x2fede273d8debdde4a404747119b73bd114af635,0x30b1efb052205e6ca3c4888c3c50c5b339cc0602,0x7d7696a4ffe79d4deac802e89d3ce1069d7ff724,7.5e+20,Cargo Gems,GEM,18,47,51118,35100000000,36118,5157526,deprecated,4115930
558,11068791,2020-10-16 19:16:34,0x3454049f7d6ef280d45cbfb8bd31665228e6930142490c45b604343aae7e37da,550,0x4ed1178444de08e11a7ec3e0b76895871a690e1ee64b588c85d29c689cf75c30,0x7d7696a4ffe79d4deac802e89d3ce1069d7ff724,0x30b1efb052205e6ca3c4888c3c50c5b339cc0602,0xed0bd2cea114716a31555626173294715dab3b41,7.5e+20,Cargo Gems,GEM,18,33,168026,50400000000,112469,1693330,deprecated,4115882
559,11070058,2020-10-17 00:01:28,0x9b019c5d3addeade5c5c5a2f6de71b257457e5ab23f578aff7eb49967b4e970c,553,0x4b5e3273e44001f9aad20e189507433044d5ef4c4036e94d4ca14c57df1aabca,0x7d7696a4ffe79d4deac802e89d3ce1069d7ff724,0x6dae2a082c80ed90bcf9128e2ef1d89053f50b67,0xa908fad532f5f58cef5d1cf07c5b9844b6aa1b60,1.8e+19,LAZARUS,LZRS,18,137,154896,35000000000,100533,5040392,deprecated,4114615
560,11072587,2020-10-17 09:21:04,0x53c1476518c9ab09a2bda0fdf674e3750b6aa63f190e4a1f3ceeaa84c7f65061,554,0x608ee60d6d47b21dbeb488356873dbf31842d9bb11dc2e39b264dcb86891c1d2,0x2e0721e6c951710725997928dcaaa05daafa031b,0xe0e4839e0c7b2773c58764f9ec3b9622d01a0428,0x7d7696a4ffe79d4deac802e89d3ce1069d7ff724,8.725944623417172e+18,EnCore,ENCORE,18,16,256898,100000000000,206668,657470,deprecated,4112086
561,11072830,2020-10-17 10:18:18,0x1ce9e5a644654e4a99addf5ed7381719686bc1521913fc0a04be3ff1b965aea9,7,0x19cf290481e61fd5e87c24fc5343b5ce677fb688acb4bc418d744aa839c8ee6f,0xe2459639ce500e958df7cd86897084fe1520676b,0xae66bea480f7a6c91f07c58f2aee185883558fb8,0x7d7696a4ffe79d4deac802e89d3ce1069d7ff724,7.252e+17,EarnDefiCoin,EDC,18,28,60000,31000001561,36572,1300140,deprecated,4111843
562,11072833,2020-10-17 10:18:36,0x222972e1c206a1bfa760dc48f6f432a0c0454182436ebd8812c0b3d522ad5636,11,0xaabc45ca3ea6e15bc5e8750940110c16b1302156f71f34b165978f383ce5196e,0x94fde49a367f06b7d5ed96db20e382c9b59af324,0xae66bea480f7a6c91f07c58f2aee185883558fb8,0x7d7696a4ffe79d4deac802e89d3ce1069d7ff724,2.753e+16,EarnDefiCoin,EDC,18,169,60000,26000001561,36572,10112961,deprecated,4111840
563,11072834,2020-10-17 10:18:54,0xc039e5029a2760a533d90a36698cfbef819751f6fa329c607709f1af0236c628,7,0x8cc961cdcf3db17872f9bc03641d5d9d6348be107fbca04a44190f9cdbd05b0b,0x469b0d3271e5760c0851ee5d87a00d2c8e41a771,0xae66bea480f7a6c91f07c58f2aee185883558fb8,0x7d7696a4ffe79d4deac802e89d3ce1069d7ff724,1.1555e+18,EarnDefiCoin,EDC,18,82,60000,33000001561,36584,4046406,deprecated,4111839
564,11072837,2020-10-17 10:19:18,0x816ee9103af823b254f65f3eda451f56c4994a064f6145535c4e13d355efad1d,8,0xbc99e883d3165b10136b4d39879fae4f167d5eebce9c9cec5a61ae23ecee47ec,0x813840178931f9cfa66ff1674e05543cd76afab1,0xae66bea480f7a6c91f07c58f2aee185883558fb8,0x7d7696a4ffe79d4deac802e89d3ce1069d7ff724,2.157e+16,EarnDefiCoin,EDC,18,111,60000,30000001561,36572,6284600,deprecated,4111836
565,11072837,2020-10-17 10:19:18,0x5595508e1c5b9df7c6c59e60d7daad964b1827d11c98b7c6af8696a564ec6e36,11,0xbc99e883d3165b10136b4d39879fae4f167d5eebce9c9cec5a61ae23ecee47ec,0xd66dac694ae9429cc029ab1715a41e6408c28c2e,0xae66bea480f7a6c91f07c58f2aee185883558fb8,0x7d7696a4ffe79d4deac802e89d3ce1069d7ff724,2.845e+16,EarnDefiCoin,EDC,18,113,60000,30000001561,36572,6347381,deprecated,4111836
566,11072856,2020-10-17 10:23:18,0x5cf815c6bb5c356489e7a738e49ac90d307e964b30fd62b5b54b1bd94d459a9b,556,0x0736d751ce8d0cd84d59c6c23a873960de8e8855bdad49652e6ac5fc395ca61d,0x7d7696a4ffe79d4deac802e89d3ce1069d7ff724,0xae66bea480f7a6c91f07c58f2aee185883558fb8,0x30ee4e8e49d81312b93f41778f6446827a080ade,1.98596940166768e+18,EarnDefiCoin,EDC,18,105,168650,30000001561,113037,4646932,deprecated,4111817
567,11074026,2020-10-17 14:35:12,0x2154c685bd050ae4b752a8e13c0fb445350c925d138f079af311144e22245930,557,0x8e4de558f87b607223b35ebeae954f3638cbdb990c7c5fb87cb710e316b2b84b,0x7d7696a4ffe79d4deac802e89d3ce1069d7ff724,0xe0e4839e0c7b2773c58764f9ec3b9622d01a0428,0x2e0721e6c951710725997928dcaaa05daafa031b,3.956e+18,EnCore,ENCORE,18,8,251907,100000000000,203419,671658,deprecated,4110647
568,11074026,2020-10-17 14:35:12,0x2154c685bd050ae4b752a8e13c0fb445350c925d138f079af311144e22245930,557,0x8e4de558f87b607223b35ebeae954f3638cbdb990c7c5fb87cb710e316b2b84b,0x7d7696a4ffe79d4deac802e89d3ce1069d7ff724,0xe0e4839e0c7b2773c58764f9ec3b9622d01a0428,0xdef7bdf8ecb450c1d93c5db7c8dbce5894ccdaa9,4.4e+16,EnCore,ENCORE,18,8,251907,100000000000,203419,671658,deprecated,4110647
569,11074042,2020-10-17 14:39:59,0x5d7ba94c4228b2b2bd3aff548c64dbddb00e9240191d215041c4d87be4379ec2,558,0x93bc2ff7d050a18d71a273eee2a90584cd58e24e282dce8f1a63fe449ce325f6,0x7d7696a4ffe79d4deac802e89d3ce1069d7ff724,0xe0e4839e0c7b2773c58764f9ec3b9622d01a0428,0x2e0721e6c951710725997928dcaaa05daafa031b,4.673959232559583e+18,EnCore,ENCORE,18,30,240688,37000000000,190236,1553381,deprecated,4110631
570,11074042,2020-10-17 14:39:59,0x5d7ba94c4228b2b2bd3aff548c64dbddb00e9240191d215041c4d87be4379ec2,558,0x93bc2ff7d050a18d71a273eee2a90584cd58e24e282dce8f1a63fe449ce325f6,0x7d7696a4ffe79d4deac802e89d3ce1069d7ff724,0xe0e4839e0c7b2773c58764f9ec3b9622d01a0428,0xdef7bdf8ecb450c1d93c5db7c8dbce5894ccdaa9,5.198539085758889e+16,EnCore,ENCORE,18,30,240688,37000000000,190236,1553381,deprecated,4110631
571,11074443,2020-10-17 16:11:01,0x323cebfb112c8c008bc3a2f0ad20fd85dacb260e30adaf0fe1acd281c4ed72e1,559,0x03bbc40a3800020728ce9d43d476a5175362cd1b9992255d92f9bb0d450abfdf,0x45c695f4fb8c206b2d114683ebfa97c6bbda2084,0xaf4bc7927721ec88ac507889309f5f62a0c8c537,0x7d7696a4ffe79d4deac802e89d3ce1069d7ff724,1.4224642782581598e+19,Bounty Hunter Coin,BHC,18,3,152634,100000000000,125382,208971,deprecated,4110230
572,11076067,2020-10-17 22:14:41,0xd3bf2af2f06984532fa30a8bad5ee46eeb9800874a1f8d912426f4507d7c3b8a,561,0x9b75221fd69203c8a749f7e38e22b7210b3d8ace0ae06af79be1d9274758b512,0x7d7696a4ffe79d4deac802e89d3ce1069d7ff724,0xaf4bc7927721ec88ac507889309f5f62a0c8c537,0x45c695f4fb8c206b2d114683ebfa97c6bbda2084,1.4224642782581598e+19,Bounty Hunter Coin,BHC,18,10,168052,100000000000,112493,764054,deprecated,4108606
573,11077590,2020-10-18 03:54:05,0xead92cc7db3b0621836de07d85f7293ec83644df5d3e0377b65219cee9784051,562,0x87dbf5db2bd9dca029b621434b9e7a308339c0a8e69805be58c695c7460454c2,0x28fc56669ee5dab461d6ad678c483d544cd5f15b,0x36d11542a756c2bbfc0e63ed5fe8f800c244cf22,0x7d7696a4ffe79d4deac802e89d3ce1069d7ff724,3.590835910165096e+18,Lami,LAMI,18,98,166097,29000000000,125413,5540788,deprecated,4107083
574,11077617,2020-10-18 04:00:08,0x6a3fa1324308642a5a90cf2eb0151a2a88b156952d9004853c91963b212e096e,565,0x469d73ea7147c664c13f96de40fb4394f1a3e41a1a39c362e7de0ebc63507314,0x28fc56669ee5dab461d6ad678c483d544cd5f15b,0x36d11542a756c2bbfc0e63ed5fe8f800c244cf22,0x7d7696a4ffe79d4deac802e89d3ce1069d7ff724,1.875869185081804e+20,Lami,LAMI,18,83,149349,24000000000,110425,10414006,deprecated,4107056
575,11078285,2020-10-18 06:22:23,0x97c8678bc750b427cb338eb56905fb9e0372d7c350f2faf73e15cb4583dbcc79,566,0xa5ad71ef24f25843dff96405d070a80af055545cbc9b764044f0bf523cd36e46,0x2e0721e6c951710725997928dcaaa05daafa031b,0xe0e4839e0c7b2773c58764f9ec3b9622d01a0428,0x7d7696a4ffe79d4deac802e89d3ce1069d7ff724,3.6127550266982093e+18,EnCore,ENCORE,18,94,254578,22000000000,204592,5563796,deprecated,4106388
576,11078307,2020-10-18 06:28:56,0x3bcb2ddf1530abe04ca2218ae606de6fac9a5ffa8ef92f3b3572a935e24121bd,567,0x94fb8ec51078fb80d71574fdc2a08d94290bc5ebd93288e81ad02657b0c010bb,0x2e0721e6c951710725997928dcaaa05daafa031b,0xe0e4839e0c7b2773c58764f9ec3b9622d01a0428,0x7d7696a4ffe79d4deac802e89d3ce1069d7ff724,3.6096806965891185e+18,EnCore,ENCORE,18,16,221040,24000000000,174580,1153815,deprecated,4106366
577,11079778,2020-10-18 12:09:14,0xc9190229425e58094742d8719ecc73b09c5fae6cf686f61b0816209fda747be1,568,0x85c66ab0657c5d5ac25aebe2d3cd20b0e730e1dbb9b2d56238f85089293746a8,0x7d7696a4ffe79d4deac802e89d3ce1069d7ff724,0xdac17f958d2ee523a2206206994597c13d831ec7,0xab8b1b3038c5fe79f7345bb2a49e8f89fe821204,150000.0,Tether USD,USDT,6,49,144185,42000001561,124670,2815433,deprecated,4104895
578,11079778,2020-10-18 12:09:14,0xc9190229425e58094742d8719ecc73b09c5fae6cf686f61b0816209fda747be1,568,0x85c66ab0657c5d5ac25aebe2d3cd20b0e730e1dbb9b2d56238f85089293746a8,0xab8b1b3038c5fe79f7345bb2a49e8f89fe821204,0x6d8a1bdb59e41707aa0cf53c487146dd8cfd1072,0x7d7696a4ffe79d4deac802e89d3ce1069d7ff724,9482321045805648.0,Hong Global Economi,HMK,18,49,144185,42000001561,124670,2815433,deprecated,4104895
579,11079793,2020-10-18 12:11:31,0xd5ebf5926b57915f00d6312f554e0eb28ff5ae9e6e5a78c8cf8daca6fd300916,570,0x122b1ae5450aea72c221a2e576362b0457a7e428f9ffa449b3b525ccf078f32d,0x7d7696a4ffe79d4deac802e89d3ce1069d7ff724,0xdac17f958d2ee523a2206206994597c13d831ec7,0xab8b1b3038c5fe79f7345bb2a49e8f89fe821204,2000000000.0,Tether USD,USDT,6,0,127450,588700000230,109694,109694,deprecated,4104880
580,11079793,2020-10-18 12:11:31,0xd5ebf5926b57915f00d6312f554e0eb28ff5ae9e6e5a78c8cf8daca6fd300916,570,0x122b1ae5450aea72c221a2e576362b0457a7e428f9ffa449b3b525ccf078f32d,0xab8b1b3038c5fe79f7345bb2a49e8f89fe821204,0x6d8a1bdb59e41707aa0cf53c487146dd8cfd1072,0x7d7696a4ffe79d4deac802e89d3ce1069d7ff724,6.703806164478837e+19,Hong Global Economi,HMK,18,0,127450,588700000230,109694,109694,deprecated,4104880
581,11079809,2020-10-18 12:14:13,0x4d82d1dc449354590fac302972debf7862f44df8735c6ab90f57b40f6b4bfc81,571,0x07d02b5309e69442c5013d803996fcc8f44b3f6960b583bc8975fc3b6667ba63,0x7d7696a4ffe79d4deac802e89d3ce1069d7ff724,0x6d8a1bdb59e41707aa0cf53c487146dd8cfd1072,0xab8b1b3038c5fe79f7345bb2a49e8f89fe821204,6.7047543965834174e+19,Hong Global Economi,HMK,18,8,134278,388700000233,100844,268844,deprecated,4104864
582,11079809,2020-10-18 12:14:13,0x4d82d1dc449354590fac302972debf7862f44df8735c6ab90f57b40f6b4bfc81,571,0x07d02b5309e69442c5013d803996fcc8f44b3f6960b583bc8975fc3b6667ba63,0xab8b1b3038c5fe79f7345bb2a49e8f89fe821204,0xdac17f958d2ee523a2206206994597c13d831ec7,0x7d7696a4ffe79d4deac802e89d3ce1069d7ff724,2597953227.0,Tether USD,USDT,6,8,134278,388700000233,100844,268844,deprecated,4104864
583,11079907,2020-10-18 12:34:54,0x54ec0cfc999e98d4ce0334dc3d51103d939aca2d7923a0374db1d3f6673cc626,572,0xc749e9c2695c104f13f98b75a7918e0a26855db426c9488289f4cbaa068b343a,0x7d7696a4ffe79d4deac802e89d3ce1069d7ff724,0xe0e4839e0c7b2773c58764f9ec3b9622d01a0428,0x2e0721e6c951710725997928dcaaa05daafa031b,7.135766494607879e+18,EnCore,ENCORE,18,213,242617,37000000000,179973,10990573,deprecated,4104766
584,11079907,2020-10-18 12:34:54,0x54ec0cfc999e98d4ce0334dc3d51103d939aca2d7923a0374db1d3f6673cc626,572,0xc749e9c2695c104f13f98b75a7918e0a26855db426c9488289f4cbaa068b343a,0x7d7696a4ffe79d4deac802e89d3ce1069d7ff724,0xe0e4839e0c7b2773c58764f9ec3b9622d01a0428,0xdef7bdf8ecb450c1d93c5db7c8dbce5894ccdaa9,8.666922867944794e+16,EnCore,ENCORE,18,213,242617,37000000000,179973,10990573,deprecated,4104766
585,11080704,2020-10-18 15:29:01,0x00dfa7af8a521960352e2a850285178788dfa97390681a213c5fc7d1ea057ea9,573,0xa82edc320e6062fbd8f754ea8034d95eca406518409c099940260955d9054e25,0x287856d10418e01ef1e93df9962b04d9a3a521c9,0x0d9227f9c4ab3972f994fccc6eeba3213c0305c4,0x7d7696a4ffe79d4deac802e89d3ce1069d7ff724,3.952746732592428e+17,Sergey Save Link,SSL,18,105,166148,37000000000,125459,7976627,deprecated,4103969
586,11080723,2020-10-18 15:32:52,0x22b11fe46e40a1b4406ba311ac04341964c5ad7c3722b5c3d34262c637d46ced,574,0x514886be5f79a37c1d34ac72beeff432f2950fb2bd3f71248e699396beda501d,0x287856d10418e01ef1e93df9962b04d9a3a521c9,0x0d9227f9c4ab3972f994fccc6eeba3213c0305c4,0x7d7696a4ffe79d4deac802e89d3ce1069d7ff724,6.307737599838861e+17,Sergey Save Link,SSL,18,41,149386,41000000000,110459,2276431,deprecated,4103950
587,11082594,2020-10-18 22:25:02,0xae9f98c995a5f582b296a980467f54449c1ac53c6e4810d2c5c646c45b211c9d,575,0xe4c907cdec2db5c7b36b66cfa3925f4414da2be2400f11fbf95862c20086c35e,0x7d7696a4ffe79d4deac802e89d3ce1069d7ff724,0xdac17f958d2ee523a2206206994597c13d831ec7,0xab8b1b3038c5fe79f7345bb2a49e8f89fe821204,1000000000.0,Tether USD,USDT,6,41,144212,23000000000,124694,2172897,deprecated,4102079
588,11082594,2020-10-18 22:25:02,0xae9f98c995a5f582b296a980467f54449c1ac53c6e4810d2c5c646c45b211c9d,575,0xe4c907cdec2db5c7b36b66cfa3925f4414da2be2400f11fbf95862c20086c35e,0xab8b1b3038c5fe79f7345bb2a49e8f89fe821204,0x6d8a1bdb59e41707aa0cf53c487146dd8cfd1072,0x7d7696a4ffe79d4deac802e89d3ce1069d7ff724,5.489999072820788e+19,Hong Global Economi,HMK,18,41,144212,23000000000,124694,2172897,deprecated,4102079
589,11082673,2020-10-18 22:39:47,0x648ebd62c4f91465e4d7416e2675716c1497b5ceab4eabe2447e65c4ae1357bd,576,0x477c4b910f2eaa0ed295c1a3691a2a3e79dfe10ef491d8180d73f52e7b56b80e,0x7d7696a4ffe79d4deac802e89d3ce1069d7ff724,0xdac17f958d2ee523a2206206994597c13d831ec7,0xab8b1b3038c5fe79f7345bb2a49e8f89fe821204,1000000000.0,Tether USD,USDT,6,31,127450,50000000000,109694,1732232,deprecated,4102000
590,11082673,2020-10-18 22:39:47,0x648ebd62c4f91465e4d7416e2675716c1497b5ceab4eabe2447e65c4ae1357bd,576,0x477c4b910f2eaa0ed295c1a3691a2a3e79dfe10ef491d8180d73f52e7b56b80e,0xab8b1b3038c5fe79f7345bb2a49e8f89fe821204,0x6d8a1bdb59e41707aa0cf53c487146dd8cfd1072,0x7d7696a4ffe79d4deac802e89d3ce1069d7ff724,5.3893749689087664e+19,Hong Global Economi,HMK,18,31,127450,50000000000,109694,1732232,deprecated,4102000
591,11082782,2020-10-18 23:04:03,0x935c9bda45a931e541f875b55ae9a45d07b8460eae89fbe8a7a93f598393e81a,577,0x0a867960ce1f489bd6aad9ab7ee1c1b7354e1a584dafe2abd92e980d4d73b351,0x7d7696a4ffe79d4deac802e89d3ce1069d7ff724,0x36d11542a756c2bbfc0e63ed5fe8f800c244cf22,0x28fc56669ee5dab461d6ad678c483d544cd5f15b,1.911777544183455e+20,Lami,LAMI,18,94,168114,21000000000,112549,6920677,deprecated,4101891
592,11084277,2020-10-19 04:26:51,0x62e632a91f37338493623ae2c3332c27fe6455213174393086bb73258d22d0f1,579,0x1d4604b4461b0dc05ef0dba496d85c064db29cbba046dfb8adab0dfa910f412d,0x7d7696a4ffe79d4deac802e89d3ce1069d7ff724,0x6d8a1bdb59e41707aa0cf53c487146dd8cfd1072,0xab8b1b3038c5fe79f7345bb2a49e8f89fe821204,1.0879374041729555e+20,Hong Global Economi,HMK,18,12,134291,100000000000,100856,906052,deprecated,4100396
593,11084277,2020-10-19 04:26:51,0x62e632a91f37338493623ae2c3332c27fe6455213174393086bb73258d22d0f1,579,0x1d4604b4461b0dc05ef0dba496d85c064db29cbba046dfb8adab0dfa910f412d,0xab8b1b3038c5fe79f7345bb2a49e8f89fe821204,0xdac17f958d2ee523a2206206994597c13d831ec7,0x7d7696a4ffe79d4deac802e89d3ce1069d7ff724,2008933151.0,Tether USD,USDT,6,12,134291,100000000000,100856,906052,deprecated,4100396
594,11084348,2020-10-19 04:41:07,0xd640162f2fb5720e260e0c9f3bb9223f4835ba8c072ff5dd065f8cc658e55aa3,580,0xa53bbae349bddc5befd9503df4f1cbaa76f9f10954e7eb5965d2875959574937,0x7d7696a4ffe79d4deac802e89d3ce1069d7ff724,0xdac17f958d2ee523a2206206994597c13d831ec7,0x74802aeb41cb0905b7f0677b49c4a7b672dbc185,230000000.0,Tether USD,USDT,6,26,60000,24000001561,56209,1455069,deprecated,4100325
595,11084392,2020-10-19 04:50:25,0x7b82601b6d93aa133ae3694b1be26023b192ed7cbde9ec0cab822d65609896d2,581,0x0eedfb4d7d340819eea6dd9ec933a599c241f7f7ca05710ca79e5a3926f8add0,0x7d7696a4ffe79d4deac802e89d3ce1069d7ff724,0x0d9227f9c4ab3972f994fccc6eeba3213c0305c4,0x287856d10418e01ef1e93df9962b04d9a3a521c9,1.026048433243129e+18,Sergey Save Link,SSL,18,128,169367,26000000000,113688,8674988,deprecated,4100281
596,11084464,2020-10-19 05:06:46,0x0c355aa689fde93a251505ae93f90ae1c9b2736f21ce44557e97e78199b66bea,582,0x0de08185bc9b8933fabd32198e4ac2080dbd11f860a8cb9e443fa887897e77c1,0x7d7696a4ffe79d4deac802e89d3ce1069d7ff724,0xdac17f958d2ee523a2206206994597c13d831ec7,0x18b78712ae9c56a026c5e120a210255cf0b5519d,230000000.0,Tether USD,USDT,6,167,60000,22000001459,56209,9975738,deprecated,4100209
597,11084471,2020-10-19 05:08:33,0x4a2ace90dc85280e617e88c9388b95bfcea111d2afecb2fb0f106fdf0b80fb24,583,0x00a0fb864c97b0960bfdcc06ffda0ae0828f6787a3523adcb6f7730eec3a3250,0x7d7696a4ffe79d4deac802e89d3ce1069d7ff724,0xdac17f958d2ee523a2206206994597c13d831ec7,0xec8a21966d38d14f65622d012510f9fdfe7be6e4,230000000.0,Tether USD,USDT,6,83,60000,50000000000,56209,4245380,deprecated,4100202
598,11085340,2020-10-19 08:22:37,0x062dae4a703c45f554efa67505e3670a9a50b9a2b61ef84979fed3a7927f57f2,584,0xce4634dafa2cb59951b90342ef1a0802fad706a2b84d22d36ec9d2cd19e76044,0xaf0e926ccb8de48731d9b09870a86d74041562c0,0x250a3500f48666561386832f1f1f1019b89a2699,0x7d7696a4ffe79d4deac802e89d3ce1069d7ff724,1.2448726344933458e+19,SAFE2,SAFE2,18,176,151652,80000000000,112486,4214296,deprecated,4099333
599,11086672,2020-10-19 13:29:49,0x5659503c3ea82c2bfe7fd5b11a6788a93f386db69f40fe56e2014a43d03525f1,586,0xb18d248207b68d7ed141144a19ba1f5b9234cb574ebe96e454cc507e3068f4c0,0x7d7696a4ffe79d4deac802e89d3ce1069d7ff724,0x250a3500f48666561386832f1f1f1019b89a2699,0xaf0e926ccb8de48731d9b09870a86d74041562c0,1.2448726344933458e+19,SAFE2,SAFE2,18,88,168377,68550000000,112788,4743728,deprecated,4098001
600,11086685,2020-10-19 13:32:09,0x3ef7c26be4a0e89d60298545d0352756f32af870690009ef7681aa63114ca221,587,0xb7f61858fd9f679d7d966abafc675f698a11580fa86542d3a3111a03c30c1b43,0x7d7696a4ffe79d4deac802e89d3ce1069d7ff724,0xdac17f958d2ee523a2206206994597c13d831ec7,0x9a4a66469e0f89ab415dde904db8ef303b12e1a7,3556000000.0,Tether USD,USDT,6,11,60000,100000000000,41197,792967,deprecated,4097988
601,11089462,2020-10-19 23:25:36,0x801424e3c90707dced92e01f5e57299062c8a43f49b42119ab9d16502ba11c9e,588,0x4b9201921db7900cf5c9318daba9511f35df29f5378d3cb7f58dcc74fe10b7d2,0xeb8195bd9ac4ffd3be2056db1a8e8c66b2708028,0x1de5e000c41c8d35b9f1f4985c23988f05831057,0x7d7696a4ffe79d4deac802e89d3ce1069d7ff724,2.0055776299473777e+23,BonFi,BNF,18,7,165287,100000000000,112672,887184,deprecated,4095211
602,11089472,2020-10-19 23:27:28,0x469a614991c9832b6976a15cf41a1769a4024ee52e2e4f1d8000ffa915629b01,589,0x95b865be191334f8c3acee57593d96a091101dc37da5ca3417d8bb8359d16b6b,0xeb8195bd9ac4ffd3be2056db1a8e8c66b2708028,0x1de5e000c41c8d35b9f1f4985c23988f05831057,0x7d7696a4ffe79d4deac802e89d3ce1069d7ff724,1.397188498933089e+23,BonFi,BNF,18,6,148525,100000000000,97672,504067,deprecated,4095201
603,11090338,2020-10-20 02:40:49,0x9c22901cd32e4138a3c15309d9d9a026a74c126fc027315db83eb62c060ec6c9,592,0x6fade9c76371dc127ac3a872b91c18530605fa9b2dedae69c840820865d91973,0xab8b1b3038c5fe79f7345bb2a49e8f89fe821204,0x6d8a1bdb59e41707aa0cf53c487146dd8cfd1072,0x7d7696a4ffe79d4deac802e89d3ce1069d7ff724,3.477940783073977e+20,Hong Global Economi,HMK,18,67,232744,50000000000,193859,1777538,deprecated,4094335
604,11090341,2020-10-20 02:41:00,0x74691a68d6bb698df370be621fd2d29b29f2f0ba68c187ffcfe852029b3db650,593,0xbff6261147d7062753072d20fd785bedfd052ab3d6535b57e876f16fe6eb6165,0x7d7696a4ffe79d4deac802e89d3ce1069d7ff724,0x1de5e000c41c8d35b9f1f4985c23988f05831057,0xeb8195bd9ac4ffd3be2056db1a8e8c66b2708028,3.4027661288804665e+23,BonFi,BNF,18,22,168329,100000000000,112745,1141846,deprecated,4094332
605,11090429,2020-10-20 03:03:15,0x7cbc4119a187a7d270847d58e498c7b648cf33e3fd0d549b2d1887b09c8c6438,594,0x687d891286974826594e20b4e89ebdfe67e5e30db709b8ff38cbc9abfae47ef9,0x7d7696a4ffe79d4deac802e89d3ce1069d7ff724,0x6d8a1bdb59e41707aa0cf53c487146dd8cfd1072,0xab8b1b3038c5fe79f7345bb2a49e8f89fe821204,3.477940783073977e+20,Hong Global Economi,HMK,18,14,134291,100000000000,100856,685558,deprecated,4094244
606,11090429,2020-10-20 03:03:15,0x7cbc4119a187a7d270847d58e498c7b648cf33e3fd0d549b2d1887b09c8c6438,594,0x687d891286974826594e20b4e89ebdfe67e5e30db709b8ff38cbc9abfae47ef9,0xab8b1b3038c5fe79f7345bb2a49e8f89fe821204,0xdac17f958d2ee523a2206206994597c13d831ec7,0x7d7696a4ffe79d4deac802e89d3ce1069d7ff724,1958898285.0,Tether USD,USDT,6,14,134291,100000000000,100856,685558,deprecated,4094244
607,11090522,2020-10-20 03:22:09,0x03a09d2049401c30f367c905dce9bfdffbd9c7f9a1de528db54ddb135cdd7181,595,0xfb6e7f3840e3395b6c1899f5c853dc2b6b7ccf7c2dce38825951f45059e33c44,0x107cb6247b082b0c3cac04744df6759ad33e6ece,0xc255c02dc945471a56a1a24be0aa8032af3500ab,0x7d7696a4ffe79d4deac802e89d3ce1069d7ff724,1.2021649970239535e+19,Joker,jk,18,6,167025,100000000000,114226,442767,deprecated,4094151
608,11091644,2020-10-20 07:30:23,0x140ec9eb7e1349a68a8860cb84629e94cb9b41c71adcc820a3c23122cece6682,598,0x077f67056a3310f4686186e95b91ec6176f5368bf984b7d89f7f61356a5beaa0,0x7d7696a4ffe79d4deac802e89d3ce1069d7ff724,0x0c17398ebbcb15078f2ad2c67a26d10623957b21,0xa962cf835132e48fc3710b59c26bfc90d2f14410,7.07594331640082e+19,SONTOKEN,SON,18,116,168450,59000000000,112855,5790292,deprecated,4093029
609,11091799,2020-10-20 08:03:58,0xb1d47524428d4b1d67d7b5cae84f2ca7b769d56d47e94fcddb93dc720cb5fe69,599,0x02df3e30b827bec81118b24d36b9f7a342dded7adbf2f857e8debeac5e7be783,0x7d7696a4ffe79d4deac802e89d3ce1069d7ff724,0xc255c02dc945471a56a1a24be0aa8032af3500ab,0x107cb6247b082b0c3cac04744df6759ad33e6ece,5e+18,Joker,jk,18,8,169092,100000000000,128438,541828,deprecated,4092874
610,11091876,2020-10-20 08:20:34,0xce7704ea0913d843f021c73b1232b7bda23d5a6bf9ac97446e8f7c6b78c9a90c,5487287,0x1d1541793fa1107cba3f85b07f25b8aa0c1e26de97760fbb4ab1c292a127e79e,0x3f5ce5fbfe3e9af3971dd833d26ba9b5c936f0be,0xdac17f958d2ee523a2206206994597c13d831ec7,0x7d7696a4ffe79d4deac802e89d3ce1069d7ff724,276951567.0,Tether USD,USDT,6,87,207128,60000000000,41209,4180761,deprecated,4092797
611,11091954,2020-10-20 08:40:17,0x6620bcf96491a268fcf9075124a2c695368a451c0a9d3d03bf9171cd6865f8e5,3220,0x65a355ce68b18f48194feb33d9389a8d5511901c04d12b0df9295f9481d3b757,0x7d7696a4ffe79d4deac802e89d3ce1069d7ff724,0xdac17f958d2ee523a2206206994597c13d831ec7,0x41f8d14c9475444f30a80431c68cf24dc9a8369a,236000000.0,Tether USD,USDT,6,272,450000,52000000000,272719,10164527,deprecated,4092719
612,11093803,2020-10-20 15:23:10,0x96d19a04da23fcf057466313e488f79c2d84890030622636c313f9796b859373,600,0xd296c610ab82f09e3c738a98b823616b13f79f23715edf54cde8bfb175a86508,0x5cc19f5c76622e3b329cc163d1254ca221366b8d,0x320583dd12ea9ad31e751feab1efae7b7a95c6d7,0x7d7696a4ffe79d4deac802e89d3ce1069d7ff724,18.0,ANTIKORE,AKORE,0,205,164496,88000000000,135995,10925318,deprecated,4090870
613,11093864,2020-10-20 15:35:08,0x92403e8c53d6d50d2db53fda1454dc1e5f366c229b905c147508f7b9b8c3b1b1,602,0x66a3e936e770103c4341ee55ea9a26b7ebc82fc3a10fb2e1410b5f20d04c5761,0x7d7696a4ffe79d4deac802e89d3ce1069d7ff724,0x320583dd12ea9ad31e751feab1efae7b7a95c6d7,0x5cc19f5c76622e3b329cc163d1254ca221366b8d,14.0,ANTIKORE,AKORE,0,204,184148,96575106000,114804,11865969,deprecated,4090809
614,11093864,2020-10-20 15:35:08,0x92403e8c53d6d50d2db53fda1454dc1e5f366c229b905c147508f7b9b8c3b1b1,602,0x66a3e936e770103c4341ee55ea9a26b7ebc82fc3a10fb2e1410b5f20d04c5761,0x7d7696a4ffe79d4deac802e89d3ce1069d7ff724,0x320583dd12ea9ad31e751feab1efae7b7a95c6d7,0x0000000000000000000000000000000000000000,4.0,ANTIKORE,AKORE,0,204,184148,96575106000,114804,11865969,deprecated,4090809
615,11093873,2020-10-20 15:36:38,0x7f85114a354b37ae2ecd083ced704ba015d9bbefdd57f3e2eb59eb068809c4ca,603,0x563cd213a9669104bb7b9265153a7f6ff081cc4b2037633ea9c49a9d7161eb7f,0x5cc19f5c76622e3b329cc163d1254ca221366b8d,0x320583dd12ea9ad31e751feab1efae7b7a95c6d7,0x7d7696a4ffe79d4deac802e89d3ce1069d7ff724,161.0,ANTIKORE,AKORE,0,38,177923,97000000000,135995,2882698,deprecated,4090800
616,11093889,2020-10-20 15:39:45,0x4cfb0354807bf88cdceaa5abca70e11d553758a665d4a0bda6178c5aa9c7113f,604,0xab978c75e1f9b694a7cc31e19f4b0ee4aace4302b075599f7bb05cf01cb626fa,0x5cc19f5c76622e3b329cc163d1254ca221366b8d,0x320583dd12ea9ad31e751feab1efae7b7a95c6d7,0x7d7696a4ffe79d4deac802e89d3ce1069d7ff724,148.0,ANTIKORE,AKORE,0,190,161162,100000000000,120995,10255762,deprecated,4090784
617,11093900,2020-10-20 15:42:38,0x3f09029b841c410c06845373e080fe6890e6ed1a447ad9ecd0029e94f801dc35,605,0x096235658bf474d09ad62ecd77293f0f7c734fda1ce761362bc571132db33d35,0x5cc19f5c76622e3b329cc163d1254ca221366b8d,0x320583dd12ea9ad31e751feab1efae7b7a95c6d7,0x7d7696a4ffe79d4deac802e89d3ce1069d7ff724,142.0,ANTIKORE,AKORE,0,159,161162,103000000000,120995,11963854,deprecated,4090773
618,11093919,2020-10-20 15:47:36,0xdf143688e8dc13b00d62ca9db97ab200f449f1db3a301fadbadfe92f4489e91e,606,0x67c4e0ebef2824beda89e4fdf941a7833554f0adea004326e5207d2d11521c5c,0x5cc19f5c76622e3b329cc163d1254ca221366b8d,0x320583dd12ea9ad31e751feab1efae7b7a95c6d7,0x7d7696a4ffe79d4deac802e89d3ce1069d7ff724,192.0,ANTIKORE,AKORE,0,193,161162,105000000000,108979,11877721,deprecated,4090754
619,11093935,2020-10-20 15:51:07,0x1bf6881da913f92b10f14f95cdbf5e04a922153977d2acadec8eec95bcee008d,607,0xe0a6ab5b4cbd54d91c73c07c44e3f1ba761a32bf2f2f7c798b071ba05ab0f0cd,0x5cc19f5c76622e3b329cc163d1254ca221366b8d,0x320583dd12ea9ad31e751feab1efae7b7a95c6d7,0x7d7696a4ffe79d4deac802e89d3ce1069d7ff724,180.0,ANTIKORE,AKORE,0,116,161162,106700000000,120995,7726495,deprecated,4090738
620,11093951,2020-10-20 15:54:21,0x6e2adf3d58c9fa706d97da98b27a4858427c3b2ac5469a0bf1d57637dc1b22c4,608,0xa50ea2f561778141a1a9b2b84ba1835c8a8f301de7cb7ddb425560f61901d4d6,0x5cc19f5c76622e3b329cc163d1254ca221366b8d,0x320583dd12ea9ad31e751feab1efae7b7a95c6d7,0x7d7696a4ffe79d4deac802e89d3ce1069d7ff724,210.0,ANTIKORE,AKORE,0,157,161162,109000000000,108979,8278679,deprecated,4090722
621,11093989,2020-10-20 16:01:46,0x186370bd225771006067d360a2b1686f0ed631c124d5722f86ac4166539d1e3d,609,0x14f869956afacd779db6110242ec50c70a79f36227c9260d1f1bad5cb54b7196,0x7d7696a4ffe79d4deac802e89d3ce1069d7ff724,0xc255c02dc945471a56a1a24be0aa8032af3500ab,0x107cb6247b082b0c3cac04744df6759ad33e6ece,7.021649970239536e+18,Joker,jk,18,99,155900,115500000000,113462,10084299,deprecated,4090684
622,11094058,2020-10-20 16:22:39,0x3889084ce2bc28e74208801f4e5e4104b11c3cb7d1316fd8e105db65dbcb1933,610,0x7fef3b879383e96745978798eff351c24cfa4f379f0a1f4c117615ca640bdc49,0x7d7696a4ffe79d4deac802e89d3ce1069d7ff724,0x320583dd12ea9ad31e751feab1efae7b7a95c6d7,0x5cc19f5c76622e3b329cc163d1254ca221366b8d,989.0,ANTIKORE,AKORE,0,168,184175,140000000000,126844,8030938,deprecated,4090615
623,11094058,2020-10-20 16:22:39,0x3889084ce2bc28e74208801f4e5e4104b11c3cb7d1316fd8e105db65dbcb1933,610,0x7fef3b879383e96745978798eff351c24cfa4f379f0a1f4c117615ca640bdc49,0x7d7696a4ffe79d4deac802e89d3ce1069d7ff724,0x320583dd12ea9ad31e751feab1efae7b7a95c6d7,0x0000000000000000000000000000000000000000,44.0,ANTIKORE,AKORE,0,168,184175,140000000000,126844,8030938,deprecated,4090615
624,11094079,2020-10-20 16:27:43,0x7654156141124ed6f28432e62658f03a5a08a356d03c317aaf14fbf1374aeb83,2783,0x3619a23c191723e939bf47f437ae7d2ddafc8499607c6caf2df1f89b32b12863,0x7d7696a4ffe79d4deac802e89d3ce1069d7ff724,0xdac17f958d2ee523a2206206994597c13d831ec7,0x41f8d14c9475444f30a80431c68cf24dc9a8369a,2000098500.0,Tether USD,USDT,6,200,450000,136000000000,274420,11386592,deprecated,4090594
625,11095955,2020-10-20 23:17:21,0x6afd8ec1528bcdf95669cda54efde01bb5fc84bfa2c2520eaea3294466b10794,6239,0x5c12b3c4413a7b7a742dd26869cebdac43cb1801c372244598fd98df8288974d,0xf823243f29f55c7f13c20b3f13deb99beda4e911,0xae66bea480f7a6c91f07c58f2aee185883558fb8,0x7d7696a4ffe79d4deac802e89d3ce1069d7ff724,7.656353702330332e+17,EarnDefiCoin,EDC,18,10,355446,35000000000,51584,578290,deprecated,4088718
626,11097488,2020-10-21 05:02:55,0x13c1e391e777c25da7c53e33031144b0fba9dfc0f53a240550e96ccf9125618b,611,0x8c29ac1089cdb989552f1692961984d9916f95eaaee0bae8191be4e98332d9c0,0xe444f079e8f69ee32b2707974b5c994fa7dd944a,0x5beabaebb3146685dd74176f68a0721f91297d37,0x7d7696a4ffe79d4deac802e89d3ce1069d7ff724,9.033215359466998e+18,Bounce Token,BOT,18,70,165227,80000000000,112619,5519513,deprecated,4087185
627,11098493,2020-10-21 08:43:09,0xbb428932b42dfbede967b61830e133ceb470eb90523529c00ed87b7a01144cf8,612,0x1e7d066c5f3207cde2610719d055c3c0fa0d37b515996a0b6421ff4ffb213de1,0x7d7696a4ffe79d4deac802e89d3ce1069d7ff724,0x5beabaebb3146685dd74176f68a0721f91297d37,0xe444f079e8f69ee32b2707974b5c994fa7dd944a,9.033215359466998e+18,Bounce Token,BOT,18,20,168572,52000000000,112966,1153739,deprecated,4086180
628,11101054,2020-10-21 18:07:49,0x645fe5b7d2247f50bfdcb2158339e572d74027ce206e3451ac343a88a5c990bc,613,0x704a14b536672ef493e744321c3f5bf1cc80fc04f444dffcdfa4bc72d0d59307,0xb1b537b7272ba1eda0086e2f480adca72c0b511c,0x776ca7ded9474829ea20ad4a5ab7a6ffdb64c796,0x7d7696a4ffe79d4deac802e89d3ce1069d7ff724,1.6514386206789335e+19,TenSpeed.finance,TENS,18,106,190114,112000000000,146905,6756545,deprecated,4083619
629,11101133,2020-10-21 18:27:20,0x24c7d6e1f5456727ad9c09f948839a6d94793abdba4cd282db49e5293d871917,615,0x7d9cfd857a70440975d58a0e0408d2c174192080cd1d5f7044c42f5d64b4ff6a,0x7d7696a4ffe79d4deac802e89d3ce1069d7ff724,0x776ca7ded9474829ea20ad4a5ab7a6ffdb64c796,0xb1b537b7272ba1eda0086e2f480adca72c0b511c,1.6307956379204469e+19,TenSpeed.finance,TENS,18,112,256680,115400000000,187981,5289431,deprecated,4083540
630,11101133,2020-10-21 18:27:20,0x24c7d6e1f5456727ad9c09f948839a6d94793abdba4cd282db49e5293d871917,615,0x7d9cfd857a70440975d58a0e0408d2c174192080cd1d5f7044c42f5d64b4ff6a,0x7d7696a4ffe79d4deac802e89d3ce1069d7ff724,0x776ca7ded9474829ea20ad4a5ab7a6ffdb64c796,0x0000000000000000000000000000000000000000,4.1285965516973336e+16,TenSpeed.finance,TENS,18,112,256680,115400000000,187981,5289431,deprecated,4083540
631,11101133,2020-10-21 18:27:20,0x24c7d6e1f5456727ad9c09f948839a6d94793abdba4cd282db49e5293d871917,615,0x7d9cfd857a70440975d58a0e0408d2c174192080cd1d5f7044c42f5d64b4ff6a,0x7d7696a4ffe79d4deac802e89d3ce1069d7ff724,0x776ca7ded9474829ea20ad4a5ab7a6ffdb64c796,0xf983ecf91195bd63de8445997082680e688749bc,1.6514386206789334e+17,TenSpeed.finance,TENS,18,112,256680,115400000000,187981,5289431,deprecated,4083540
632,11101333,2020-10-21 19:17:39,0x1e263811b168e185433d52dfa18a9ec9b5791612c6ca6cfa771cd9509318bbc7,616,0x0766483d2da51732fd6c9b6fea2de553449339d34053c6e9b240fd58076134c4,0xb1b537b7272ba1eda0086e2f480adca72c0b511c,0x776ca7ded9474829ea20ad4a5ab7a6ffdb64c796,0x7d7696a4ffe79d4deac802e89d3ce1069d7ff724,1.7084256313427395e+19,TenSpeed.finance,TENS,18,14,203541,103000000000,158921,1037497,deprecated,4083340
633,11101430,2020-10-21 19:37:50,0xb349d40456c5b6b753d774274ee68fd16d0ca618a3b3b9667c9f81fda85efb66,617,0xc63d55237d28ecbbcfb8433f480380e60758b5696867af06c18ce1b04eb3d3ed,0x7d7696a4ffe79d4deac802e89d3ce1069d7ff724,0x776ca7ded9474829ea20ad4a5ab7a6ffdb64c796,0xb1b537b7272ba1eda0086e2f480adca72c0b511c,1.6870703109509552e+19,TenSpeed.finance,TENS,18,91,251425,88000000000,199997,4415983,deprecated,4083243
634,11101430,2020-10-21 19:37:50,0xb349d40456c5b6b753d774274ee68fd16d0ca618a3b3b9667c9f81fda85efb66,617,0xc63d55237d28ecbbcfb8433f480380e60758b5696867af06c18ce1b04eb3d3ed,0x7d7696a4ffe79d4deac802e89d3ce1069d7ff724,0x776ca7ded9474829ea20ad4a5ab7a6ffdb64c796,0x0000000000000000000000000000000000000000,4.271064078356849e+16,TenSpeed.finance,TENS,18,91,251425,88000000000,199997,4415983,deprecated,4083243
635,11101430,2020-10-21 19:37:50,0xb349d40456c5b6b753d774274ee68fd16d0ca618a3b3b9667c9f81fda85efb66,617,0xc63d55237d28ecbbcfb8433f480380e60758b5696867af06c18ce1b04eb3d3ed,0x7d7696a4ffe79d4deac802e89d3ce1069d7ff724,0x776ca7ded9474829ea20ad4a5ab7a6ffdb64c796,0xf983ecf91195bd63de8445997082680e688749bc,1.7084256313427395e+17,TenSpeed.finance,TENS,18,91,251425,88000000000,199997,4415983,deprecated,4083243
636,11101472,2020-10-21 19:48:47,0x6230ddcd42d15d5d0743eac9cfb923dc68e9bb83cda1b96c63d81c0ca0dca1b4,618,0xfc1a8bd4d97cc0cce9a2562085a68f8eef851c983ff91c10d03bab80aee3c7e7,0xb1b537b7272ba1eda0086e2f480adca72c0b511c,0x776ca7ded9474829ea20ad4a5ab7a6ffdb64c796,0x7d7696a4ffe79d4deac802e89d3ce1069d7ff724,1.7119739609623738e+19,TenSpeed.finance,TENS,18,8,190114,93212100000,158921,975860,deprecated,4083201
637,11101562,2020-10-21 20:06:46,0x137fc66320cbd2e3aedd90a9c2471d879589b5f3ae951db2844d1be25014bdd2,619,0x6d2957300e1f7e5db0a3296ef28c786e746543c19478033066e307e2d9aee899,0xb1b537b7272ba1eda0086e2f480adca72c0b511c,0x776ca7ded9474829ea20ad4a5ab7a6ffdb64c796,0x7d7696a4ffe79d4deac802e89d3ce1069d7ff724,1.2345167433528287e+19,TenSpeed.finance,TENS,18,216,175389,56000000000,145744,12402055,deprecated,4083111
638,11102126,2020-10-21 22:12:15,0x4bd80cbf99b6402b30b3a5981ef89929437793fd8e99777c69ccdb63388b0c57,620,0xc9e84e09e8b2080ce9e0f921884cad49656ec5fcd1be2e56522e00d24c02284f,0x7d7696a4ffe79d4deac802e89d3ce1069d7ff724,0x776ca7ded9474829ea20ad4a5ab7a6ffdb64c796,0xb1b537b7272ba1eda0086e2f480adca72c0b511c,1.28375e+19,TenSpeed.finance,TENS,18,178,269871,42000000000,219750,8026591,deprecated,4082547
639,11102126,2020-10-21 22:12:15,0x4bd80cbf99b6402b30b3a5981ef89929437793fd8e99777c69ccdb63388b0c57,620,0xc9e84e09e8b2080ce9e0f921884cad49656ec5fcd1be2e56522e00d24c02284f,0x7d7696a4ffe79d4deac802e89d3ce1069d7ff724,0x776ca7ded9474829ea20ad4a5ab7a6ffdb64c796,0x0000000000000000000000000000000000000000,3.25e+16,TenSpeed.finance,TENS,18,178,269871,42000000000,219750,8026591,deprecated,4082547
640,11102126,2020-10-21 22:12:15,0x4bd80cbf99b6402b30b3a5981ef89929437793fd8e99777c69ccdb63388b0c57,620,0xc9e84e09e8b2080ce9e0f921884cad49656ec5fcd1be2e56522e00d24c02284f,0x7d7696a4ffe79d4deac802e89d3ce1069d7ff724,0x776ca7ded9474829ea20ad4a5ab7a6ffdb64c796,0xf983ecf91195bd63de8445997082680e688749bc,1.3e+17,TenSpeed.finance,TENS,18,178,269871,42000000000,219750,8026591,deprecated,4082547
641,11102186,2020-10-21 22:24:36,0x08c14fa04d2299ddfe88273331df19dca47db2e2b4f7c22084260b13a0808c38,621,0x8dc0d524449f593a58fd628d8a79c1c21a7ad07f8b56b9c249e5df86c81ab37f,0x93c8fcd19a4177ae8eab99d4c0223bb718a61406,0x791ee64115f8965aa85c96655eebd02f81fb02ac,0x7d7696a4ffe79d4deac802e89d3ce1069d7ff724,3.61323568651613e+20,UniLaunchpad.com | RELIANCE,RELI,18,77,177082,40000000000,135243,6382376,deprecated,4082487
642,11102201,2020-10-21 22:28:16,0x3f74f5d19c7f52583680c76b24c3762e03814ac0f46942c1555d23d9fa2b191a,623,0xcb5e3c6128f595c1c10e405dc9ca08e0520b86bfeb6d804164263db9cc80ebac,0x93c8fcd19a4177ae8eab99d4c0223bb718a61406,0x791ee64115f8965aa85c96655eebd02f81fb02ac,0x7d7696a4ffe79d4deac802e89d3ce1069d7ff724,1.445843876014683e+21,UniLaunchpad.com | RELIANCE,RELI,18,99,146892,50000000000,120243,6592634,deprecated,4082472
643,11102376,2020-10-21 23:03:21,0x478f701191896dcb6ee2455c449c3853bd4fd8d50e5ba16f109632013d359ec4,624,0x0527ccda18963bcef68000e6a86750d3a93487013afbe34cc3c0785c60b73075,0x7d7696a4ffe79d4deac802e89d3ce1069d7ff724,0x791ee64115f8965aa85c96655eebd02f81fb02ac,0x93c8fcd19a4177ae8eab99d4c0223bb718a61406,1.7168090724329812e+21,UniLaunchpad.com | RELIANCE,RELI,18,120,184265,42000000000,126926,10878264,deprecated,4082297
644,11102376,2020-10-21 23:03:21,0x478f701191896dcb6ee2455c449c3853bd4fd8d50e5ba16f109632013d359ec4,624,0x0527ccda18963bcef68000e6a86750d3a93487013afbe34cc3c0785c60b73075,0x7d7696a4ffe79d4deac802e89d3ce1069d7ff724,0x791ee64115f8965aa85c96655eebd02f81fb02ac,0x0000000000000000000000000000000000000000,9.03583722333148e+19,UniLaunchpad.com | RELIANCE,RELI,18,120,184265,42000000000,126926,10878264,deprecated,4082297
645,11102906,2020-10-22 00:59:09,0x5ced1328dcbd4a1abfba21c5ce40dcee9eef134573210065a5f978a4c7124260,625,0x0b5393ae86b4188375a3815a3bcd1fe9ad10756978885bca3318deb8f1929170,0x7d7696a4ffe79d4deac802e89d3ce1069d7ff724,0x776ca7ded9474829ea20ad4a5ab7a6ffdb64c796,0xb1b537b7272ba1eda0086e2f480adca72c0b511c,1.6259095705112625e+19,TenSpeed.finance,TENS,18,190,264643,53000000000,199997,11905540,deprecated,4081767
646,11102906,2020-10-22 00:59:09,0x5ced1328dcbd4a1abfba21c5ce40dcee9eef134573210065a5f978a4c7124260,625,0x0b5393ae86b4188375a3815a3bcd1fe9ad10756978885bca3318deb8f1929170,0x7d7696a4ffe79d4deac802e89d3ce1069d7ff724,0x776ca7ded9474829ea20ad4a5ab7a6ffdb64c796,0x0000000000000000000000000000000000000000,4.116226760788006e+16,TenSpeed.finance,TENS,18,190,264643,53000000000,199997,11905540,deprecated,4081767
647,11102906,2020-10-22 00:59:09,0x5ced1328dcbd4a1abfba21c5ce40dcee9eef134573210065a5f978a4c7124260,625,0x0b5393ae86b4188375a3815a3bcd1fe9ad10756978885bca3318deb8f1929170,0x7d7696a4ffe79d4deac802e89d3ce1069d7ff724,0x776ca7ded9474829ea20ad4a5ab7a6ffdb64c796,0xf983ecf91195bd63de8445997082680e688749bc,1.6464907043152026e+17,TenSpeed.finance,TENS,18,190,264643,53000000000,199997,11905540,deprecated,4081767
648,11104606,2020-10-22 07:19:57,0x183e8013e39739d012bf5688ea4cf5af80765a4de67d049d74576cac4ef84a8a,627,0x84e4d364916100b55226ba657635fb112facfbc52801bdfc44f5474caff16bd1,0x12cacb34893acdd2114c44077728ecb00d26e57f,0xf5a562597d5fb5cc19482379755e1a5275a6607b,0x7d7696a4ffe79d4deac802e89d3ce1069d7ff724,1029661459.0,FOOT COIN,XFOC,7,1,165691,100000000000,113032,243658,deprecated,4080067
649,11104774,2020-10-22 07:54:49,0x3ff4704e32254b66f6911f33705ff8aa802d063cd1cc924230764cadd9ea6a5a,629,0x57c3b2691cb6f1d243b6771803758471602a35c8f1aeb65437c5636fdf884993,0x7d7696a4ffe79d4deac802e89d3ce1069d7ff724,0xf5a562597d5fb5cc19482379755e1a5275a6607b,0x12cacb34893acdd2114c44077728ecb00d26e57f,1029661459.0,FOOT COIN,XFOC,7,6,168961,100000000000,113319,474710,deprecated,4079899
650,11104883,2020-10-22 08:17:55,0xf97963b1c4fcec8d5e523606d4d8f44aad24a33bbe5ae3fcc58d5cdcf60a6ee5,630,0xb4e5c8eba4adb42d7d42d0294d6804984487f48dc0b26b3e44435f0844c15ad6,0x96c0c50b3c8439b8e9206ac65cf393d98960ffab,0x1706c33b9a5b12aeb85b862215378dee9480eb95,0x7d7696a4ffe79d4deac802e89d3ce1069d7ff724,8.303490314030345e+18,BananoDOS,yBAN,18,156,177334,48000000000,135469,7808212,deprecated,4079790
651,11105650,2020-10-22 11:14:15,0x56836b6915947e30555c06f774c8c4bdab2c80c32d32eb3689561f741506f492,633,0x17086b3ac82ba3baeab99a3a55ea8e9ee31f25370feb55c03ffd148315af02ba,0x7d7696a4ffe79d4deac802e89d3ce1069d7ff724,0x1706c33b9a5b12aeb85b862215378dee9480eb95,0x96c0c50b3c8439b8e9206ac65cf393d98960ffab,2.254e+18,BananoDOS,yBAN,18,93,183394,70565500000,141134,5120375,deprecated,4079023
652,11105650,2020-10-22 11:14:15,0x56836b6915947e30555c06f774c8c4bdab2c80c32d32eb3689561f741506f492,633,0x17086b3ac82ba3baeab99a3a55ea8e9ee31f25370feb55c03ffd148315af02ba,0x7d7696a4ffe79d4deac802e89d3ce1069d7ff724,0x1706c33b9a5b12aeb85b862215378dee9480eb95,0x0000000000000000000000000000000000000000,4.6e+16,BananoDOS,yBAN,18,93,183394,70565500000,141134,5120375,deprecated,4079023
653,11105874,2020-10-22 12:06:05,0xb04d3985e81d920a0ed86e03163386c3e9d12182351d3931b00cbdc6c6871ef3,634,0xd10025f6d253b1f4d67d0c1563b7c0c33d32a70f4361ac43d5d9e4be4a175740,0x7d7696a4ffe79d4deac802e89d3ce1069d7ff724,0x1706c33b9a5b12aeb85b862215378dee9480eb95,0x96c0c50b3c8439b8e9206ac65cf393d98960ffab,5.883420507749738e+18,BananoDOS,yBAN,18,197,183420,83000000000,126158,8109357,deprecated,4078799
654,11105874,2020-10-22 12:06:05,0xb04d3985e81d920a0ed86e03163386c3e9d12182351d3931b00cbdc6c6871ef3,634,0xd10025f6d253b1f4d67d0c1563b7c0c33d32a70f4361ac43d5d9e4be4a175740,0x7d7696a4ffe79d4deac802e89d3ce1069d7ff724,0x1706c33b9a5b12aeb85b862215378dee9480eb95,0x0000000000000000000000000000000000000000,1.2006980628060691e+17,BananoDOS,yBAN,18,197,183420,83000000000,126158,8109357,deprecated,4078799
655,11106671,2020-10-22 14:59:05,0xa09ff62d668f2b4e675682a002a8d9d23e33d24fd7a7ad0894547c6522fef17c,635,0x0b529251f724f0b5c44581060986f7033991930c0e14a51fcd9e122ca11cb4e9,0xb4e16d0168e52d35cacd2c6185b44281ec28c9dc,0xa0b86991c6218b36c1d19d4a2e9eb0ce3606eb48,0x7d7696a4ffe79d4deac802e89d3ce1069d7ff724,5036711778.0,USD Coin,USDC,6,106,161528,79200000000,121324,6085517,deprecated,4078002
656,11106768,2020-10-22 15:20:39,0x43bf1940c14a84e6d43dbdc84582a7daddb07ee24f1ac3f07bbf62f7f4a56bda,636,0x5ce7cfe195177e77ee8bca96d8664bddf6d2c1b05be40d7053d01374073f665c,0x7d7696a4ffe79d4deac802e89d3ce1069d7ff724,0xa0b86991c6218b36c1d19d4a2e9eb0ce3606eb48,0x9a4a66469e0f89ab415dde904db8ef303b12e1a7,5036700000.0,USD Coin,USDC,6,53,60000,100000000000,57393,3145576,deprecated,4077905
657,11106884,2020-10-22 15:47:27,0x533f18828e805370c2f39acdf1ed3a0478d379cdbc32ff5fe46b4591cff34d58,3045209,0x03ef9311dbba8235b49bde998e90c42fe7ce469e15287a9404dd466855f43d3e,0x0681d8db095565fe8a346fa0277bffde9c0edbbf,0xa0b86991c6218b36c1d19d4a2e9eb0ce3606eb48,0x7d7696a4ffe79d4deac802e89d3ce1069d7ff724,4976015830.0,USD Coin,USDC,6,79,207128,96000000000,42393,4112203,deprecated,4077789
658,11106889,2020-10-22 15:49:08,0x25a5f0d58f2434351b596ee5e427cf27bd169c5e9fa2b7c4f61d4ea2c7384c11,637,0xe77eab590cf3592cf0242ee517ad129212fd2db5312d95d7bb6bd8902ecbc7e5,0x7d7696a4ffe79d4deac802e89d3ce1069d7ff724,0xa0b86991c6218b36c1d19d4a2e9eb0ce3606eb48,0x88ff79eb2bc5850f27315415da8685282c7610f9,4976027608.0,USD Coin,USDC,6,113,155062,87000000000,119542,4464507,deprecated,4077784
659,11106889,2020-10-22 15:49:08,0x25a5f0d58f2434351b596ee5e427cf27bd169c5e9fa2b7c4f61d4ea2c7384c11,637,0xe77eab590cf3592cf0242ee517ad129212fd2db5312d95d7bb6bd8902ecbc7e5,0x88ff79eb2bc5850f27315415da8685282c7610f9,0x36f3fd68e7325a35eb768f1aedaae9ea0689d723,0x7d7696a4ffe79d4deac802e89d3ce1069d7ff724,3.0596309139103023e+21,Empty Set Dollar,ESD,18,113,155062,87000000000,119542,4464507,deprecated,4077784
660,11106938,2020-10-22 15:57:01,0x3770ff03e8aaa24f33b50bbbdbbb3927d733c6f9eafb2370dd5350189c2ccf15,639,0x70cc040a9327061e7f871f974394e590b4e76367606265e35c51fa4a03ecfc37,0x7d7696a4ffe79d4deac802e89d3ce1069d7ff724,0x36f3fd68e7325a35eb768f1aedaae9ea0689d723,0x443d2f2755db5942601fa062cc248aaa153313d3,3.0596309139103023e+21,Empty Set Dollar,ESD,18,58,85893,78000001561,60104,3416011,deprecated,4077735
661,11106945,2020-10-22 15:59:16,0xff3f33238ac2ce18ead3bc33d98aacb8c45539fb5aa7de9898b0d59937d71a78,640,0x4047b0d4f642a6c47e871d70db7b1f7a045fa7a5aa9f2b5267cf10ab7d5dadd4,0x0000000000000000000000000000000000000000,0x443d2f2755db5942601fa062cc248aaa153313d3,0x7d7696a4ffe79d4deac802e89d3ce1069d7ff724,2.21634752993864e+23,Empty Set Dollar Stake,ESDS,18,223,112205,78000001561,86005,12219534,deprecated,4077728
662,11107151,2020-10-22 16:43:02,0xe15d0465f81b716faf4bf9184c6c47d7f2e80c1eaa053bfcaa41147fb298c3d7,641,0x81d94a01a8cd94c992edcd19545bba693bea523abad9ed2934fdb0b55510bfb1,0x7d7696a4ffe79d4deac802e89d3ce1069d7ff724,0x443d2f2755db5942601fa062cc248aaa153313d3,0x0000000000000000000000000000000000000000,1.9872738588917867e+22,Empty Set Dollar Stake,ESDS,18,121,96152,84000001561,85202,12367515,deprecated,4077522
663,11107235,2020-10-22 16:57:57,0x33f5f065f5eddf4df2be9043f7e0a61c9423369be44e027332b47ad4839c4044,642,0x7bc0009aaecd4989582bb4ba9c479f77f6bcccb90731c8d68fc335544902294b,0x0000000000000000000000000000000000000000,0x443d2f2755db5942601fa062cc248aaa153313d3,0x7d7696a4ffe79d4deac802e89d3ce1069d7ff724,1.9872738588917867e+22,Empty Set Dollar Stake,ESDS,18,101,77448,35000001561,51791,7933188,deprecated,4077438
664,11109785,2020-10-23 02:13:03,0x88c77c3259802a23f75a704c8df30a17929640246209c3fc4a720eec8d51829b,643,0x812a1bca75c6c0dfc1af24fad963b71c1044387e74e32b937dd0edcfa636ec10,0x7d7696a4ffe79d4deac802e89d3ce1069d7ff724,0x443d2f2755db5942601fa062cc248aaa153313d3,0x0000000000000000000000000000000000000000,2.21634752993864e+23,Empty Set Dollar Stake,ESDS,18,243,96176,39000001561,85226,11903141,deprecated,4074888
665,11110957,2020-10-23 06:31:14,0x8c88ea883f28b85391f630a22587278c31d508b35c47ea84bd97f2bc102e22d6,644,0x457d24e66625c8a693f8f5de896faf86273169bdf6b7b35fc097e27333b8ba54,0x0000000000000000000000000000000000000000,0x538b4b507d57bf9ebd8847ec395b7b061c150181,0x7d7696a4ffe79d4deac802e89d3ce1069d7ff724,9.421180537477165e+18,kKUSH,kKUSH,18,207,92387,38000001561,67387,9036975,deprecated,4073716
666,11110971,2020-10-23 06:35:24,0x9eb060bc9acf32f78453fc2d50c96884273e7d7a7ac27a6be8c84eca095c3871,645,0x52614ae6499aa884bd25339eef01a761c39786ed46aab4f719398cb346a0485e,0x538b4b507d57bf9ebd8847ec395b7b061c150181,0x3f09400313e83d53366147e3ea0e4e2279d80850,0x7d7696a4ffe79d4deac802e89d3ce1069d7ff724,6.292292423193537e+20,KUSH.FINANCE,kSEED,18,163,111358,35000001561,86358,11647401,deprecated,4073702
667,11110989,2020-10-23 06:39:31,0x3dd191c09cd2f99269c888b87f1a383e17707fc2c40f23ec81c95e1669140d10,647,0xd6417c3550166b3f1752b79ce05b64aaf83abe5e350ac347888587a4b813e33e,0x7d7696a4ffe79d4deac802e89d3ce1069d7ff724,0x3f09400313e83d53366147e3ea0e4e2279d80850,0xdcff4c70131b476595b449c7db17cd92663aa513,6.292292423193537e+20,KUSH.FINANCE,kSEED,18,128,168148,36300000001,112580,6454708,deprecated,4073684
668,11111011,2020-10-23 06:43:48,0xaf9dab3e9eec534fee9328badacaf0d141889db904fe6498cb654088412b9ae9,649,0x2af1da221b7f97e4c5064ab47aa8808a55501a09c2ac4d2c0d01622e0adccce9,0x7d7696a4ffe79d4deac802e89d3ce1069d7ff724,0x538b4b507d57bf9ebd8847ec395b7b061c150181,0xdd0e143868b34d97355f249a4ddffbee03fd0481,9.421180537477165e+18,kKUSH,kKUSH,18,136,168226,36503775000,112651,5738333,deprecated,4073662
669,11111330,2020-10-23 08:01:51,0x23b816233aaab87c6fcb640cf85bd863402bcf399963963e9410cb990394513f,650,0x27e20e9e652eaefa0ed178bf9b0857522372b80a006d458b477e0a58b59d25b8,0x443d2f2755db5942601fa062cc248aaa153313d3,0x36f3fd68e7325a35eb768f1aedaae9ea0689d723,0x7d7696a4ffe79d4deac802e89d3ce1069d7ff724,3.6636771329816585e+21,Empty Set Dollar,ESD,18,0,84527,200000000000,58759,58759,deprecated,4073343
670,11111334,2020-10-23 08:04:21,0x1f26f70ede404e2ff0bde21459f2cf22f0efc0041b6c4baac1618f645ee917ac,652,0x8120c2826ce2dc73f2064bd4607ed03f36effba59f4f2db901222540290a942a,0x7d7696a4ffe79d4deac802e89d3ce1069d7ff724,0x36f3fd68e7325a35eb768f1aedaae9ea0689d723,0x88ff79eb2bc5850f27315415da8685282c7610f9,3.6636771329816585e+21,Empty Set Dollar,ESD,18,9,147352,142900000233,100427,909098,deprecated,4073339
671,11111334,2020-10-23 08:04:21,0x1f26f70ede404e2ff0bde21459f2cf22f0efc0041b6c4baac1618f645ee917ac,652,0x8120c2826ce2dc73f2064bd4607ed03f36effba59f4f2db901222540290a942a,0x88ff79eb2bc5850f27315415da8685282c7610f9,0xa0b86991c6218b36c1d19d4a2e9eb0ce3606eb48,0x7d7696a4ffe79d4deac802e89d3ce1069d7ff724,5211121139.0,USD Coin,USDC,6,9,147352,142900000233,100427,909098,deprecated,4073339
672,11111367,2020-10-23 08:11:23,0x6943c51a6bdf91be180d2b728a583528d51b5085a7d6bab653af6455224a09a0,653,0xe2dc94f62ed303094a63ec4ca953238b4aba99f00ce62e4e9f155ecd1b411b2c,0x7d7696a4ffe79d4deac802e89d3ce1069d7ff724,0xa0b86991c6218b36c1d19d4a2e9eb0ce3606eb48,0x3041cbd36888becc7bbcbc0045e3b1f144466f5f,500000000.0,USD Coin,USDC,6,47,257438,54000000000,204623,1471497,deprecated,4073306
673,11111620,2020-10-23 09:10:50,0x3b56c358fceb8373d441a684a450edc26ba8c5af7d0ef6f1a82929d05b48a184,656,0xc38dca98f0344cfa4b4e43b635caf302034ead04dfea5580a8851d7e95e6368e,0x7d7696a4ffe79d4deac802e89d3ce1069d7ff724,0xa0b86991c6218b36c1d19d4a2e9eb0ce3606eb48,0xb4e16d0168e52d35cacd2c6185b44281ec28c9dc,2100000000.0,USD Coin,USDC,6,192,164731,49000000000,136490,10403673,deprecated,4073053
674,11111629,2020-10-23 09:12:20,0x166e693699092279d4acca232e46a021f739c7b0b0025613d100cdf97fb090d7,657,0xc36b8e56ef0332d1e7407caafd5806b5226e73968629e896265d590f04b5d96b,0x96c0c50b3c8439b8e9206ac65cf393d98960ffab,0x1706c33b9a5b12aeb85b862215378dee9480eb95,0x7d7696a4ffe79d4deac802e89d3ce1069d7ff724,8.282822327317154e+18,BananoDOS,yBAN,18,19,177334,100000000000,135469,859848,deprecated,4073044
675,11111719,2020-10-23 09:34:29,0xa83021a7b91e5cce3aaa10e8e4eda14f8c7bca86fe3aafbdb9a30706a2494f2c,658,0x45373d148dc2606ddc147608ff35404732e5abb098793669713293fe9432c361,0x7d7696a4ffe79d4deac802e89d3ce1069d7ff724,0xa0b86991c6218b36c1d19d4a2e9eb0ce3606eb48,0xb4e16d0168e52d35cacd2c6185b44281ec28c9dc,2611121139.0,USD Coin,USDC,6,55,164744,51000000000,121502,3523386,deprecated,4072954
676,11111830,2020-10-23 09:58:50,0xb50c4340ed5ecb86ac6a70b3a552122d700201488407c348043a6c3b360228bb,659,0x96f424091e69e789e0b711e3d7b1d5cbd8c7e1a782735d0fabb22373ce902cac,0xaf996125e98b5804c00ffdb4f7ff386307c99a00,0x5befbb272290dd5b8521d4a938f6c4757742c430,0x7d7696a4ffe79d4deac802e89d3ce1069d7ff724,2.1107825859729342e+19,Xfinance,XFI,18,57,151732,100000000000,124575,3692144,deprecated,4072843
677,11111923,2020-10-23 10:19:52,0x93f331f6f83582b7efe51096a96bebc51a0104693c8347d6c5b78337432b39aa,661,0x29c5500be504ba877711f7b985fd73f1db3d6e68d7aa36f3d1174787671d2e47,0x7d7696a4ffe79d4deac802e89d3ce1069d7ff724,0x5befbb272290dd5b8521d4a938f6c4757742c430,0xaf996125e98b5804c00ffdb4f7ff386307c99a00,2.1107825859729342e+19,Xfinance,XFI,18,154,155239,66000000000,100845,7296789,deprecated,4072750
678,11112931,2020-10-23 13:56:35,0x87db93818402cae4b41629c9499b9de1591eea9c758faff0376263bc2f7c8264,662,0x10fef481e5b7bdb4cecacf3c219eee418f96999c82c863308e4505536ef57b4e,0x650e8b9d20293a276f76be24da4ce25f2d0090fb,0xaa9d866666c2a3748d6b23ff69e63e52f08d9ab4,0x7d7696a4ffe79d4deac802e89d3ce1069d7ff724,2.4488143508135163e+21,Fundamenta,FMTA,18,146,249640,57000000000,197196,8171225,deprecated,4071742
679,11113737,2020-10-23 16:49:19,0x68e054f60be24d61c7cfbc155470c549f5815f09b81a14642337d685fb875f9c,666,0xce336307f065e87babff44b03e48aee84b1d1420a3e16e73627c6137382db636,0xc9ca10d36441b5b45d5e63480139105f037972e0,0x3c9d6c1c73b31c837832c72e04d3152f051fc1a9,0x7d7696a4ffe79d4deac802e89d3ce1069d7ff724,1.280368399396525e+19,BoringDAO,BOR,18,82,169694,146000000000,128632,4983075,deprecated,4070936
680,11113832,2020-10-23 17:08:53,0xf52b1b6299d80a4704c1d490c7bad536454aefa3867bb893d9cfd201b76c3b9d,669,0x9aa0fde24b39116635fca1e037911e453e6b54ffeccd4d05b3bb627520109604,0x7d7696a4ffe79d4deac802e89d3ce1069d7ff724,0xaa9d866666c2a3748d6b23ff69e63e52f08d9ab4,0x650e8b9d20293a276f76be24da4ce25f2d0090fb,2.4488143508135163e+21,Fundamenta,FMTA,18,92,239771,119988000000,185578,7187253,deprecated,4070841
681,11113867,2020-10-23 17:14:55,0x0b65c73d87470cfef0463b3cbfce1d11c9c641e419a23bbc7ea8faa7128bd0cb,670,0x6fd602d43892173289a6fbdb9e94c152c1f1a226819156933df33ffe9a3aa8d1,0x7d7696a4ffe79d4deac802e89d3ce1069d7ff724,0x1706c33b9a5b12aeb85b862215378dee9480eb95,0x96c0c50b3c8439b8e9206ac65cf393d98960ffab,8.117165880770811e+18,BananoDOS,yBAN,18,52,183420,100000000000,126158,3815062,deprecated,4070806
682,11113867,2020-10-23 17:14:55,0x0b65c73d87470cfef0463b3cbfce1d11c9c641e419a23bbc7ea8faa7128bd0cb,670,0x6fd602d43892173289a6fbdb9e94c152c1f1a226819156933df33ffe9a3aa8d1,0x7d7696a4ffe79d4deac802e89d3ce1069d7ff724,0x1706c33b9a5b12aeb85b862215378dee9480eb95,0x0000000000000000000000000000000000000000,1.6565644654634307e+17,BananoDOS,yBAN,18,52,183420,100000000000,126158,3815062,deprecated,4070806
683,11113876,2020-10-23 17:16:04,0x543d605dc68799febde3b480d2fffce39e64f27ddd832290ecc5319397bcc209,671,0xd373ede70633e84c2d85660fec71270cc0317950f66ca81d337ff56441f47770,0xc9ca10d36441b5b45d5e63480139105f037972e0,0x3c9d6c1c73b31c837832c72e04d3152f051fc1a9,0x7d7696a4ffe79d4deac802e89d3ce1069d7ff724,2.111253957024213e+19,BoringDAO,BOR,18,142,152946,100000000000,113644,8196700,deprecated,4070797
684,11114082,2020-10-23 18:02:42,0x987a36df81f8c9e6399b6e2b515f6d71ff9c5c277e325aca5513738964b87304,672,0x36b61fa3cef988d5c64c36055ac38dbf99427bf9b356f0922f201a3dca980da7,0x7d7696a4ffe79d4deac802e89d3ce1069d7ff724,0x3c9d6c1c73b31c837832c72e04d3152f051fc1a9,0xc9ca10d36441b5b45d5e63480139105f037972e0,3.391622356420738e+19,BoringDAO,BOR,18,28,165064,100000000000,109777,2347642,deprecated,4070591
685,11114157,2020-10-23 18:15:57,0xedb35bbc2e6aaa5a243f7056925d32f04bc385f42858e315dfd12ffac455ec97,673,0x74450e9dd4e0b09c777f1584fade7838f91fcde2c3f2520889171aa4f20118f2,0x650e8b9d20293a276f76be24da4ce25f2d0090fb,0xaa9d866666c2a3748d6b23ff69e63e52f08d9ab4,0x7d7696a4ffe79d4deac802e89d3ce1069d7ff724,4.853757633854198e+21,Fundamenta,FMTA,18,145,236436,50000000000,173176,8940312,deprecated,4070516
686,11114309,2020-10-23 18:57:39,0x744737f662fa8fa6242deb080aea337bb2148f3dc53040bea101aaa74eabfd97,674,0xdffb38a0c4f5608968478f3f256dd19f47f90ce2ba50de253f8fedf619c24e9c,0x650e8b9d20293a276f76be24da4ce25f2d0090fb,0xaa9d866666c2a3748d6b23ff69e63e52f08d9ab4,0x7d7696a4ffe79d4deac802e89d3ce1069d7ff724,1.0509020513463965e+21,Fundamenta,FMTA,18,90,232878,51000000000,170180,6440978,deprecated,4070364
687,11115284,2020-10-23 22:36:52,0xe07556acb208de6448300a125ed1a8d7cfaf539515559d282129aefe1122d696,675,0x59d69b143a6e70423908db3e1ed00d7154a7ccfe218ce4730372481412998acd,0x96c0c50b3c8439b8e9206ac65cf393d98960ffab,0x1706c33b9a5b12aeb85b862215378dee9480eb95,0x7d7696a4ffe79d4deac802e89d3ce1069d7ff724,1.0739391840830607e+19,BananoDOS,yBAN,18,30,177334,23000000000,135469,2543413,deprecated,4069389
688,11118727,2020-10-24 11:19:16,0x50f1f5727463b473f95c913d982fd6e0ede9044dabaaf9327e061a049e0308db,676,0x1db4a4ff573ba49c9a0e11de61be3f092679a1189cd64b0d6833ae7c7714e524,0x7d7696a4ffe79d4deac802e89d3ce1069d7ff724,0x1706c33b9a5b12aeb85b862215378dee9480eb95,0x96c0c50b3c8439b8e9206ac65cf393d98960ffab,1.0524604004013994e+19,BananoDOS,yBAN,18,20,183420,50000000000,126158,1081569,deprecated,4065946
689,11118727,2020-10-24 11:19:16,0x50f1f5727463b473f95c913d982fd6e0ede9044dabaaf9327e061a049e0308db,676,0x1db4a4ff573ba49c9a0e11de61be3f092679a1189cd64b0d6833ae7c7714e524,0x7d7696a4ffe79d4deac802e89d3ce1069d7ff724,0x1706c33b9a5b12aeb85b862215378dee9480eb95,0x0000000000000000000000000000000000000000,2.1478783681661213e+17,BananoDOS,yBAN,18,20,183420,50000000000,126158,1081569,deprecated,4065946
690,11120227,2020-10-24 16:46:11,0x6f8cd1689dcad5b09b8c676bc423814fb9a4d0ea9b666cf8497482cc11180b05,677,0xc384b24b6c99533ac8f82c8689f4243232dccbadbc1f096748350cce34657a9f,0x650e8b9d20293a276f76be24da4ce25f2d0090fb,0xaa9d866666c2a3748d6b23ff69e63e52f08d9ab4,0x7d7696a4ffe79d4deac802e89d3ce1069d7ff724,3.0399027091667697e+21,Fundamenta,FMTA,18,178,219661,35000000000,170180,9136139,deprecated,4064446
691,11122944,2020-10-25 02:40:24,0x68d06b9be47293fb68bde55751519dca2977778ee427cdf0b7673cd483f9af50,458,0x9f19e38c29ac5192d509d9cbccbc611f7a6d3c0b8fef6ad5ac551305a12fbb20,0x53547aa199d23a0bef469fe9e4f41ceeb815d9c9,0x58a28ff771a66242a7139ba632e9fb6aec1aa037,0x7d7696a4ffe79d4deac802e89d3ce1069d7ff724,2500000000.0,hashminingcoin,HMC,8,181,60000,21000001459,52179,11875623,deprecated,4061729
692,11123246,2020-10-25 03:53:38,0x8a1a0d7f4e30f9ab0d2916f25610c01dea74ce999fd08293e26271e5898542fe,678,0x3b2caa1c7c4c4eaef156cb39cc358e9f72f7ebf05862eda8789fe71d66603dd3,0x06e4c11eaac88ae9253f9e86b60c8b4e7d4b281c,0x2e2364966267b5d7d2ce6cd9a9b5bd19d9c7c6a9,0x7d7696a4ffe79d4deac802e89d3ce1069d7ff724,6.30970597437105e+19,Voice Token,VOICE,18,200,172535,28600000000,131174,11939566,deprecated,4061427
693,11123400,2020-10-25 04:30:02,0xd0c23017e4c9fb2dd6d053e25905f93f2ad81ac407af4863ba7a0853beb13496,680,0xfeb385f2823064385c0e4666a5bbed47646e68b135f894307444e82195476249,0x7d7696a4ffe79d4deac802e89d3ce1069d7ff724,0x2e2364966267b5d7d2ce6cd9a9b5bd19d9c7c6a9,0x06e4c11eaac88ae9253f9e86b60c8b4e7d4b281c,6.24660891462734e+19,Voice Token,VOICE,18,64,197288,30000000000,138765,4256996,deprecated,4061273
694,11123400,2020-10-25 04:30:02,0xd0c23017e4c9fb2dd6d053e25905f93f2ad81ac407af4863ba7a0853beb13496,680,0xfeb385f2823064385c0e4666a5bbed47646e68b135f894307444e82195476249,0x7d7696a4ffe79d4deac802e89d3ce1069d7ff724,0x2e2364966267b5d7d2ce6cd9a9b5bd19d9c7c6a9,0x3c34de76ec06d7764dd62967f634e5f531a409d7,6.30970597437105e+17,Voice Token,VOICE,18,64,197288,30000000000,138765,4256996,deprecated,4061273
695,11123425,2020-10-25 04:34:27,0x2254b18d61fa0dd09b594dc63be31bbc6595e781979a6badb245bbe5748ee3b5,681,0xee9eddf5cb2776749ffe5bf39ad752f467753b2bb74f7615cdccfd91233154f4,0x650e8b9d20293a276f76be24da4ce25f2d0090fb,0xaa9d866666c2a3748d6b23ff69e63e52f08d9ab4,0x7d7696a4ffe79d4deac802e89d3ce1069d7ff724,4.811378856874718e+21,Fundamenta,FMTA,18,78,219661,33000000000,182196,4701392,deprecated,4061248
696,11126564,2020-10-25 16:09:01,0x87f55c4f4ff8e3863f1feefa5398c84d1cac1b3ac7528e6d4e9d257f41561c15,682,0xa104e5f08bdaf4c724923620a6f8b271956b8a4298a7b064f4fb585cd64b4bbf,0x318be2aa088ffb991e3f6e61afb276744e36f4ae,0x364a7381a5b378ced7ab33d1cdf6ff1bf162bfd6,0x7d7696a4ffe79d4deac802e89d3ce1069d7ff724,8.912759137380342e+19,DeFi-X Token,TGX,18,166,231444,33000000000,192696,11724501,deprecated,4058109
697,11126581,2020-10-25 16:13:27,0x18fd28b96d5338a27913a88cf83a2cc4986e693d16cca8fa7cad4cd0aaef46b1,684,0x65a03bad9038f05536435fda557e2420eba6414bee9184bafbfc3444a803d0df,0x7d7696a4ffe79d4deac802e89d3ce1069d7ff724,0xaa9d866666c2a3748d6b23ff69e63e52f08d9ab4,0x650e8b9d20293a276f76be24da4ce25f2d0090fb,1.3755941251242082e+22,Fundamenta,FMTA,18,2,239784,100000000000,185590,447460,deprecated,4058092
698,11126585,2020-10-25 16:14:14,0x02470421319c450c1a661fe2668ce6fb2e81b5993cf6f9c4915f782ed091feb7,685,0x3b1f2d923d3550c70c34666a57e3f2d8bd323bd186bd73631a5d9517c4f09afe,0x318be2aa088ffb991e3f6e61afb276744e36f4ae,0x364a7381a5b378ced7ab33d1cdf6ff1bf162bfd6,0x7d7696a4ffe79d4deac802e89d3ce1069d7ff724,1.519299308332711e+22,DeFi-X Token,TGX,18,84,214695,50000000000,177708,4408790,deprecated,4058088
699,11126745,2020-10-25 16:50:12,0x6d9a2b9c117d193730e09051f1a16e63d016b59e14aff38d44c8bd4e8b60f85e,686,0x3842c8d0294efe7a35c118b6cca6e9a18b7c511120aa93be3f0d2d32494ff738,0x7d7696a4ffe79d4deac802e89d3ce1069d7ff724,0x364a7381a5b378ced7ab33d1cdf6ff1bf162bfd6,0x318be2aa088ffb991e3f6e61afb276744e36f4ae,1e+18,DeFi-X Token,TGX,18,7,134587,100000000000,116125,381658,deprecated,4057928
700,11126745,2020-10-25 16:50:12,0x6d9a2b9c117d193730e09051f1a16e63d016b59e14aff38d44c8bd4e8b60f85e,686,0x3842c8d0294efe7a35c118b6cca6e9a18b7c511120aa93be3f0d2d32494ff738,0x318be2aa088ffb991e3f6e61afb276744e36f4ae,0xdac17f958d2ee523a2206206994597c13d831ec7,0x7d7696a4ffe79d4deac802e89d3ce1069d7ff724,236659.0,Tether USD,USDT,6,7,134587,100000000000,116125,381658,deprecated,4057928
701,11126916,2020-10-25 17:27:04,0x19c5a8c96ad695dcaa05d07f6d4cd7121c2ddd3cc2877ec98a0f69b8cb069915,687,0x985e15e4732a9dc5277d05e18ce6f6c6dd8de565d92470333b520236ce759d6b,0x7d7696a4ffe79d4deac802e89d3ce1069d7ff724,0x364a7381a5b378ced7ab33d1cdf6ff1bf162bfd6,0x318be2aa088ffb991e3f6e61afb276744e36f4ae,1.5281120674700914e+22,DeFi-X Token,TGX,18,10,134653,150000000000,101185,730990,deprecated,4057757
702,11126916,2020-10-25 17:27:04,0x19c5a8c96ad695dcaa05d07f6d4cd7121c2ddd3cc2877ec98a0f69b8cb069915,687,0x985e15e4732a9dc5277d05e18ce6f6c6dd8de565d92470333b520236ce759d6b,0x318be2aa088ffb991e3f6e61afb276744e36f4ae,0xdac17f958d2ee523a2206206994597c13d831ec7,0x7d7696a4ffe79d4deac802e89d3ce1069d7ff724,3652198204.0,Tether USD,USDT,6,10,134653,150000000000,101185,730990,deprecated,4057757
703,11127050,2020-10-25 17:55:56,0x86059d169f7f7edbc6ee5c332afd616d5e645de07a98ebffc0d415f9b6671e27,688,0x040bcda302bc6bc728b22bba1b84ee5e5c7a50114739939024cd92e7b9a1b3f8,0x7d7696a4ffe79d4deac802e89d3ce1069d7ff724,0xdac17f958d2ee523a2206206994597c13d831ec7,0x0d4a11d5eeaac28ec3f61d100daf4d40471f1852,3652434949.0,Tether USD,USDT,6,13,153411,50000000000,111199,1326289,deprecated,4057623
704,11127080,2020-10-25 18:04:19,0xb1cecbdd98cd60b5e8db410dfd24b07884fd2822d074a4d5a7bd99b6c660de3f,689,0x0ba9b27178de7602631b622a23a4223fc1f86b70d7c2f43e93a4ed654184a0f5,0x6e31ef0b62a8abe30d80d35476ca78897dffa769,0xa9c44135b3a87e0688c41cf8c27939a22dd437c9,0x7d7696a4ffe79d4deac802e89d3ce1069d7ff724,4.509355432645712e+19,BooBank,BOOB,18,4,211249,80000000000,165819,446299,deprecated,4057593
705,11127160,2020-10-25 18:21:58,0xf724ee1a7138519280676eb45470f2b38207585de6ffbffd9945f6ff3d828dca,691,0x7431c9b67e56103c2d76f7baae2686f9f159aa52e7f2aa4b9746ce3104592df4,0x6e168d4fd7569ea1c56d985256cd2e93ee12490e,0x7d36cce46dd2b0d28dde12a859c2ace4a21e3678,0x7d7696a4ffe79d4deac802e89d3ce1069d7ff724,1.4122603958904467e+19,Combine.finance,COMB,18,18,164980,58000000000,112397,725234,deprecated,4057513
706,11129980,2020-10-26 04:45:37,0xdc4fc7ccbaae792488013bdc433b7386475d198ed7228b9eb4532cec98c554c7,694,0x300148cfdb54e124720aea6711331194559868ec4c083cca94dc559032e5feb4,0x7d7696a4ffe79d4deac802e89d3ce1069d7ff724,0x7d36cce46dd2b0d28dde12a859c2ace4a21e3678,0x6e168d4fd7569ea1c56d985256cd2e93ee12490e,1.4122603958904467e+19,Combine.finance,COMB,18,83,168281,52000000000,112701,6874459,deprecated,4054693
707,11130045,2020-10-26 05:02:47,0xf310b07cf35e0d592fec7e355399a6583e9f50cc6e309aba6e304827df34cfb4,695,0x1e5c4f669ea06839a9b05858d575f6ae9a69503a696ef3d5989d99c9cdb82e45,0x0000000000000000000000000000000000000000,0x921c87490ccbef90a3b0fc1951bd9064f7220af6,0x7d7696a4ffe79d4deac802e89d3ce1069d7ff724,1.598771471574389e+18,Ectoplasma,ECTO,18,197,234578,63000000000,172665,10288403,deprecated,4054628
708,11130045,2020-10-26 05:02:47,0xf310b07cf35e0d592fec7e355399a6583e9f50cc6e309aba6e304827df34cfb4,695,0x1e5c4f669ea06839a9b05858d575f6ae9a69503a696ef3d5989d99c9cdb82e45,0x7d7696a4ffe79d4deac802e89d3ce1069d7ff724,0xa9c44135b3a87e0688c41cf8c27939a22dd437c9,0x0000000000000000000000000000000000000000,2.0497070148389604e+18,BooBank,BOOB,18,197,234578,63000000000,172665,10288403,deprecated,4054628
709,11130045,2020-10-26 05:02:47,0xf310b07cf35e0d592fec7e355399a6583e9f50cc6e309aba6e304827df34cfb4,695,0x1e5c4f669ea06839a9b05858d575f6ae9a69503a696ef3d5989d99c9cdb82e45,0x7d7696a4ffe79d4deac802e89d3ce1069d7ff724,0xa9c44135b3a87e0688c41cf8c27939a22dd437c9,0x6e31ef0b62a8abe30d80d35476ca78897dffa769,4.304384731161816e+19,BooBank,BOOB,18,197,234578,63000000000,172665,10288403,deprecated,4054628
710,11130306,2020-10-26 06:05:56,0x14b573d158e4ceabad67f462cd4cc9f6f574f2ff991ac56443a9f71af0daf853,697,0x6e2325a4074a907bacfb6f4f53b106be0eb2780e72a96c4a0da4f5416f0486fa,0x78ef93bc4669be675378c975dab646f3a0de1c32,0x32fb0c10a630b78e277371c1837820e1be0cdffa,0x7d7696a4ffe79d4deac802e89d3ce1069d7ff724,6.8847139307676295e+19,MFA coin,MFA,18,49,166161,70000000000,125471,4357381,deprecated,4054367
711,11130447,2020-10-26 06:37:13,0x95a31e08d4daaedaf5c56675a97129b75ffe282bcb338cb57a010f93ed166fd5,699,0x6a348c0c8060878af2cd639bb32831b4876eb187e6f6c05a4f0c8aa586cdc661,0x7d7696a4ffe79d4deac802e89d3ce1069d7ff724,0x32fb0c10a630b78e277371c1837820e1be0cdffa,0x78ef93bc4669be675378c975dab646f3a0de1c32,6.8847139307676295e+19,MFA coin,MFA,18,145,169380,70000001459,113700,8436128,deprecated,4054226
712,11130567,2020-10-26 07:06:11,0x8e1ba4b5b1b6bd97dbc0ad4082f8e69f2fcd360ae6a0207a58ffa5ca868b2248,700,0x2285fd5278fddfbdaefa07e1297e08726d2ee71fba075150a5f650d1f9afbe71,0x6591c4bcd6d7a1eb4e537da8b78676c1576ba244,0x0391d2021f89dc339f60fff84546ea23e337750f,0x7d7696a4ffe79d4deac802e89d3ce1069d7ff724,1.954698788070219e+19,BarnBridge Governance Token,BOND,18,211,236101,58000000000,172877,11238887,deprecated,4054106
713,11130575,2020-10-26 07:07:50,0x09ec5d3782249d26d660cb48e5d555112baf36e0c3af79649e77eaf830ca6d43,702,0xb569f2a89a104a3fd02cd23459495b45a361a88b9641fb6503649d2e1c5e5524,0x7d7696a4ffe79d4deac802e89d3ce1069d7ff724,0x0391d2021f89dc339f60fff84546ea23e337750f,0x6591c4bcd6d7a1eb4e537da8b78676c1576ba244,1.954698788070219e+19,BarnBridge Governance Token,BOND,18,99,252377,57600000000,185022,5725301,deprecated,4054098
714,11130690,2020-10-26 07:30:54,0x0eb539ae62ba87fa12011933b749ed8bb5e625cc733ed5969c5e9aa27c38ca7c,703,0xefc18714c0378e92d499c55c87ca6cf178a3b5fc1e963e2ef98b3987e05a2510,0x6591c4bcd6d7a1eb4e537da8b78676c1576ba244,0x0391d2021f89dc339f60fff84546ea23e337750f,0x7d7696a4ffe79d4deac802e89d3ce1069d7ff724,1.994051403850322e+19,BarnBridge Governance Token,BOND,18,70,249319,48400000000,184893,3900934,deprecated,4053983
715,11130784,2020-10-26 07:49:05,0xee7944dfd3b8d069576a3349a339792a0c684b7da4ac6f89fbe5502d774e95a0,705,0x72acbbb13ea0c50de9ea9885f0cbd120a0ddeabcfb3e1f688342d35698541c69,0x7d7696a4ffe79d4deac802e89d3ce1069d7ff724,0x0391d2021f89dc339f60fff84546ea23e337750f,0x6591c4bcd6d7a1eb4e537da8b78676c1576ba244,1.994051403850322e+19,BarnBridge Governance Token,BOND,18,1,252377,100000000000,185022,241219,deprecated,4053889
716,11131115,2020-10-26 09:00:54,0xd011455861781718c72b657a236f48d89af46335359dde3d92fb889da4b0202f,706,0xe01253a64cda976c30f2dc2de25b1e29b69e6be86e68f75f7045c3875db709d7,0xdf6b861b4fbcfaffb62dd1906fcd3a863955704b,0x6e36556b3ee5aa28def2a8ec3dae30ec2b208739,0x7d7696a4ffe79d4deac802e89d3ce1069d7ff724,7.839359582503541e+19,BUILD Finance,BUILD,18,3,165093,37000000000,112499,372377,deprecated,4053558
717,11131346,2020-10-26 09:54:37,0x317131a8106ef5141e54e9667c2da534f784ca9312d3e6bc455966598af11e90,708,0xb9aa350b879526247201cec0270858825a7f9e7772f35a80008ec1cb0f433f0f,0x4f04fa61c2db90cf14840148b72bdbf9aad0b5cb,0xec0a0915a7c3443862b678b0d4721c7ab133fdcf,0x7d7696a4ffe79d4deac802e89d3ce1069d7ff724,9.902122602652805e+17,Wrapped Origin Axie,WOA,18,193,165007,38000001459,112421,11183529,deprecated,4053327
718,11132144,2020-10-26 12:48:33,0x4d78ae0a874b85fd0d7e406e9ac71a1f8e8aa153a00592914790952503856e2d,710,0xd5826748c3f0a401f042f8612a7fc3961de39fd8a4681ae0972006c710ff286b,0x0000000000000000000000000000000000000000,0x163c754ef4d9c03fc7fa9cf6dd43bfc760e6ce89,0x7d7696a4ffe79d4deac802e89d3ce1069d7ff724,3.364844300482855e+20,MaggotToken,MAGGOT,18,125,226530,35000000000,179493,7400813,deprecated,4052529
719,11132144,2020-10-26 12:48:33,0x4d78ae0a874b85fd0d7e406e9ac71a1f8e8aa153a00592914790952503856e2d,710,0xd5826748c3f0a401f042f8612a7fc3961de39fd8a4681ae0972006c710ff286b,0x5a265315520696299fa1ece0701c3a1ba961b888,0xd04785c4d8195e4a54d9dec3a9043872875ae9e2,0x7d7696a4ffe79d4deac802e89d3ce1069d7ff724,1.3122892771883135e+22,RottenToken,ROT,18,125,226530,35000000000,179493,7400813,deprecated,4052529
720,11132437,2020-10-26 13:59:58,0xf4f34f2b67f1c306bad74e7fa094f3272a447dd71f0f75385c47153c682698b4,712,0xda2e94d801b42afbd0c66000905c5024979b492a39064fdd34fc4200fa727e15,0x7d7696a4ffe79d4deac802e89d3ce1069d7ff724,0xd04785c4d8195e4a54d9dec3a9043872875ae9e2,0x0000000000000000000000000000000000000000,3.2807231929707836e+20,RottenToken,ROT,18,51,216788,52800000000,156492,2634312,deprecated,4052236
721,11132437,2020-10-26 13:59:58,0xf4f34f2b67f1c306bad74e7fa094f3272a447dd71f0f75385c47153c682698b4,712,0xda2e94d801b42afbd0c66000905c5024979b492a39064fdd34fc4200fa727e15,0x7d7696a4ffe79d4deac802e89d3ce1069d7ff724,0xd04785c4d8195e4a54d9dec3a9043872875ae9e2,0x5a265315520696299fa1ece0701c3a1ba961b888,1.2794820452586057e+22,RottenToken,ROT,18,51,216788,52800000000,156492,2634312,deprecated,4052236
722,11132459,2020-10-26 14:04:45,0x25f7d6edad90e1517b0acdfd422ed8b428ffd7172e0af8da88bb0683aef232be,713,0xeb669a49ec9c1d072f63d488d14e33d4f9ec99da84fe9b514f82d1900563c21f,0x7d7696a4ffe79d4deac802e89d3ce1069d7ff724,0x6e36556b3ee5aa28def2a8ec3dae30ec2b208739,0xdf6b861b4fbcfaffb62dd1906fcd3a863955704b,7.839359582503541e+19,BUILD Finance,BUILD,18,64,168378,53000000000,112789,4181000,deprecated,4052214
723,11132879,2020-10-26 15:37:11,0x24e7c3c3784052c4c8a7149a2d11764592730e6faf088325e6bfde0337df6d90,714,0x6865a03d02b591ecd790800a420c06918d9298df26c30224327a3824fbaa0a74,0x5e564988d2abf1d3f29d18bbc83094aa054e37eb,0x69543db95ed98a52d38024e43ceef403a6bbb3ae,0x7d7696a4ffe79d4deac802e89d3ce1069d7ff724,1.2966292410216493e+19,GUG,GUG,18,102,237944,67000000000,189708,5667539,deprecated,4051794
724,11132884,2020-10-26 15:40:08,0xa0f34adee107ff5b466960c3e4ff44565da9262ed391b7f917e9a554655a84cf,716,0x0a10094bfce1cd3dfb279af14432dce7863d2f0805febddfca767b7c255a8897,0x5e564988d2abf1d3f29d18bbc83094aa054e37eb,0x69543db95ed98a52d38024e43ceef403a6bbb3ae,0x7d7696a4ffe79d4deac802e89d3ce1069d7ff724,7.369248446987631e+20,GUG,GUG,18,77,160222,100000000000,120156,6090764,deprecated,4051789
725,11133190,2020-10-26 16:43:45,0xada40d0eea26966a0f32579de50f76fd707cfa116b48dffe7f667133fb94eff5,717,0xcda1b0410082fadd6399b8d249a353f5138c5493270a131421590cdc38242d7a,0x4f04fa61c2db90cf14840148b72bdbf9aad0b5cb,0xec0a0915a7c3443862b678b0d4721c7ab133fdcf,0x7d7696a4ffe79d4deac802e89d3ce1069d7ff724,2.8066963626423526e+17,Wrapped Origin Axie,WOA,18,121,148245,90000000000,109437,9369457,deprecated,4051483
726,11135407,2020-10-27 00:50:32,0xdee35f123d534c9d2e049ce06d041790415797ba9de34a1ffe0d33ca9008e3f1,718,0x646ddaeefea2ae6d2bc834056a34c3cdc7f72acd8a803a193fce38a2e28b8801,0x7d7696a4ffe79d4deac802e89d3ce1069d7ff724,0xec0a0915a7c3443862b678b0d4721c7ab133fdcf,0x4f04fa61c2db90cf14840148b72bdbf9aad0b5cb,1.2708818965295158e+18,Wrapped Origin Axie,WOA,18,32,166371,30000000000,110965,3299641,deprecated,4049266
727,11135428,2020-10-27 00:54:59,0x8689692f526939a50391aabacf8be563a53c80c41662d45225b05977f20a9166,719,0x381e0757de60bab1edefcfb63d3bd6ae7a5c2ffb5b161e247375b36f7203d258,0x41d634a3ca3162b3c9b5b1317192b143608af345,0x5a08c1a3455e37ac6be0eae40f2a451d10529824,0x7d7696a4ffe79d4deac802e89d3ce1069d7ff724,4.931540754883192e+19,Yearn Gold Finance,YGF,18,14,171734,50000000000,118441,923635,deprecated,4049245
728,11136087,2020-10-27 03:24:19,0xd45e15284d55989327b85abc0a82364e481a8fa50dba0ba6bf27981d51ea397a,721,0x6fa88c7556414493e59bf3e6b985f68062fec91345320538f53c7050dcf700b6,0x7d7696a4ffe79d4deac802e89d3ce1069d7ff724,0x5a08c1a3455e37ac6be0eae40f2a451d10529824,0x41d634a3ca3162b3c9b5b1317192b143608af345,4.931540754883192e+19,Yearn Gold Finance,YGF,18,86,161735,42200000000,118766,4707444,deprecated,4048586
729,11137965,2020-10-27 10:11:55,0xcd780fb0645790450cec5e05c567a965a94fffab6568afaff0175067f18ea490,933,0x921550b60b8680cbbf88abd243deb919dfd59d90776de7aaea8ced3e55a6e956,0x0000000000000000000000000000000000000000,0xe534619defdbf0caf673b8abf7158714f5bd4bd9,0x7d7696a4ffe79d4deac802e89d3ce1069d7ff724,1.0,TokenFans Token,TFT,0,44,10000000,32000000000,5428215,7707564,deprecated,4046708
730,11138014,2020-10-27 10:20:26,0x04886dc5b1929dadbee09680a91aff7b1a47f21f10bc2c7d5886ba93c302db14,723,0xd8207ea27de686112f36e7dfe1d17338354f048020261f536137b38ba1c2a3c3,0x20ade0b79ec5c71d0f2e418292c31c9782336a4d,0x61938ce5ada267ddeb0d1be25bc94320320845a6,0x7d7696a4ffe79d4deac802e89d3ce1069d7ff724,1.7524683350097535e+19,HDU token,HDU,18,1,151180,326400000233,124080,137312,deprecated,4046659
731,11138028,2020-10-27 10:23:01,0x5f9326956d9118856cf0db364b6ebb7da8e2a7663af3c3601df46dd097d3c711,725,0xb16cd518c2f057c9fb4dff0ff956cc0b6dba60993f270edf73cd9bc50d50f0b3,0x7d7696a4ffe79d4deac802e89d3ce1069d7ff724,0x61938ce5ada267ddeb0d1be25bc94320320845a6,0x20ade0b79ec5c71d0f2e418292c31c9782336a4d,1.7524683350097535e+19,HDU token,HDU,18,21,152324,80000000000,110211,1782485,deprecated,4046645
732,11138504,2020-10-27 12:02:41,0xae8bb290d6d927a5b43a75804842c5626eabe9a490a025683f467e7ba063515f,727,0xb845a8546b9dab4fc22d52baca6e1d4b89d2e4ee2735f968dddb067e7e0d1f41,0xf6efbab255bc9744d27c2cc137053dd7cb93d158,0x97ff946059f08a16f665ee2a0c673277fcd304b3,0x7d7696a4ffe79d4deac802e89d3ce1069d7ff724,1.6707722758259602e+22,Game of Presidents,GOP,18,20,159348,330800000233,119374,1720686,deprecated,4046169
733,11138724,2020-10-27 12:49:49,0x32066c566b1992b0dcb5c41202ef695d10a4d65fef5415e13d4b391d96901299,736,0x8501c664fe829583bd53a626291ce84604fa5cf34a966e6d33d330228fa5de73,0x7d7696a4ffe79d4deac802e89d3ce1069d7ff724,0x97ff946059f08a16f665ee2a0c673277fcd304b3,0xf6efbab255bc9744d27c2cc137053dd7cb93d158,1.4649331314442019e+22,Game of Presidents,GOP,18,33,202106,100000000000,131129,2600065,deprecated,4045949
734,11138724,2020-10-27 12:49:49,0x32066c566b1992b0dcb5c41202ef695d10a4d65fef5415e13d4b391d96901299,736,0x8501c664fe829583bd53a626291ce84604fa5cf34a966e6d33d330228fa5de73,0x7d7696a4ffe79d4deac802e89d3ce1069d7ff724,0x97ff946059f08a16f665ee2a0c673277fcd304b3,0x0000000000000000000000000000000000000000,1.0291957219087915e+21,Game of Presidents,GOP,18,33,202106,100000000000,131129,2600065,deprecated,4045949
735,11138724,2020-10-27 12:49:49,0x32066c566b1992b0dcb5c41202ef695d10a4d65fef5415e13d4b391d96901299,736,0x8501c664fe829583bd53a626291ce84604fa5cf34a966e6d33d330228fa5de73,0x7d7696a4ffe79d4deac802e89d3ce1069d7ff724,0x97ff946059f08a16f665ee2a0c673277fcd304b3,0xffffffffffffffffffffffffffffffffffffffff,1.0291957219087915e+21,Game of Presidents,GOP,18,33,202106,100000000000,131129,2600065,deprecated,4045949
736,11138848,2020-10-27 13:16:48,0xa4d8f1b3f2d9d79c6ef3f99bf414afe798491d55abcab363069f83a222db5b3a,737,0xd12e769b34f149084914b089db0f5e940de69128efd9248d67dac8b9d8719f5f,0x6591c4bcd6d7a1eb4e537da8b78676c1576ba244,0x0391d2021f89dc339f60fff84546ea23e337750f,0x7d7696a4ffe79d4deac802e89d3ce1069d7ff724,4.573170026339044e+18,BarnBridge Governance Token,BOND,18,115,222647,42000000000,184869,6608200,deprecated,4045825
737,11139260,2020-10-27 14:51:04,0xf6fce148f8ea53ae4d9b310227240c277100bec315ec24ef2f15de7bb6f0aebe,738,0xccd5f434384a221fcbd6bc9c9f010dad2bbd7ed260c6fb0f4147f484d77cf994,0x7d7696a4ffe79d4deac802e89d3ce1069d7ff724,0x0391d2021f89dc339f60fff84546ea23e337750f,0x6591c4bcd6d7a1eb4e537da8b78676c1576ba244,4.573170026339044e+18,BarnBridge Governance Token,BOND,18,63,239146,51000001459,185010,3433858,deprecated,4045413
738,11139278,2020-10-27 14:54:50,0xec3944fedc38fd06f9dd92dc1fa5024ca2bfc59208dd138ce4870bf1d01c03e5,739,0xf5e769b8c81c91f3c7de1262fff7a723c973f17ea8dbd6d934716f49cf0d2e73,0xf2f84c274f715ba1fe7d1d28a4e377fb59a33386,0x7eb4db4dddb16a329c5ade17a8a0178331267e28,0x7d7696a4ffe79d4deac802e89d3ce1069d7ff724,3.6710864999644006e+17,Tsunami,NAMI,18,68,151476,52000001459,124345,3048853,deprecated,4045395
739,11139430,2020-10-27 15:27:31,0x0dd95e807139f71384b2bb3b59c20d24cec25a6dbc073772a6654d02e3f9dea5,741,0x80ed4bb537bd10c25dfe34a48d72b1812146e711edd9c3c0cc9bbfa65a24992b,0x7d7696a4ffe79d4deac802e89d3ce1069d7ff724,0x7eb4db4dddb16a329c5ade17a8a0178331267e28,0xf2f84c274f715ba1fe7d1d28a4e377fb59a33386,3.6710864999644006e+17,Tsunami,NAMI,18,135,154917,54600001532,112568,6959508,deprecated,4045243
740,11139978,2020-10-27 17:29:00,0x4d5595488feaa5f5ab2d77462d090bce19743ec6085da7c02d38850633adcb94,89,0x5e5481b129095c678cca6d1567c98be157eb9b58b7795cd6b5c3527ffdf709fa,0xb97b7f465aea7d1116419ed0a9f37dba08fac13d,0x97ff946059f08a16f665ee2a0c673277fcd304b3,0x7d7696a4ffe79d4deac802e89d3ce1069d7ff724,1.7195364e+22,Game of Presidents,GOP,18,96,100000,63700000000,73880,7217729,deprecated,4044695
741,11139998,2020-10-27 17:32:54,0x3ceb7763013dc865c1129df1dfb7077e5619cb6dea0e71e7e70d4f98cc2aa3f6,742,0x811eab7499ff9ca4220a059ea72fd18365789283c462dabd21166fd1f1dd583a,0x7d7696a4ffe79d4deac802e89d3ce1069d7ff724,0x97ff946059f08a16f665ee2a0c673277fcd304b3,0xf6efbab255bc9744d27c2cc137053dd7cb93d158,1.54758276e+22,Game of Presidents,GOP,18,196,186970,63000000000,141401,11760734,deprecated,4044675
742,11139998,2020-10-27 17:32:54,0x3ceb7763013dc865c1129df1dfb7077e5619cb6dea0e71e7e70d4f98cc2aa3f6,742,0x811eab7499ff9ca4220a059ea72fd18365789283c462dabd21166fd1f1dd583a,0x7d7696a4ffe79d4deac802e89d3ce1069d7ff724,0x97ff946059f08a16f665ee2a0c673277fcd304b3,0x0000000000000000000000000000000000000000,8.597682e+20,Game of Presidents,GOP,18,196,186970,63000000000,141401,11760734,deprecated,4044675
743,11139998,2020-10-27 17:32:54,0x3ceb7763013dc865c1129df1dfb7077e5619cb6dea0e71e7e70d4f98cc2aa3f6,742,0x811eab7499ff9ca4220a059ea72fd18365789283c462dabd21166fd1f1dd583a,0x7d7696a4ffe79d4deac802e89d3ce1069d7ff724,0x97ff946059f08a16f665ee2a0c673277fcd304b3,0xffffffffffffffffffffffffffffffffffffffff,8.597682e+20,Game of Presidents,GOP,18,196,186970,63000000000,141401,11760734,deprecated,4044675
744,11140266,2020-10-27 18:36:10,0xc8d31fb67a2800468627fba08f24d70f263f12377b81c7cb5a6b9cdab3e06d40,745,0xe5c301c44ed5839deab0c3ccbe15a7a5db197fdddc922b858cf7a550bb706d98,0xb74d25ada5b0a76a64b1b7d38ef83d1ce3e7a889,0x61b10135639885e00bf4d42de2fe5f2e28abad75,0x7d7696a4ffe79d4deac802e89d3ce1069d7ff724,4.646697270192758e+19,yfelite.finance,YFE,18,148,165093,60000000000,112499,8092195,deprecated,4044407
745,11141986,2020-10-28 00:58:28,0xf231873fc9a2010605aa2a5f03d4d3ec543816855b4e158e11f3dd5a2e63d726,747,0xc569d6e3d829edacf6a13c52bc95252db46aebf2c0cfaf5a0e02e8f8203c9f4e,0x7d7696a4ffe79d4deac802e89d3ce1069d7ff724,0x61b10135639885e00bf4d42de2fe5f2e28abad75,0xb74d25ada5b0a76a64b1b7d38ef83d1ce3e7a889,4.646697270192758e+19,yfelite.finance,YFE,18,97,168465,30100000000,112868,6731758,deprecated,4042687
746,11142026,2020-10-28 01:05:19,0x3f5dd4cd4ebc9926b4052a72e8e422a675d3c5feae3c057330eda8133bb83877,748,0x9e883e71a690a735c5a1d0499380d4691426cdb335dd5109763652390f066a91,0x2eb4f51956e57a7868c2167d7f627e12abcd2210,0x2f6081e3552b1c86ce4479b80062a1dda8ef23e3,0x7d7696a4ffe79d4deac802e89d3ce1069d7ff724,599290588468.0,Dollars,USD,9,52,234417,30000000000,186551,3498613,deprecated,4042647
747,11142098,2020-10-28 01:24:55,0x0d30a27fd4bcc54b168eb0c5e1d6d9343d871ab0551aa9af27c0c1a373c1e88c,750,0x0d3bd3e47d154d252bc4bb0c842d394901b5249841301247eb5ce11e248a168d,0x7d7696a4ffe79d4deac802e89d3ce1069d7ff724,0x2f6081e3552b1c86ce4479b80062a1dda8ef23e3,0xda118d13a82976ae9366c09574d00bebac196991,599290588468.0,Dollars,USD,9,63,303107,40000001561,252877,3066973,deprecated,4042575
748,11142098,2020-10-28 01:24:55,0x0d30a27fd4bcc54b168eb0c5e1d6d9343d871ab0551aa9af27c0c1a373c1e88c,750,0x0d3bd3e47d154d252bc4bb0c842d394901b5249841301247eb5ce11e248a168d,0xda118d13a82976ae9366c09574d00bebac196991,0x39795344cbcc76cc3fb94b9d1b15c23c2070c66d,0x7d7696a4ffe79d4deac802e89d3ce1069d7ff724,2596017718674.0,Seigniorage Shares,SHARE,9,63,303107,40000001561,252877,3066973,deprecated,4042575
749,11143261,2020-10-28 05:37:51,0x1a9e216634c12b88dd31e4e75a53155e3198341c0aaec3dde2f66538b02d8a9e,753,0xbc55d81d73e8fe2b42e71a0478388b6270bfc5b501c6cf8d841d3b0d22c14327,0x7d7696a4ffe79d4deac802e89d3ce1069d7ff724,0x39795344cbcc76cc3fb94b9d1b15c23c2070c66d,0x0000000000000000000000000000000000000000,16460217284.0,Seigniorage Shares,SHARE,9,160,468089,32000000000,406223,10164375,deprecated,4041412
750,11143261,2020-10-28 05:37:51,0x1a9e216634c12b88dd31e4e75a53155e3198341c0aaec3dde2f66538b02d8a9e,753,0xbc55d81d73e8fe2b42e71a0478388b6270bfc5b501c6cf8d841d3b0d22c14327,0x0000000000000000000000000000000000000000,0x2f6081e3552b1c86ce4479b80062a1dda8ef23e3,0x7d7696a4ffe79d4deac802e89d3ce1069d7ff724,3383125098.0,Dollars,USD,9,160,468089,32000000000,406223,10164375,deprecated,4041412
751,11143261,2020-10-28 05:37:51,0x1a9e216634c12b88dd31e4e75a53155e3198341c0aaec3dde2f66538b02d8a9e,753,0xbc55d81d73e8fe2b42e71a0478388b6270bfc5b501c6cf8d841d3b0d22c14327,0x7d7696a4ffe79d4deac802e89d3ce1069d7ff724,0x39795344cbcc76cc3fb94b9d1b15c23c2070c66d,0xda118d13a82976ae9366c09574d00bebac196991,2579557501390.0,Seigniorage Shares,SHARE,9,160,468089,32000000000,406223,10164375,deprecated,4041412
752,11143261,2020-10-28 05:37:51,0x1a9e216634c12b88dd31e4e75a53155e3198341c0aaec3dde2f66538b02d8a9e,753,0xbc55d81d73e8fe2b42e71a0478388b6270bfc5b501c6cf8d841d3b0d22c14327,0xda118d13a82976ae9366c09574d00bebac196991,0x2f6081e3552b1c86ce4479b80062a1dda8ef23e3,0x7d7696a4ffe79d4deac802e89d3ce1069d7ff724,795427391690.0,Dollars,USD,9,160,468089,32000000000,406223,10164375,deprecated,4041412
753,11143267,2020-10-28 05:39:49,0xe2a2a36c7fa31676cfa9c16b6c091acb955a6e32b24a5ca508ca6728edee631e,754,0x86470e59a68b48047c964cd6e80b83fb4c14b0e04bc905da6b979f12bdf52483,0x7d7696a4ffe79d4deac802e89d3ce1069d7ff724,0x2f6081e3552b1c86ce4479b80062a1dda8ef23e3,0x2eb4f51956e57a7868c2167d7f627e12abcd2210,798810516788.0,Dollars,USD,9,108,226052,37000001561,165220,3049680,deprecated,4041406
754,11143577,2020-10-28 06:49:35,0x79a1311ac7c9f6f9354d8de0d1655e440e4e62b147f87628d8c7f317bcb3bbe9,755,0xef310458a8af768ae52026e6219ab66e3e1f2860ec1b3840a78c416db5f80aeb,0xb74d25ada5b0a76a64b1b7d38ef83d1ce3e7a889,0x61b10135639885e00bf4d42de2fe5f2e28abad75,0x7d7696a4ffe79d4deac802e89d3ce1069d7ff724,5.636295100344216e+19,yfelite.finance,YFE,18,98,165093,42600000000,112499,7161493,deprecated,4041096
755,11143997,2020-10-28 08:15:04,0x2a5663a4e89fee45971ccc3848a4e0c1ae553d95271b968bd8e8090ed46d2b97,756,0xeca4fea9c96a77b082371c5bd02554c4353dc5e0798388c5195c02c80a18c0bc,0x7d7696a4ffe79d4deac802e89d3ce1069d7ff724,0x61b10135639885e00bf4d42de2fe5f2e28abad75,0xb74d25ada5b0a76a64b1b7d38ef83d1ce3e7a889,5.636295100344216e+19,yfelite.finance,YFE,18,98,168465,36300000000,112868,4580138,deprecated,4040676
756,11144000,2020-10-28 08:15:42,0x51e3a6f367e94c166ccb508294a3a49bddb10dbcdd9c1430e722d13dac6f3004,757,0xf73ff0305457a3592b84bfea13c94e7564c1ea7a4653e9c36facafe10aca4279,0xaf996125e98b5804c00ffdb4f7ff386307c99a00,0x5befbb272290dd5b8521d4a938f6c4757742c430,0x7d7696a4ffe79d4deac802e89d3ce1069d7ff724,2.1944626286908568e+19,Xfinance,XFI,18,113,151732,36750000000,112559,6192062,deprecated,4040673
757,11144179,2020-10-28 08:50:46,0x4568e3207741eee67eb1f9c58890353ce4824391c1c03f22c6434c9b45c4ed27,758,0x54b13fc1908ae89badbc0c47bfb2933b629a14bc83e024ec1d3eda089dbe5027,0x7d7696a4ffe79d4deac802e89d3ce1069d7ff724,0x5befbb272290dd5b8521d4a938f6c4757742c430,0xaf996125e98b5804c00ffdb4f7ff386307c99a00,2.1944626286908568e+19,Xfinance,XFI,18,162,155239,36000000000,112861,7890372,deprecated,4040494
758,11144303,2020-10-28 09:22:47,0xfb9ee0ec9de79a7623068504144a704fd8e210afc81a960fd57b43cb99ab5067,759,0x88a277a3b8616918053536c453fe687e8c8b65382310f5f355c0db69fe827f77,0x83a40563a19c6f19dfb93e5c496280129d97e423,0xa8b0f154a688c22142e361707df64277e0a0be66,0x7d7696a4ffe79d4deac802e89d3ce1069d7ff724,6.120994494610791e+18,Rake Finance,RAK,18,71,152280,50000000000,125065,3441019,deprecated,4040370
759,11144379,2020-10-28 09:39:40,0x0510b6d08d52628f9de37aa64564204c2bc7c02ee1ab6d9c9147da5b2ac6e40f,761,0xea796570a1c03aee04e17fb9221e6437069aa7136a6e1753bb9df7ebad454dbb,0x7d7696a4ffe79d4deac802e89d3ce1069d7ff724,0xa8b0f154a688c22142e361707df64277e0a0be66,0x83a40563a19c6f19dfb93e5c496280129d97e423,6.120994494610791e+18,Rake Finance,RAK,18,133,169169,41000000000,101492,8110547,deprecated,4040294
760,11144683,2020-10-28 10:47:55,0x165af827a4a2c8f195a02dca5cf6a472e8c7d149cf3c4ad4e505eb1f244b3f5f,762,0x21a2cec621f7a2167afab74e5c2bf3a186aec19e57c13a8d01f210cf67cad8fc,0xab569aacbdedb11a27689718145dcf7447515e32,0x74c8f2227b5503ae338e363e275ebe5065d492aa,0x7d7696a4ffe79d4deac802e89d3ce1069d7ff724,166.0,PokeCORE,PCORE,0,82,177896,54700000000,135970,4915982,deprecated,4039990
761,11144868,2020-10-28 11:34:12,0x42d4974cdf8c02612f74e6b8c889999f63f120dfc1714e3bfdef97458e3e26be,764,0xee215ed781def912afe1ad60e869094a433c1fb133e90f164f0bd1fb71564939,0x7d7696a4ffe79d4deac802e89d3ce1069d7ff724,0x74c8f2227b5503ae338e363e275ebe5065d492aa,0xab569aacbdedb11a27689718145dcf7447515e32,150.0,PokeCORE,PCORE,0,127,184521,71000001561,127159,7390075,deprecated,4039805
762,11144868,2020-10-28 11:34:12,0x42d4974cdf8c02612f74e6b8c889999f63f120dfc1714e3bfdef97458e3e26be,764,0xee215ed781def912afe1ad60e869094a433c1fb133e90f164f0bd1fb71564939,0x7d7696a4ffe79d4deac802e89d3ce1069d7ff724,0x74c8f2227b5503ae338e363e275ebe5065d492aa,0x0000000000000000000000000000000000000000,16.0,PokeCORE,PCORE,0,127,184521,71000001561,127159,7390075,deprecated,4039805
763,11145756,2020-10-28 14:45:14,0xe5b0b102a7d5c2e1135ec458be55e05d332985348fc1430b49633b20ba1cf540,765,0x3a5209bf3d60ace0e8b8a861d008d07eb3e4de937827cd473296f51ba9985e46,0x83a40563a19c6f19dfb93e5c496280129d97e423,0xa8b0f154a688c22142e361707df64277e0a0be66,0x7d7696a4ffe79d4deac802e89d3ce1069d7ff724,3.916933128952211e+18,Rake Finance,RAK,18,116,165708,138000000000,125065,8229841,deprecated,4038917
764,11147968,2020-10-28 22:47:21,0x2ed598b4ee24267267c11dfe957e993c24ea2b38285f2b8c636a2cf93a656355,766,0xaef3aa3f7baf570601052e363db48c76752669a2d05b64d642068ad25d6d4a80,0x7d7696a4ffe79d4deac802e89d3ce1069d7ff724,0xa8b0f154a688c22142e361707df64277e0a0be66,0x83a40563a19c6f19dfb93e5c496280129d97e423,3.916933128952211e+18,Rake Finance,RAK,18,165,169169,27297600000,113508,11602883,deprecated,4036705
765,11148683,2020-10-29 01:29:54,0x72d63517642e9a270aaa465d64328f16e066dccec155237a8faefe5ce536a768,768,0x89bd503f88557a9ee9a7ac1b2810e231ec52f1217a991c312127eaa91373d810,0x6b7add500afa8c698e81c12764082731fc18e891,0x47a60748de6dbd8dce3991adc5751ce0f32279dc,0x7d7696a4ffe79d4deac802e89d3ce1069d7ff724,1.2453908942446542e+21,ClbrToken,CLBR,18,220,164993,31000000000,112409,11111704,deprecated,4035990
766,11148732,2020-10-29 01:39:47,0x89d77867d0e90949977ea5c6b8a433cb9b3485c90a5bb03f52d2a6384bfabf54,770,0x9fc9f66b14b93d7dd07f5289e2697f4aa043f8509b8695f487492dcea00f10cb,0x6b7add500afa8c698e81c12764082731fc18e891,0x47a60748de6dbd8dce3991adc5751ce0f32279dc,0x7d7696a4ffe79d4deac802e89d3ce1069d7ff724,4.361587972749108e+22,ClbrToken,CLBR,18,16,148244,50000000000,97421,1322546,deprecated,4035941
767,11149295,2020-10-29 03:50:14,0x9e6ee478e64e245d17626f53cc3ce402e08232047cd703d11c3ddd4bfdb827ab,771,0x167ec344af6cfb803aab023a67cf3ebb01ef0fa15913a21933856fa283628f3d,0x7d7696a4ffe79d4deac802e89d3ce1069d7ff724,0x47a60748de6dbd8dce3991adc5751ce0f32279dc,0x6b7add500afa8c698e81c12764082731fc18e891,2.5e+22,ClbrToken,CLBR,18,68,168281,62000000000,127701,2702926,deprecated,4035378
768,11149343,2020-10-29 04:02:13,0x31048013c624ac60ff052c725488e4a1d0f5e6c0c55bb96425a6274acd7a101d,772,0xbfef3cf92dcadc6e0181714dce07c67421286ace2b6bf8fdc3910fc0ff115748,0x7d7696a4ffe79d4deac802e89d3ce1069d7ff724,0x47a60748de6dbd8dce3991adc5751ce0f32279dc,0x6b7add500afa8c698e81c12764082731fc18e891,1.9861270621735736e+22,ClbrToken,CLBR,18,0,155063,100000000000,112701,112701,deprecated,4035330
769,11150638,2020-10-29 08:42:49,0xdd3040a47f5a4a679c90f3ac89c7227fcb4e23ae4bc2f372c6f9bc763604b8d4,776,0x76389b26fcb5a28f5dc6f2fd7c955fb5aca36c0d97fe096bd113e206b14a7296,0x32d588fd4d0993378995306563a04af5fa162dec,0xea319e87cf06203dae107dd8e5672175e3ee976c,0x7d7696a4ffe79d4deac802e89d3ce1069d7ff724,1.2722642696442138e+21,SURF.Finance,SURF,18,1,193789,153000000000,162209,183209,deprecated,4034035
770,11150697,2020-10-29 08:56:33,0x71cb2a3d8f4ce63433cbc6de15b594eed32b3eeef4debd60e5b0dbed01ad06b0,778,0x07b5389934c83eb81e7570b7bc30f57d3f6386a55016f7e440de16860fbab21a,0x7d7696a4ffe79d4deac802e89d3ce1069d7ff724,0xea319e87cf06203dae107dd8e5672175e3ee976c,0x999b1e6edcb412b59ecf0c5e14c20948ce81f40b,1.2722642696442137e+19,SURF.Finance,SURF,18,142,214057,62000000000,141994,9139356,deprecated,4033976
771,11150697,2020-10-29 08:56:33,0x71cb2a3d8f4ce63433cbc6de15b594eed32b3eeef4debd60e5b0dbed01ad06b0,778,0x07b5389934c83eb81e7570b7bc30f57d3f6386a55016f7e440de16860fbab21a,0x7d7696a4ffe79d4deac802e89d3ce1069d7ff724,0xea319e87cf06203dae107dd8e5672175e3ee976c,0x32d588fd4d0993378995306563a04af5fa162dec,1.2595416269477716e+21,SURF.Finance,SURF,18,142,214057,62000000000,141994,9139356,deprecated,4033976
772,11154407,2020-10-29 22:26:50,0xe4dafd748e28cef2a17b5b22362d61d18aa5cca88bcf86984f9c246aafbefb6d,779,0xd899e819584e2c013897468ef0325410baaf1cbef307d952be5d7079722e40d1,0xbbc95e1eb6ee476e9cbb8112435e14b372563038,0x4691937a7508860f876c9c0a2a617e7d9e945d4b,0x7d7696a4ffe79d4deac802e89d3ce1069d7ff724,1.228775481525747e+22,Wootrade Network,WOO,18,16,250015,50000000000,197533,1558613,deprecated,4030266
773,11155104,2020-10-30 01:09:22,0xda8ac53ae0bbacb6dba696b03c843e15d512e85b5b6a5873f9e541d6ddeef913,296,0xf03c458fc4c9c6c12cac3c8a1c2e198f18e76e4a6810bac223091e00b83bcf23,0x429dff817d99d24bbfbfc94aa8fdcc14d27f23be,0x4691937a7508860f876c9c0a2a617e7d9e945d4b,0x7d7696a4ffe79d4deac802e89d3ce1069d7ff724,2.02383559e+22,Wootrade Network,WOO,18,9,60000,100000000000,36754,619939,deprecated,4029569
774,11155380,2020-10-30 02:10:48,0xa467dfc8b37c7a8bc2f4b000a1c8dfd706a4b6fa6b9e0de5f0ab316500ca164f,782,0x1802524748988fc5f9542bb5d07a3657842e2b6d1145ea737fca3bb6f2123d54,0x7d7696a4ffe79d4deac802e89d3ce1069d7ff724,0x4691937a7508860f876c9c0a2a617e7d9e945d4b,0x2f700ecd69e4535c27a183cfd91b79ed423efde9,3.2526e+22,Wootrade Network,WOO,18,17,60000,100000000000,51742,1045106,deprecated,4029293
775,11279553,2020-11-18 03:38:47,0x0fbc111d9d2ac73818e1d46367d10a4a7ff7800d2a1656fff23ba3427294dfa7,12,0x3c1e4b77924b2845adf29e75a6429e6bf79dcfed39c545214d3d4a96f1b40dc1,0x813840178931f9cfa66ff1674e05543cd76afab1,0xae66bea480f7a6c91f07c58f2aee185883558fb8,0x7d7696a4ffe79d4deac802e89d3ce1069d7ff724,4.747e+17,EarnDefiCoin,EDC,18,35,60000,83000001561,36584,2742633,deprecated,3905120
776,11279565,2020-11-18 03:42:30,0x4ae655ce15f812eda5781091f36d71e67046883970d13ef58a93c51fef63fba7,14,0xb82dfb9f95608e8ec7d53518312037b7e6837e7f00b8927f8acd982fcc16dcc5,0x94fde49a367f06b7d5ed96db20e382c9b59af324,0xae66bea480f7a6c91f07c58f2aee185883558fb8,0x7d7696a4ffe79d4deac802e89d3ce1069d7ff724,3.87e+17,EarnDefiCoin,EDC,18,127,60000,77000001459,36584,9089309,deprecated,3905108
777,11279621,2020-11-18 03:54:27,0x018491a01ec62d8605e55f35d0ffc9d0961abc0e67509829107e44db036d3655,784,0x7261b53650a70cacdbfba6616afcbceb3cfcecebc0eb8ff6e62f59c5fd991322,0x7d7696a4ffe79d4deac802e89d3ce1069d7ff724,0xae66bea480f7a6c91f07c58f2aee185883558fb8,0x30ee4e8e49d81312b93f41778f6446827a080ade,1.6273353702330332e+18,EarnDefiCoin,EDC,18,135,168637,38500000729,113025,8216914,deprecated,3905052
778,11324840,2020-11-25 02:24:09,0x8b1d645c3202679df018b1f326c6f934c60e6e5cd1922665a842d829d968fc32,1199,0x84553407d39bcf0d733aee125dd03fb388b40aa582b8fbc434a3cb14f3383e91,0xbd01504e917801bf6337856944ab0bf5b8b368c2,0xdac17f958d2ee523a2206206994597c13d831ec7,0x7d7696a4ffe79d4deac802e89d3ce1069d7ff724,135000000.0,Tether USD,USDT,6,9,100000,55200000233,56209,563043,deprecated,3859833
779,11324856,2020-11-25 02:27:18,0xfbf4d359685295cee54cc0e093e5626cde9d628cb834fd3a6ea194203a14ff9a,1200,0xd396c43e9b11186ffb64ad064bef7365bd91bc3c8b496d9131126fcc0dde3573,0xbd01504e917801bf6337856944ab0bf5b8b368c2,0xdac17f958d2ee523a2206206994597c13d831ec7,0x7d7696a4ffe79d4deac802e89d3ce1069d7ff724,135000000.0,Tether USD,USDT,6,47,100000,57000001459,41209,3140157,deprecated,3859817
780,11324866,2020-11-25 02:30:07,0x1122e56bd87d4ea63ac31be217f636387a90a75b1e7661cce96ac7cfa46bf247,1203,0x847d03c8dfa0e2c46fe60523794fd435f75b8c88a92ce3261f054cdb6fc66fb1,0xbd01504e917801bf6337856944ab0bf5b8b368c2,0xdac17f958d2ee523a2206206994597c13d831ec7,0x7d7696a4ffe79d4deac802e89d3ce1069d7ff724,90000000.0,Tether USD,USDT,6,34,100000,62000000000,41209,2762772,deprecated,3859807
781,11324875,2020-11-25 02:33:19,0xbaf4c0fbe1095885e6b4b045f9e9d98a963b564789d7a438fc52873c12a0f4a0,1206,0xeff164d0e67e7102ad90976351c2683d2a15555ddeb099fc418e83767d9860ef,0xbd01504e917801bf6337856944ab0bf5b8b368c2,0xdac17f958d2ee523a2206206994597c13d831ec7,0x7d7696a4ffe79d4deac802e89d3ce1069d7ff724,135000000.0,Tether USD,USDT,6,29,100000,66000000000,41209,2495540,deprecated,3859798
782,11324886,2020-11-25 02:36:03,0x0460d02190359f81ffbf3fb9d98481bacbde99fde02f6c0057ed1b76f55c2581,1211,0xc024e8e5ca1be321383a17dbad4aa44aef6c10e38fe89021ff11b3afca1636b3,0xbd01504e917801bf6337856944ab0bf5b8b368c2,0xdac17f958d2ee523a2206206994597c13d831ec7,0x7d7696a4ffe79d4deac802e89d3ce1069d7ff724,90000000.0,Tether USD,USDT,6,59,100000,70000000000,41209,4289441,deprecated,3859787
783,11324901,2020-11-25 02:39:30,0x24231c91617d691d00bde49a9081ed7097de88b1a3c6d6ecdceb4bac7f75a4f3,1219,0x72fc26da6034c044637ba870a6c3f969cb4c0b46c664c2e6c8e864e54968b0ca,0xbd01504e917801bf6337856944ab0bf5b8b368c2,0xdac17f958d2ee523a2206206994597c13d831ec7,0x7d7696a4ffe79d4deac802e89d3ce1069d7ff724,45000000.0,Tether USD,USDT,6,35,100000,71700000000,41209,2644559,deprecated,3859772
784,11324917,2020-11-25 02:42:21,0x1675abc1beae3c22235a6b2ee89d6391c9f969994f11ae26b5e280d2957e24f6,1223,0xc2524fda3e66e210ac27cd9518b5b0c1e48f64fa3af2458c71a23e52722714bc,0xbd01504e917801bf6337856944ab0bf5b8b368c2,0xdac17f958d2ee523a2206206994597c13d831ec7,0x7d7696a4ffe79d4deac802e89d3ce1069d7ff724,45000000.0,Tether USD,USDT,6,15,100000,67000000000,41209,1273163,deprecated,3859756
785,11324934,2020-11-25 02:45:30,0xc5cd7ba52f548ffb6b80605e607ef65e95ca0d7f4f0bd956d2619f5d06da982a,1228,0xfc34b93928f3dd3d7eea97eb605c5a413d7318814907b5c43b9ed82f72ace9e6,0xbd01504e917801bf6337856944ab0bf5b8b368c2,0xdac17f958d2ee523a2206206994597c13d831ec7,0x7d7696a4ffe79d4deac802e89d3ce1069d7ff724,135000000.0,Tether USD,USDT,6,17,100000,62000001459,41209,1142206,deprecated,3859739
786,11324949,2020-11-25 02:48:12,0x0e1160c22f4445e999ce69fdfa738d2477dd301b018981b3907363420dc6e420,1233,0x1365017b9b3104a46b2c2e3adab6a4b6092ff6f96cf5fb08b5b9ddbadf005ad5,0xbd01504e917801bf6337856944ab0bf5b8b368c2,0xdac17f958d2ee523a2206206994597c13d831ec7,0x7d7696a4ffe79d4deac802e89d3ce1069d7ff724,45000000.0,Tether USD,USDT,6,198,100000,62000001459,41209,4569051,deprecated,3859724
787,11324960,2020-11-25 02:50:18,0xf5f88d9f2d01f43d19e19eb02d1bdd5a1db737287f2a75e681613e40c90046b4,786,0x0bd90390f4f6025b425c9d95107d281dffc7fa667b69547ce808baea2d5722cc,0x7d7696a4ffe79d4deac802e89d3ce1069d7ff724,0xdac17f958d2ee523a2206206994597c13d831ec7,0x9a4a66469e0f89ab415dde904db8ef303b12e1a7,855000000.0,Tether USD,USDT,6,1,60000,60000001561,41209,86206,deprecated,3859713
788,11382592,2020-12-03 23:15:13,0xe23b8aa71852f1f7b6893774561290f03f3cf2f9313eca5bf37f0865753f12b4,390,0xce61fda998f2b3751703451fe85f96337c24d693525f33573da17b66dcaf4951,0x5285178345c7472b66b38fbe7109da35ec650c79,0xdac17f958d2ee523a2206206994597c13d831ec7,0x7d7696a4ffe79d4deac802e89d3ce1069d7ff724,464000000.0,Tether USD,USDT,6,5,100000,68000000000,56197,178392,deprecated,3802081
789,11382664,2020-12-03 23:31:53,0x264b4d3bd9ebe87af75a8e9f417169a54bd0c4ff54c937dfdf5c8209d41684c0,787,0xd20174c2a8a0513fa16b6a4b6f635cd8aaa9e02a2ac51fa0e6689bc266deb491,0x7d7696a4ffe79d4deac802e89d3ce1069d7ff724,0xdac17f958d2ee523a2206206994597c13d831ec7,0x2ebdf0c4b996b66c93a9c95300a389b00bee7e31,464000000.0,Tether USD,USDT,6,83,60000,37000001561,41185,5676942,deprecated,3802009
790,11506374,2020-12-23 00:00:18,0xa5257cc8ce3b87ef312f574a3a5031acf2266563abfb332c86eec92d88f9a83b,790,0x0644c8a868ae2f2314bc3739fb553936c5646a7fb90320f381391f18c018ff90,0x0000000006a0403952389b70d8ee4e45479023db,0x0000000000095413afc295d19edeb1ad7b71c952,0x7d7696a4ffe79d4deac802e89d3ce1069d7ff724,1.40995674e+20,LON Token,LON,18,60,119960,81000001561,104278,5665558,deprecated,3678299
791,11506383,2020-12-23 00:03:18,0xfa9c367b4ca6e5158dfb3eb954b35bc4f5c9eac3ef3df33861de29de7bee9efb,791,0x7c39947842d4ad382a3a4314e0f3a1553464b4bf103f1d8c73e16d1413c8ae32,0x7d7696a4ffe79d4deac802e89d3ce1069d7ff724,0x0000000000095413afc295d19edeb1ad7b71c952,0x2ebdf0c4b996b66c93a9c95300a389b00bee7e31,1.409956e+20,LON Token,LON,18,112,60000,74000001459,51362,9374773,deprecated,3678290
792,11651770,2021-01-14 07:02:03,0x2b2cc6039f69c04c4b33cdf0ec426cbafafa2374d9699204a7d724e2b5ad7fda,795,0x0f98df4a8e945ddcee866511f7454f00d93e7f459a558d3cc6d852cd81d81f43,0x7d7696a4ffe79d4deac802e89d3ce1069d7ff724,0xe875c61d4721424a6988e5fa2dfb8d6ca6af5c64,0xdcb9a5f08df2aa0d30974099d50543b8a567779d,1.14e+20,Pi Futures,Pi,18,56,168020,46000001561,112464,2985895,deprecated,3532903
793,12073740,2021-03-20 05:10:49,0x3a0f2df66b17792383c91065b84bd1cddd19bd4c66636f3b7b9eeb21148c78f7,1017779,0x5a1221928a5fef492879aa2676c2ed804530884bd6cc7045c82968199ac673d4,0x2faf487a4414fe77e2327f0bf4ae2a264a776ad2,0x1f9840a85d5af5bf1d1762f925bdaddc4201f984,0x7d7696a4ffe79d4deac802e89d3ce1069d7ff724,1.1e+18,Uniswap,UNI,18,41,84592,142500000000,55494,2366956,deprecated,3110933
794,12536786,2021-05-30 16:25:58,0x57711f41d24c7a43fea108d1617e1b98e391d4d4279dc246ecf834f4f18613bb,801,0xd2807ec3c5474c5e1c7f7e3f9832abad62730c0168f12990b9d12c424f216423,0x013b748c535568d835ba3ea1953e4e7f946952d0,0xd0e818391623487be25e89170ea0c40ff09c8278,0x7d7696a4ffe79d4deac802e89d3ce1069d7ff724,5.711679851093709e+29,maxmaximize,Mmax,18,146,147318,28000000000,108606,9787878,deprecated,2647887
795,12545833,2021-06-01 02:05:06,0xbda5ccc367477e02eb450123760cda65b1256a2836bfd1ff3116e5ddfb36cedc,220,0xcd3145b38845439d1cc9dace4575a1958a564eeffa560d16febb1bb37509e40d,0xdb59ecc63632093ab2fa5057596fef53ae96c15e,0xde30da39c46104798bb5aa3fe8b9e0e1f348163f,0x7d7696a4ffe79d4deac802e89d3ce1069d7ff724,5e+18,Gitcoin,GTC,18,141,89735,25000000000,89735,10500647,deprecated,2638840
796,12546953,2021-06-01 06:23:20,0xd3153672799a68cbe46203436fda14a28dd4678dc8463e29084c358d0a8fc851,804,0xfb9d994cabeca5b1fd84c38be33513bf0f87dbb95b1acf20bbd4d92f7620514b,0x7d7696a4ffe79d4deac802e89d3ce1069d7ff724,0xd0e818391623487be25e89170ea0c40ff09c8278,0x013b748c535568d835ba3ea1953e4e7f946952d0,2.116798510937091e+28,maxmaximize,Mmax,18,31,157098,25000000000,118235,1427839,deprecated,2637720
797,12546955,2021-06-01 06:24:20,0xeaf5e6b707bfc00b1770bcbdd3883d6c18d545792dc5666d088bc56fffb9e381,805,0x4d03806d275546e09167ffa2b58183f7e72e7204b10b4d4f9fbc1900172384a7,0x7d7696a4ffe79d4deac802e89d3ce1069d7ff724,0xd0e818391623487be25e89170ea0c40ff09c8278,0xb973e1606779e4f0b4d3ba180b72ba557d6be4c6,5.5e+29,maxmaximize,Mmax,18,50,34796,26000000000,19796,3571074,deprecated,2637718
798,12605286,2021-06-10 06:59:58,0x0143f3e566eb4f8ee443bed5fe6bbe1e54dd4f07466dddbf7ced600bb516e535,808,0xf911064911efe3e2634858cac75f5b0bfcf88fc656fe13b86464df3acb81820c,0x7d7696a4ffe79d4deac802e89d3ce1069d7ff724,0xde30da39c46104798bb5aa3fe8b9e0e1f348163f,0x2ebdf0c4b996b66c93a9c95300a389b00bee7e31,5e+18,Gitcoin,GTC,18,20,39882,16000001561,24882,964756,deprecated,2579387
799,13625600,2021-11-16 08:38:50,0x1b5360c046203ca1b06fabebd71c56d040881ca015ec89ef9687b279be83be46,482,0xb7ee57aceb761c64aa7e31a54e47d9c1018026b764082c8c179d89a920c68943,0x7d7696a4ffe79d4deac802e89d3ce1069d7ff724,0xc02aaa39b223fe8d0a0e5c4f27ead9083c756cc2,0x9008d19f58aabd9ed0d60971565aa8510560ab41,1e+17,Wrapped Ether,WETH,18,6,648342,169176375318,520764,1293171,deprecated,1559073
800,13625600,2021-11-16 08:38:50,0x1b5360c046203ca1b06fabebd71c56d040881ca015ec89ef9687b279be83be46,482,0xb7ee57aceb761c64aa7e31a54e47d9c1018026b764082c8c179d89a920c68943,0x9008d19f58aabd9ed0d60971565aa8510560ab41,0xa0b86991c6218b36c1d19d4a2e9eb0ce3606eb48,0x7d7696a4ffe79d4deac802e89d3ce1069d7ff724,343604927.0,USD Coin,USDC,6,6,648342,169176375318,520764,1293171,deprecated,1559073
801,13625606,2021-11-16 08:40:17,0xfe892e95498694d1a815dee662f023be1d2415e1fdaf4ffb78516b3f2d60b4f8,816,0xb283623e59c359085b0570377cf53e4a33f6e8613f0eeed20e123bf0b8a07163,0x7d7696a4ffe79d4deac802e89d3ce1069d7ff724,0xa0b86991c6218b36c1d19d4a2e9eb0ce3606eb48,0x74de5d4fcbf63e00296fd95d33236b9794016631,343604927.0,USD Coin,USDC,6,304,247907,139668607820,179222,19955697,deprecated,1559067
802,13815659,2021-12-16 10:23:19,0xf6a553289cfbb5f1bb3397dd5020a6789c1f38a9c6b5bfb7d4785a7cfb377f86,73,0x19c043a5ae7922a0f7ac8050cd5471f38911b9693be67b06b09c20436c69a4dc,0x220808166d8268d8f14ce310ebc833d80a900844,0x6810e776880c02933d47db1b9fc05908e5386b96,0x7d7696a4ffe79d4deac802e89d3ce1069d7ff724,1e+17,Gnosis,GNO,18,108,77173,64055666814,51449,5999078,deprecated,1369014
803,14000794,2022-01-14 01:58:59,0x32891b75e10495f2025269e23313423524a36726cc65d01bc1c0a2a07b78c073,820,0xf319ead07f6172686505ef9e80a08f538030c86a44c59b107646be639aba5578,0x0000000000000000000000000000000000000000,0xa68dd8cb83097765263adad881af6eed479c4a33,0x7d7696a4ffe79d4deac802e89d3ce1069d7ff724,3.0048945155304503e+21,fees.wtf,WTF,18,72,195433,208196138224,130289,5423475,deprecated,1183879
804,14000804,2022-01-14 02:00:43,0xc7cb97fa85cbd25c008f5f782f95dfe3df8445e4778032f0624702140c053c6a,821,0x8d1373fd6fe6cf75cc3ecfb3f55913ee8004bbde2ee6c93b625da254b53a8ee9,0x7d7696a4ffe79d4deac802e89d3ce1069d7ff724,0xa68dd8cb83097765263adad881af6eed479c4a33,0xa68dd8cb83097765263adad881af6eed479c4a33,1.2019578062121802e+20,fees.wtf,WTF,18,46,136128,260472445555,85952,2986897,deprecated,1183869
805,14000804,2022-01-14 02:00:43,0xc7cb97fa85cbd25c008f5f782f95dfe3df8445e4778032f0624702140c053c6a,821,0x8d1373fd6fe6cf75cc3ecfb3f55913ee8004bbde2ee6c93b625da254b53a8ee9,0x7d7696a4ffe79d4deac802e89d3ce1069d7ff724,0xa68dd8cb83097765263adad881af6eed479c4a33,0xafb5282b3e272ed8653528a796a9df2998d97eaf,2.8846987349092325e+21,fees.wtf,WTF,18,46,136128,260472445555,85952,2986897,deprecated,1183869
806,14152025,2022-02-06 10:41:38,0x607037f682df1759cb5cf7438ff319483302f93795f2c28cab41d121763f51cd,823,0x8b2fd226b5a009d124325b5b3692564898b04872fd10da4ca56f979c2b8e6b95,0x0000000000000000000000000000000000000000,0x1c7e83f8c581a967940dbfa7984744646ae46b29,0x7d7696a4ffe79d4deac802e89d3ce1069d7ff724,3.7425742574257425e+27,random,RND,18,103,106349,40827150342,106349,7561101,deprecated,1032648
807,14153240,2022-02-06 15:10:11,0x3d59230cf42be05b8c64872c2dd7b49febfa59834d69a54e10439fbf4efb4109,824,0xd8043f565e815165659451b03b76cec3db14aef1bf467ef13d2310ad83f8e539,0x7d7696a4ffe79d4deac802e89d3ce1069d7ff724,0x1c7e83f8c581a967940dbfa7984744646ae46b29,0x503bb9530f27bd0e4b742db573cf6d765f996a5f,3.7425742574257425e+27,random,RND,18,299,52929,55373283724,30486,23122457,deprecated,1031433
