,blockNumber,timeStamp,hash,nonce,blockHash,from,contractAddress,to,value,tokenName,tokenSymbol,tokenDecimal,transactionIndex,gas,gasPrice,gasUsed,cumulativeGasUsed,input,confirmations
0,10783580,2020-09-02 18:54:55,0x5710cea0dbfea4c5797fa9d82801f7191ac3b95e49882d216e06d2d7c52f5af3,0,0x8b64b8b27ebc988a8fde5a96d8d26201fc6b5e25fe3046b16280454fdd3892b3,0x0000000000000000000000000000000000000000,0x8cf3c1e8671952ff2627f6fbf8b9006a63494263,0x53d6daa098c91c108a0190c68a8f665db91f46ba,2e+22,KolaFinance,KOLAF,18,199,1518694,480000000000,1518694,11667127,deprecated,4400182
1,10783592,2020-09-02 18:59:07,0x56b1d2ea2e180c1d27c2a12032b2761284e5b208a093afa8df50814691307d3d,2,0xf48d325a422e3e4dc3c3f13ebf6976ead652fec5d4603715b1a9d5119d31117f,0x53d6daa098c91c108a0190c68a8f665db91f46ba,0x8cf3c1e8671952ff2627f6fbf8b9006a63494263,0x647b9d84c3a2dfc9734a102d5bcdbbcdb91eccca,2e+22,KolaFinance,KOLAF,18,79,3049032,440000000000,2716479,8895621,deprecated,4400170
2,10783592,2020-09-02 18:59:07,0x56b1d2ea2e180c1d27c2a12032b2761284e5b208a093afa8df50814691307d3d,2,0xf48d325a422e3e4dc3c3f13ebf6976ead652fec5d4603715b1a9d5119d31117f,0x0000000000000000000000000000000000000000,0x647b9d84c3a2dfc9734a102d5bcdbbcdb91eccca,0x53d6daa098c91c108a0190c68a8f665db91f46ba,7.071067811865475e+20,Uniswap V2,UNI-V2,18,79,3049032,440000000000,2716479,8895621,deprecated,4400170
3,10783604,2020-09-02 19:02:09,0xff483749754ce199cb05d86610c7d3f08933bcdc06761915923e31c6505a7c07,3,0x2a8f7c3b25abd5800442713ef7925a94bb7f5ed2882690e773a7bc482128ab1e,0x647b9d84c3a2dfc9734a102d5bcdbbcdb91eccca,0x8cf3c1e8671952ff2627f6fbf8b9006a63494263,0x53d6daa098c91c108a0190c68a8f665db91f46ba,1.7460185422720957e+21,KolaFinance,KOLAF,18,128,167274,433000000000,126467,12362552,deprecated,4400158
4,10783617,2020-09-02 19:06:04,0x9269ba772045e309fdee044a2e81e77c2fb30fb88ac97a8673c078059fa285ba,4,0xe41097d9708774b70e0c82d53c46d25a66e12be715bebd7c86b570513cf28499,0x647b9d84c3a2dfc9734a102d5bcdbbcdb91eccca,0x8cf3c1e8671952ff2627f6fbf8b9006a63494263,0x53d6daa098c91c108a0190c68a8f665db91f46ba,9.292827359966977e+20,KolaFinance,KOLAF,18,68,150513,441000000000,111467,3928604,deprecated,4400145
5,10783654,2020-09-02 19:12:00,0x012ab317447edf45c333a8d61501d40b361d3596f9c54225389863e82ba839e4,5,0x84b530de6e06f4a87b88bbc02560eb190f88be7a3da583ef1931f3392861c1b1,0x647b9d84c3a2dfc9734a102d5bcdbbcdb91eccca,0x8cf3c1e8671952ff2627f6fbf8b9006a63494263,0x53d6daa098c91c108a0190c68a8f665db91f46ba,1.6117113485101504e+21,KolaFinance,KOLAF,18,230,150513,393750000000,111467,9547448,deprecated,4400108
6,10783689,2020-09-02 19:21:20,0x7c3f4ac92efaf47c15a7f0b61894ff6b96fdfacabcd870d9a26a06175c5878c0,6,0xc18bb844363db6c0b2211d92639b68be3d28ec83062cf918971a3f4dbf96cdc6,0x647b9d84c3a2dfc9734a102d5bcdbbcdb91eccca,0x8cf3c1e8671952ff2627f6fbf8b9006a63494263,0x53d6daa098c91c108a0190c68a8f665db91f46ba,2.0130826980915484e+21,KolaFinance,KOLAF,18,137,150513,430000000000,111467,11640395,deprecated,4400073
7,10783694,2020-09-02 19:22:47,0x31a67ac676e35afb811389ccdece50c867d712be0e288068e520fa97e4ef1d5c,7,0x4ba2e0d5979d23ac27c44b86f30c7564fcff5d844cc6ac26148feee057ef2e37,0x53d6daa098c91c108a0190c68a8f665db91f46ba,0x8cf3c1e8671952ff2627f6fbf8b9006a63494263,0x647b9d84c3a2dfc9734a102d5bcdbbcdb91eccca,1.27977e+21,KolaFinance,KOLAF,18,170,173446,425750000000,132397,11361904,deprecated,4400068
8,10783728,2020-09-02 19:29:44,0x579215a07fc59bd14f9bd023b97324eb45c818813a215f5d5260050a09e5b080,8,0xf28c6c83fb161dbc9152e8422fc5fe3f3ffb8ef23777169544f934fb0c9e3fd9,0x53d6daa098c91c108a0190c68a8f665db91f46ba,0x8cf3c1e8671952ff2627f6fbf8b9006a63494263,0x8455bbbef80efb82a083c269c9b87d4b52f1cb11,1e+18,KolaFinance,KOLAF,18,125,112701,420000000000,75134,7907036,deprecated,4400034
9,10783730,2020-09-02 19:30:31,0x2ee2c179bd82e50f041f020ab6a3f227354e9f1f3d477a5a420770b95271667f,9,0xb82d4febfed604ec1737d0bc472a4d7f58f1459d3bcdd9f56550b33b72bc9127,0x53d6daa098c91c108a0190c68a8f665db91f46ba,0x8cf3c1e8671952ff2627f6fbf8b9006a63494263,0x23787ba7c2673b9ffa6959c51e44d318c5327941,1e+18,KolaFinance,KOLAF,18,166,112701,420000000000,75134,9587679,deprecated,4400032
10,10783730,2020-09-02 19:30:31,0x32c7eb65ea6b28bcb80b80f24087b6415bb15524ddcb38d03d731979cb727f0c,10,0xb82d4febfed604ec1737d0bc472a4d7f58f1459d3bcdd9f56550b33b72bc9127,0x53d6daa098c91c108a0190c68a8f665db91f46ba,0x8cf3c1e8671952ff2627f6fbf8b9006a63494263,0xacc3221479c15547c8f2a54a0b9166c8b1a89c1c,1e+18,KolaFinance,KOLAF,18,184,112701,420000000000,75134,11062251,deprecated,4400032
11,10783730,2020-09-02 19:30:31,0xb59eaff74bd5c164af4828e1ba0d3b32f02a1943ff9f55359761a4f5c0efdf49,11,0xb82d4febfed604ec1737d0bc472a4d7f58f1459d3bcdd9f56550b33b72bc9127,0x53d6daa098c91c108a0190c68a8f665db91f46ba,0x8cf3c1e8671952ff2627f6fbf8b9006a63494263,0x2f27938905a1e6db510da1f9059e40a1918a8e07,1e+18,KolaFinance,KOLAF,18,205,112701,420000000000,75134,12235359,deprecated,4400032
12,10783748,2020-09-02 19:34:40,0x0d9916a6e3a10fb22dc3fe6e7caafc7551b8b8ecd6eb6346edb3bd09189b07ed,12,0x809446659d83f9731bd14ffbaf1b32745d9331589365a80799c063a41146ee70,0x647b9d84c3a2dfc9734a102d5bcdbbcdb91eccca,0x8cf3c1e8671952ff2627f6fbf8b9006a63494263,0x53d6daa098c91c108a0190c68a8f665db91f46ba,7.460097561840935e+20,KolaFinance,KOLAF,18,113,150513,375000000000,111467,11597986,deprecated,4400014
13,10783753,2020-09-02 19:36:06,0x9a1116a5afa33b3b99b43b89ba28a876f289e5fda1b97dbbeb8874ddd02c8e03,13,0xad490072c7b0364acd87c2f8e0d020fb9c4f97ac028cea331cc6266a937239ea,0x647b9d84c3a2dfc9734a102d5bcdbbcdb91eccca,0x8cf3c1e8671952ff2627f6fbf8b9006a63494263,0x53d6daa098c91c108a0190c68a8f665db91f46ba,7.96887789579732e+20,KolaFinance,KOLAF,18,105,150513,420000000000,111467,7331771,deprecated,4400009
14,10783868,2020-09-02 20:03:05,0x1c999c3011e9fd27394084c6c923ecb940a6971127fe16ec85d38eee9247364f,14,0xdf6166929bf71a0a2b96962077e1ec226f86ba3f133ee15a9624ef3c2527fd19,0x53d6daa098c91c108a0190c68a8f665db91f46ba,0x8cf3c1e8671952ff2627f6fbf8b9006a63494263,0x647b9d84c3a2dfc9734a102d5bcdbbcdb91eccca,2.1705310224403019e+21,KolaFinance,KOLAF,18,72,173467,380625000000,132416,4740733,deprecated,4399894
15,10783930,2020-09-02 20:14:17,0x436730be6ac59fae013519188789597af6b852cbeb5db666aa2a1a7433ed16d8,15,0x729587b08d80c535fc5ba9dc1839029f88e53481ab9e42abcd3132aea370130e,0x647b9d84c3a2dfc9734a102d5bcdbbcdb91eccca,0x8cf3c1e8671952ff2627f6fbf8b9006a63494263,0x53d6daa098c91c108a0190c68a8f665db91f46ba,7.207536257658965e+20,KolaFinance,KOLAF,18,113,150513,296450000000,111467,7909541,deprecated,4399832
16,10784028,2020-09-02 20:35:30,0x5d4a84f26ec4351c6b8d5b30f238c7ef161909b4fa73ff766dca4d430cffac11,16,0x7e3c6d54e253b321e98e2beecc7f71f3fbfc3ac517a9d00c4a8243108e570385,0x53d6daa098c91c108a0190c68a8f665db91f46ba,0x8cf3c1e8671952ff2627f6fbf8b9006a63494263,0x647b9d84c3a2dfc9734a102d5bcdbbcdb91eccca,2.21233e+21,KolaFinance,KOLAF,18,149,173446,306900000000,132397,11346099,deprecated,4399734
17,10784041,2020-09-02 20:37:35,0x7366f5d13fbccc78492daea6e0ad4e3e8fc7e81c7afbf53851f512ee89fb2a6f,17,0xbbdb9b3ef100290eca3761e02c0d13acc8dff69646ba0903c69fd670ed0fed2d,0x53d6daa098c91c108a0190c68a8f665db91f46ba,0x647b9d84c3a2dfc9734a102d5bcdbbcdb91eccca,0x647b9d84c3a2dfc9734a102d5bcdbbcdb91eccca,7.071067811865475e+20,Uniswap V2,UNI-V2,18,51,301242,385000000000,175794,3098434,deprecated,4399721
18,10784041,2020-09-02 20:37:35,0x7366f5d13fbccc78492daea6e0ad4e3e8fc7e81c7afbf53851f512ee89fb2a6f,17,0xbbdb9b3ef100290eca3761e02c0d13acc8dff69646ba0903c69fd670ed0fed2d,0x7a250d5630b4cf539739df2c5dacb4c659f2488d,0x8cf3c1e8671952ff2627f6fbf8b9006a63494263,0x53d6daa098c91c108a0190c68a8f665db91f46ba,1.5317320021041322e+22,KolaFinance,KOLAF,18,51,301242,385000000000,175794,3098434,deprecated,4399721
19,10784056,2020-09-02 20:41:20,0xe73d0361ee93b8124dcfd92da7fbb4ad5a855ae76c43d0a3cf5955408c379f83,19,0x5555dcd941e1575215c27ddbe2005791e3c725f6a5bb299c6c2f50c72b2e67ee,0x0000000000000000000000000000000000000000,0xefcd1ff7a037b8b9ac3d443e3a3ac7c55f5b80ea,0x53d6daa098c91c108a0190c68a8f665db91f46ba,3e+22,YearnThronFinance,YTHRON,18,75,1518778,291000000000,1518778,7915346,deprecated,4399706
20,10784066,2020-09-02 20:44:13,0x7b6cadc9717238ac888f00e824ddd83472bdd214cc9287ae65b16ffbffb57d09,21,0x7a6a9a493e536fef1588867d5f19f138083f8cf985fb9af94aa2934670c9c747,0x53d6daa098c91c108a0190c68a8f665db91f46ba,0xefcd1ff7a037b8b9ac3d443e3a3ac7c55f5b80ea,0xeae0f521163672ef6093e37c03ae56d690460633,3e+22,YearnThronFinance,YTHRON,18,32,3049223,296819999744,2716650,8529568,deprecated,4399696
21,10784066,2020-09-02 20:44:13,0x7b6cadc9717238ac888f00e824ddd83472bdd214cc9287ae65b16ffbffb57d09,21,0x7a6a9a493e536fef1588867d5f19f138083f8cf985fb9af94aa2934670c9c747,0x0000000000000000000000000000000000000000,0xeae0f521163672ef6093e37c03ae56d690460633,0x53d6daa098c91c108a0190c68a8f665db91f46ba,7.745966692414833e+20,Uniswap V2,UNI-V2,18,32,3049223,296819999744,2716650,8529568,deprecated,4399696
22,10784076,2020-09-02 20:45:38,0x5fbcf547ecb96d9fd28fe44df1fae27bc452168774b7681feb4808d21d6bc49b,22,0x4b9ce16fdafc2ad3cc723b8fb6a212138df11f7947aa388455ff98b3cfdf1387,0xeae0f521163672ef6093e37c03ae56d690460633,0xefcd1ff7a037b8b9ac3d443e3a3ac7c55f5b80ea,0x53d6daa098c91c108a0190c68a8f665db91f46ba,4.456672130100683e+21,YearnThronFinance,YTHRON,18,109,200735,291000000000,156409,9327614,deprecated,4399686
23,10784100,2020-09-02 20:51:01,0x39f46dfbaed8cf10bb9f8bbc4c97d08dc421cb305aed269db0a2ebfb4554a422,24,0xbd9b3e3bee8ab696f392e854fb59c21c54907e490d085b8cf1f4bece38636991,0xeae0f521163672ef6093e37c03ae56d690460633,0xefcd1ff7a037b8b9ac3d443e3a3ac7c55f5b80ea,0x53d6daa098c91c108a0190c68a8f665db91f46ba,1.4096804612368142e+21,YearnThronFinance,YTHRON,18,156,150449,291000000000,111409,12261358,deprecated,4399662
24,10786041,2020-09-03 03:50:19,0xe5d290f3ce66602761d3bcfdb87e2d864cd2863fea63e051bf8f838d32844d96,25,0x90e8f68c84e377df7894ea5e997ad0064a1d91c71d74b2b08e0666eabf77a587,0x53d6daa098c91c108a0190c68a8f665db91f46ba,0xeae0f521163672ef6093e37c03ae56d690460633,0xeae0f521163672ef6093e37c03ae56d690460633,7.745966692414833e+20,Uniswap V2,UNI-V2,18,38,301299,350000000000,175846,3753259,deprecated,4397721
25,10786041,2020-09-03 03:50:19,0xe5d290f3ce66602761d3bcfdb87e2d864cd2863fea63e051bf8f838d32844d96,25,0x90e8f68c84e377df7894ea5e997ad0064a1d91c71d74b2b08e0666eabf77a587,0x7a250d5630b4cf539739df2c5dacb4c659f2488d,0xefcd1ff7a037b8b9ac3d443e3a3ac7c55f5b80ea,0x53d6daa098c91c108a0190c68a8f665db91f46ba,2.1307743127305978e+22,YearnThronFinance,YTHRON,18,38,301299,350000000000,175846,3753259,deprecated,4397721
26,10786081,2020-09-03 03:59:21,0xfe650907b7c306170228b7edce64ad396764d400c82aa3298b6de46f810e2f91,26,0x0e63ed00642cfb3a222dfcc1a80c0397bf241ffe7d848b665e1dc8bf2d4a0eaa,0x0000000000000000000000000000000000000000,0x977ae75209dadb7e9ebc4fb726f8dba43dcfc285,0x53d6daa098c91c108a0190c68a8f665db91f46ba,3e+22,YearnCloudFinance,YCLOUD,18,131,1518778,355000001459,1518778,8853133,deprecated,4397681
27,10786107,2020-09-03 04:03:58,0x35d2b9bd3551954121d0b88d951db4b2543a57186c7bb43384e2ec7a8bb88d6f,28,0x84073dc70ca399387f2c790bc9143dbf52bbfec2bbd6cce91386fb049ae6251b,0x53d6daa098c91c108a0190c68a8f665db91f46ba,0x977ae75209dadb7e9ebc4fb726f8dba43dcfc285,0x9162793e2a57442df4dd25fd4a8075988eb66ca5,3e+22,YearnCloudFinance,YCLOUD,18,116,3049168,360000000000,2716600,8483358,deprecated,4397655
28,10786107,2020-09-03 04:03:58,0x35d2b9bd3551954121d0b88d951db4b2543a57186c7bb43384e2ec7a8bb88d6f,28,0x84073dc70ca399387f2c790bc9143dbf52bbfec2bbd6cce91386fb049ae6251b,0x0000000000000000000000000000000000000000,0x9162793e2a57442df4dd25fd4a8075988eb66ca5,0x53d6daa098c91c108a0190c68a8f665db91f46ba,7.745966692414833e+20,Uniswap V2,UNI-V2,18,116,3049168,360000000000,2716600,8483358,deprecated,4397655
29,10786127,2020-09-03 04:08:46,0x0fe82358f6535852aedd30d3a98c2de10438099be92e5eb8bf6a14090bfb8791,30,0x5df748058c25f5bdc1b297b975537c18e023be6a118aa3eab989e5633334bb3c,0x9162793e2a57442df4dd25fd4a8075988eb66ca5,0x977ae75209dadb7e9ebc4fb726f8dba43dcfc285,0x53d6daa098c91c108a0190c68a8f665db91f46ba,4.004351569538542e+21,YearnCloudFinance,YCLOUD,18,67,167288,342000000000,126479,2999096,deprecated,4397635
30,10786156,2020-09-03 04:16:36,0xf06126242feadcfcd8687ec036b1ec7f6011f49f1d6c27d80616e73ec1880f99,31,0x40850d08129944836d41aab3c24fe07a9bb2161a7f07fd186c7281239d3836fb,0x9162793e2a57442df4dd25fd4a8075988eb66ca5,0x977ae75209dadb7e9ebc4fb726f8dba43dcfc285,0x53d6daa098c91c108a0190c68a8f665db91f46ba,1.388750661128699e+21,YearnCloudFinance,YCLOUD,18,76,150526,344863712963,111479,5659461,deprecated,4397606
31,10786206,2020-09-03 04:26:35,0xd89654e7f1ab7885aad31ff9457dd2c5b2a1309aedd909f5c6e390e5257112ce,32,0x8b3ba8b7d355b0286f0be8b65530346e1301c9754cce8a02c7ec45fa3cd53dc6,0x9162793e2a57442df4dd25fd4a8075988eb66ca5,0x977ae75209dadb7e9ebc4fb726f8dba43dcfc285,0x53d6daa098c91c108a0190c68a8f665db91f46ba,1.7443202337088825e+21,YearnCloudFinance,YCLOUD,18,93,150526,344000000000,111479,8763477,deprecated,4397556
32,10786216,2020-09-03 04:29:53,0xa6313359b621f563b2f4f0424924502d235eedac068d39fbdbc5f2b8756cfebd,33,0x265dad24895386e063cf96359b13c6d23a759729ca32f67d4e9db2e95ad4fe34,0x53d6daa098c91c108a0190c68a8f665db91f46ba,0x977ae75209dadb7e9ebc4fb726f8dba43dcfc285,0x8455bbbef80efb82a083c269c9b87d4b52f1cb11,1e+18,YearnCloudFinance,YCLOUD,18,53,112701,360000000000,75134,5515176,deprecated,4397546
33,10786216,2020-09-03 04:29:53,0xc411e113de581a86d8ecb84a50ecc9621c3e5a0d419dd4d9f3a40f3e95dd22ba,34,0x265dad24895386e063cf96359b13c6d23a759729ca32f67d4e9db2e95ad4fe34,0x53d6daa098c91c108a0190c68a8f665db91f46ba,0x977ae75209dadb7e9ebc4fb726f8dba43dcfc285,0x23787ba7c2673b9ffa6959c51e44d318c5327941,1e+18,YearnCloudFinance,YCLOUD,18,54,112701,360000000000,75134,5590310,deprecated,4397546
34,10786246,2020-09-03 04:35:22,0x13627721429ca51629d39c62cd97caa0d3351fb2695c98394b6be087492c9359,35,0xa74ed4840eb473fff85dd4c3ee47624e3d407c700d808eff3e62d341774ab258,0x9162793e2a57442df4dd25fd4a8075988eb66ca5,0x977ae75209dadb7e9ebc4fb726f8dba43dcfc285,0x53d6daa098c91c108a0190c68a8f665db91f46ba,2.0061034372320576e+21,YearnCloudFinance,YCLOUD,18,125,150526,345000000000,111479,8913956,deprecated,4397516
35,10786290,2020-09-03 04:47:14,0xedb4b972a30e7c7025901928dfa6e3bb6cda2868ad592d678d148b027f2aad59,36,0xa0509bb60b4439c569a3a09f59d9bcdf8d4b4b64e78f4f9d47015bda4e25c7fa,0x9162793e2a57442df4dd25fd4a8075988eb66ca5,0x977ae75209dadb7e9ebc4fb726f8dba43dcfc285,0x53d6daa098c91c108a0190c68a8f665db91f46ba,8.473654792179358e+20,YearnCloudFinance,YCLOUD,18,48,150526,362000000000,111479,2734163,deprecated,4397472
36,10786297,2020-09-03 04:49:25,0x0849b9b543b46789fbf979d18109df625004acdf8ce97ecf35a9007e9fba896f,37,0x2a2cde49b8baea457ec47464628759bfcb4d1fc04d3a6c07defe4587cfc3524f,0x53d6daa098c91c108a0190c68a8f665db91f46ba,0x977ae75209dadb7e9ebc4fb726f8dba43dcfc285,0xacc3221479c15547c8f2a54a0b9166c8b1a89c1c,1e+18,YearnCloudFinance,YCLOUD,18,122,112701,362000000000,75134,9334740,deprecated,4397465
37,10786297,2020-09-03 04:49:25,0x502081dc9ecf5ae1c423c921d8446ebcaf5006e78a2d1895b847468d87d5c510,38,0x2a2cde49b8baea457ec47464628759bfcb4d1fc04d3a6c07defe4587cfc3524f,0x53d6daa098c91c108a0190c68a8f665db91f46ba,0x977ae75209dadb7e9ebc4fb726f8dba43dcfc285,0x2f27938905a1e6db510da1f9059e40a1918a8e07,1e+18,YearnCloudFinance,YCLOUD,18,123,112701,362000000000,75134,9409874,deprecated,4397465
38,10786355,2020-09-03 05:02:09,0xfed806929e42c49bf72980845f7f36ff7f5f27ac4dbb6ec65ad6f41837c97511,39,0xba92447eb42f047936e91979b485db3142034efeb8013856255ab35524722b77,0x9162793e2a57442df4dd25fd4a8075988eb66ca5,0x977ae75209dadb7e9ebc4fb726f8dba43dcfc285,0x53d6daa098c91c108a0190c68a8f665db91f46ba,1.7609345608394667e+21,YearnCloudFinance,YCLOUD,18,85,150526,398200000000,111479,4575554,deprecated,4397407
39,10786387,2020-09-03 05:10:46,0x2ebe791fd1f16e28c50d3e6d24637cca6b3c1309506087e7ec452e4c1700c393,40,0x3623ffb095cbfac15d942fed9fa3815efeb6d9a71821e46d047298d3c56e7c6d,0x9162793e2a57442df4dd25fd4a8075988eb66ca5,0x977ae75209dadb7e9ebc4fb726f8dba43dcfc285,0x53d6daa098c91c108a0190c68a8f665db91f46ba,5.968790111030856e+20,YearnCloudFinance,YCLOUD,18,108,150526,372000000000,111479,12005420,deprecated,4397375
40,10786405,2020-09-03 05:16:15,0x5cc526dbb61fa73f298ec091461684148edf033c00681a5dbddc2273234781df,41,0xff3f0aa311d3feaa4983f9e94583c7f413fed8f703e69badc1e2b0db43ed733c,0x53d6daa098c91c108a0190c68a8f665db91f46ba,0x977ae75209dadb7e9ebc4fb726f8dba43dcfc285,0x9162793e2a57442df4dd25fd4a8075988eb66ca5,1.2171243803194997e+21,YearnCloudFinance,YCLOUD,18,79,173467,409200000000,132416,4183808,deprecated,4397357
41,10786438,2020-09-03 05:23:37,0x476f7105b83edd7ca2cca1b7849e8e0e24e382eb87b7898ff87bfad669e57ce7,42,0x31d5ce4d745578c9558c1a47908d75ab36a263a9780f5e624e69784737a52a94,0x9162793e2a57442df4dd25fd4a8075988eb66ca5,0x977ae75209dadb7e9ebc4fb726f8dba43dcfc285,0x53d6daa098c91c108a0190c68a8f665db91f46ba,4.935121234926412e+20,YearnCloudFinance,YCLOUD,18,53,150526,372000000000,111479,3790513,deprecated,4397324
42,10786568,2020-09-03 05:53:59,0xaeed553a2706eb9d47513a9968207a65d66174ca415c9401ae90eb9c633780e9,43,0x0e99eef47de7a12ab5b39e22fe68313418c52b9a992fd2e7743a47c977999776,0x9162793e2a57442df4dd25fd4a8075988eb66ca5,0x977ae75209dadb7e9ebc4fb726f8dba43dcfc285,0x53d6daa098c91c108a0190c68a8f665db91f46ba,1.0191267121290356e+21,YearnCloudFinance,YCLOUD,18,114,150526,376000000000,111479,9952274,deprecated,4397194
43,10786794,2020-09-03 06:42:46,0x4e0531d81db00cc4dece1e7b1d4a87397b9f5872cd6ec1728748b85587b474e4,44,0xb4002904f0ae3c9c36ef3c452097e66131f9a9eaa21f79d8cf50051d01850c4f,0x53d6daa098c91c108a0190c68a8f665db91f46ba,0x9162793e2a57442df4dd25fd4a8075988eb66ca5,0x9162793e2a57442df4dd25fd4a8075988eb66ca5,7.745966692414833e+20,Uniswap V2,UNI-V2,18,69,301255,400000000000,175806,3846846,deprecated,4396968
44,10786794,2020-09-03 06:42:46,0x4e0531d81db00cc4dece1e7b1d4a87397b9f5872cd6ec1728748b85587b474e4,44,0xb4002904f0ae3c9c36ef3c452097e66131f9a9eaa21f79d8cf50051d01850c4f,0x7a250d5630b4cf539739df2c5dacb4c659f2488d,0x977ae75209dadb7e9ebc4fb726f8dba43dcfc285,0x53d6daa098c91c108a0190c68a8f665db91f46ba,1.2658972354307393e+22,YearnCloudFinance,YCLOUD,18,69,301255,400000000000,175806,3846846,deprecated,4396968
