,blockNumber,timeStamp,hash,nonce,blockHash,from,contractAddress,to,value,tokenName,tokenSymbol,tokenDecimal,transactionIndex,gas,gasPrice,gasUsed,cumulativeGasUsed,input,confirmations
0,4664567,2017-12-02 21:46:32,0x4f568d2b0d6007f9691abf7c0eb7f34a0f88aa544024cb95bc2fb2893d64e869,5,0x0f4495501552a18c48e8df41fda29e8c2ac2105ed921f553646dc617f88aa594,0x708352cd28ea06e6bbd5c1a9408b4966ac1226e4,0x6f69ef58ddec9cd6ee428253c607a0acd13da05f,0xc824c462c9d2ecb54f94e9def64533827413e70c,1.4e+22,Vyral,SHARE,18,17,200000,10000000000,130377,535653,deprecated,10519620
1,4664567,2017-12-02 21:46:32,0x4f568d2b0d6007f9691abf7c0eb7f34a0f88aa544024cb95bc2fb2893d64e869,5,0x0f4495501552a18c48e8df41fda29e8c2ac2105ed921f553646dc617f88aa594,0x1f204b70832b0df002ff7500e7b2fac62b5dbe33,0x6f69ef58ddec9cd6ee428253c607a0acd13da05f,0xc824c462c9d2ecb54f94e9def64533827413e70c,7e+21,Vyral,SHARE,18,17,200000,10000000000,130377,535653,deprecated,10519620
2,5135710,2018-02-22 10:54:26,0x5b5bfa5bab27398308bf7ace7e09c3045fb8c387cc4116647579c6348f344058,904,0x21f53a5f45661190d221c71a0886dda3acc8f245a1956ef11dc9aa7fe5b3c459,0x7fe21bf65e42940956716c0aec8c1b13639ebf48,0xe8780b48bdb05f928697a5e8155f672ed91462f7,0xc824c462c9d2ecb54f94e9def64533827413e70c,1000000000000000.0,Cashaa,CAS,18,88,1302200,8000000000,52169,4016606,deprecated,10048477
3,5170397,2018-02-28 08:38:20,0xa2555bdad17921bbd20ecfd0649d1f698f9bf42bb7e1d49d63faa7d85ba42a96,474,0x4ada3391af7d609fb226e921568f1178c389be713220411bec6551106517be1c,0xd17084ca1ccc9153c2a26bf5419b714ac6e1c24e,0xe8780b48bdb05f928697a5e8155f672ed91462f7,0xc824c462c9d2ecb54f94e9def64533827413e70c,2.1245e+22,Cashaa,CAS,18,85,1302200,10000000000,37297,4311780,deprecated,10013790
4,5180247,2018-03-02 00:55:48,0x7b22218751fa9dd90a151b1970418559066bc05d493efa07dceaceaacc906931,7,0xe6e5333925d945c9688b83d92fc23702471841daa31e70f3d2fce1c3c5f76e67,0x61d80088c69f0874963dcd655de7e0b851ceef61,0xf3e014fe81267870624132ef3a646b8e83853a96,0xc824c462c9d2ecb54f94e9def64533827413e70c,7.77e+18,VIN,VIN,18,27,2000000,1000999995,1712404,7034739,deprecated,10003940
5,5206118,2018-03-06 10:11:54,0x3f3b76c51b26d039410a525b37d1019b06a4d41fb8f3711b8c0ab634da18d5e3,2419,0x5a63fef52143692abaed4a8e31baeed40d1bf4e13323a4e550bd83999fa45688,0x83f4fc375c0962ec126381ba5e8d1309537352d0,0xe8780b48bdb05f928697a5e8155f672ed91462f7,0xc824c462c9d2ecb54f94e9def64533827413e70c,5.84237e+21,Cashaa,CAS,18,158,1302200,8000000000,37297,6093777,deprecated,9978069
6,5564860,2018-05-06 06:52:20,0x572f7c25123dd67e1d2980caad52e5914a994ec5e25a1c244c99de96db260050,90,0x350a62e003d127b50c94c4d91c0f276a814bc7048c69b4d9ccbc90759b8dd9c0,0xcaef7a48125bcc5e411be45a0b46ac1f5e856d4c,0xf230b790e05390fc8295f4d3f60332c93bed42e2,0xc824c462c9d2ecb54f94e9def64533827413e70c,56000000.0,Tronix,TRX,6,20,1670478,2000000000,1660193,2360252,deprecated,9619327
7,5606908,2018-05-13 14:12:56,0x439f24e83ea78030d2aaf3a059a7730105522acece6ec86ef28c152f98cae155,10,0xdadc0617284ff1e39b456995f1a07ae3a40a5b9c3ac5f9a641fa1df375d6d264,0xc824c462c9d2ecb54f94e9def64533827413e70c,0xe8780b48bdb05f928697a5e8155f672ed91462f7,0x86142187b5f5819fb067b7a9154509bcea066a9f,2.7087e+22,Cashaa,CAS,18,56,52297,10000000000,52297,3965372,deprecated,9577279
8,5755123,2018-06-08 20:01:04,0x258d75adae85ccdd9c985caa0554920023835d25052f3a95f6af6e1437efa728,4205,0xebf04899580429c67a9dbe72f00e1af50a83c6a6bf2515464f49598944d87a0d,0xfc9170e1f3ab3054e9f991137be4d1f7bc56c3cd,0xe8780b48bdb05f928697a5e8155f672ed91462f7,0xc824c462c9d2ecb54f94e9def64533827413e70c,4e+16,Cashaa,CAS,18,153,200000,13500000000,37333,6205247,deprecated,9429064
9,5762544,2018-06-10 03:44:46,0x18e8f49da8f2777d393dc2c8181ba3c5153b041ad66533017a3715edcc5332ee,1371,0xfbbd2821b4e5bd7a4e2eef89657d90e2b5c86a34663c4c780f707688fe45272d,0x13bccd3f79fe992bb82ccc92d602354aa89e1e27,0x039f5050de4908f9b5ddf40a4f3aa3f329086387,0xc824c462c9d2ecb54f94e9def64533827413e70c,9.999e+21,Ethernet Cash,ENC,18,71,52218,3000000000,52218,6487640,deprecated,9421643
10,5783580,2018-06-13 20:39:27,0x2a764db18d03c4e991b04ba71d92325943f39101b622fe2ae2673036cef185b7,502,0xeddb2345c0d4d077f3a11404d9626c6addbc940ff1aa1dbb1ed910c700df08c3,0x21233829c202a73e876efab3817b1fd90537d43b,0x91a6f588e5b99077da9c78667ab691564a8fa4dd,0xc824c462c9d2ecb54f94e9def64533827413e70c,150000000000.0,Neo Cash,NEOC,8,124,54536,3000000000,51383,6474580,deprecated,9400607
11,5839081,2018-06-23 08:36:33,0x90ab7defe732a9b75e2b3656aac35112d4e993acca5533d3b719ca61728fcb97,86,0x224c0a11d3f1d597cde6cb782443530e7d61f188116fc1ba8bba6979b2b1b17e,0x5b919f09e295f5ec441ac21607a0b142a7fb09ac,0x03ec7bb59be036870ef696a2abf124f496d6735a,0xc824c462c9d2ecb54f94e9def64533827413e70c,1.2e+22,Sancoj,SANC,18,97,5274376,1000000000,3515987,6069203,deprecated,9345106
12,5920393,2018-07-07 07:34:00,0xaaf0941631dfa83650897cab62ead648c3d719a9325613982edf1e5284e3f7d4,3984,0xc808e63fdbd23cf189cb8af24a64ca49a153e1c88d610293ce2ff00999d37ae4,0x324cc2c9fb379ea7a0d1c0862c3b48ca28d174a4,0xfbd0d1c77b501796a35d86cf91d65d9778eee695,0xc824c462c9d2ecb54f94e9def64533827413e70c,100000.0,Twinkle,TWNKL,3,8,150000,70000000000,51669,235724,deprecated,9263794
13,5920930,2018-07-07 09:52:50,0xdc669e784eb341e6eaad5a96f947522c5ed4a921a53e0e66b5c7c1ea160bfb82,3988,0x52db85a7dfc9e2450c78e1f747c5f55f1f8b41ea3ee2759a94d60edb2ad42cd1,0x324cc2c9fb379ea7a0d1c0862c3b48ca28d174a4,0xfbd0d1c77b501796a35d86cf91d65d9778eee695,0xc824c462c9d2ecb54f94e9def64533827413e70c,432252000.0,Twinkle,TWNKL,3,40,150000,70000000000,36733,5610717,deprecated,9263257
14,5946874,2018-07-11 21:04:23,0xb971052f789ec23dc4d18f60359f56cbf821c18ca1e7476528785145266391b1,4154,0x36a4d8b4c9917c467b87ea67c765783a5575b629432229ac51eb3aeea80fd5c2,0xa7b3a9cb0a7e372039fd248e84e50e5608ca3dec,0xe8780b48bdb05f928697a5e8155f672ed91462f7,0xc824c462c9d2ecb54f94e9def64533827413e70c,4e+16,Cashaa,CAS,18,19,200000,11500000000,37333,3694599,deprecated,9237313
15,5954968,2018-07-13 05:23:43,0xa397c23abc730b984c3286dde124f2b4c61e740995c54958918eb7b89b5a426f,15,0xa789164c2be7c2e13fe84e208db9fbf08f0d3a916d3d2dc60f869ceba90a1b50,0x0000000000000000000000000000000000000000,0xc92d6e3e64302c59d734f3292e2a13a13d7e1817,0xc824c462c9d2ecb54f94e9def64533827413e70c,4500000000000.0,FUTURAX,FXC,8,24,3812797,8000000000,3812797,6002776,deprecated,9229219
16,5987601,2018-07-18 17:42:47,0x0e854e23b1434a86df755fa31a86097a4bee598d8d6b5ce77ca68b87cec989fa,13,0x8f1191e4c50195092e76e0918e78d4870d2795c1a01da4d3ab845789613e8498,0x0000000000000000000000000000000000000000,0xde1e0ae6101b46520cf66fdc0b1059c5cc3d106c,0xc824c462c9d2ecb54f94e9def64533827413e70c,1250000000000000.0,DeltaChain Token,DELTA,8,21,51703,10000000000,51703,789950,deprecated,9196586
17,5988772,2018-07-18 22:24:36,0x1f92bdef47339b4b3bcbf57cd686041ad7530407590390b34e738d931638d3a1,64,0xbf099d924a516e97b2624fb3f68b2df87118bf79f0845310a0fbaa9b92871150,0x1db74b622c42dc78a0043fed21f8d725d6b9fb10,0xde1e0ae6101b46520cf66fdc0b1059c5cc3d106c,0xc824c462c9d2ecb54f94e9def64533827413e70c,150000000000000.0,DeltaChain Token,DELTA,8,23,55821,3000000000,37214,1506338,deprecated,9195415
18,5993232,2018-07-19 16:45:28,0x05e271ea750d1de3691240eda10b26e1c5779ae26e75b2fd3d8de851c0e83492,8,0x31b41973d248413858d391c1047c197968834a156da8a713c109a62ff18bf581,0x5df03c4c445813b9af987b1b56d595e52fc6c3fa,0x63f584fa56e60e4d0fe8802b27c7e6e3b33e007f,0xc824c462c9d2ecb54f94e9def64533827413e70c,2.73e+18,ContentBox Token,BOX,18,34,5928421,1790000000,5692973,6751100,deprecated,9190955
19,6003455,2018-07-21 10:49:27,0xb5cfa5bd7c45d4381887685dc790328edbc683af136b8e66dd9caf2e0282b243,1,0x10cdc42ab0463dd17151bff098aeecbd8e38e0d1d995bda3dabe74bc6cf96477,0xc3443831a866802557a16161702612c5f7ff3363,0x971d12e576b09dd0dcf627630a129f64b181038a,0xc824c462c9d2ecb54f94e9def64533827413e70c,15000000.0,Bitcoin Xtreme,BTXT,0,84,53000,4001000000,51753,7811011,deprecated,9180732
20,6012539,2018-07-22 23:10:46,0xaedcf02cb6ce5f85005d932f66b7619da66af1d2a5bc71b42875bc909a643a33,99,0x3a2ccb3916adfbc1f4f4052bcec61970a1395c6fd031467afcb5fe824d2b3548,0x0000000000000000000000000000000000000000,0xde1e0ae6101b46520cf66fdc0b1059c5cc3d106c,0xc824c462c9d2ecb54f94e9def64533827413e70c,20000000000000.0,DeltaChain Token,DELTA,8,14,7200026,1300000000,5477347,6127566,deprecated,9171648
21,6021370,2018-07-24 11:32:22,0xb635ea4f696046710ca8a6736f8ad37fabc6bae764977d20bd960dd5f9e16ee9,15,0x9515219b4209780a2ba951d19ef1968c71ae923d938d7c99bc2c53af312c2467,0xf46d665966674a8793aed3109ccc65b2f638cf09,0xf2cee90309418353a57717eca26c4f8754f0d84e,0xc824c462c9d2ecb54f94e9def64533827413e70c,1e+24,BitcoinBrand,BTCB,18,27,120000,41000000000,53694,794115,deprecated,9162817
22,6021734,2018-07-24 12:51:56,0x5b8a417ff4907e144c8c6b519c4333200cf4884f39dc91e223fc45ee36d81c45,129,0x2768c5bbbfa7009848fc1144f6c0c3c7d4b38698781274b29e0ba6036a9e9587,0xc4e570d2644cce3a71dc4345b13ee5fd3af720d1,0xf2cee90309418353a57717eca26c4f8754f0d84e,0xc824c462c9d2ecb54f94e9def64533827413e70c,5e+23,BitcoinBrand,BTCB,18,80,100000,13000000000,37854,2683228,deprecated,9162453
23,6026876,2018-07-25 10:05:32,0x2d15c43bb69d1991c87d837e24f8cc621c10cdfc44aa47ac49422d4f28d4671a,17,0xcbc1e5cb5d35db4e451b0a2df5a3fa635e6bc1a57621b2677ee194943195ba27,0x0000000000000000000000000000000000000000,0x06bead2ead661b51307b646f7419d5284330c135,0xc824c462c9d2ecb54f94e9def64533827413e70c,200000000000000.0,EliteShipperToken,ESHIP,8,55,100000,10000000000,51721,2058343,deprecated,9157311
24,6045929,2018-07-28 15:30:27,0x49f8c19f6d75d2dca45983dc90a7324932407bd5f13252f86a840a0c82719dec,60,0x0184a523aaae90007d5a9571be5d462fa394987bcd3f5fc29e6188d64fd657ac,0x0000000000000000000000000000000000000000,0x06bead2ead661b51307b646f7419d5284330c135,0xc824c462c9d2ecb54f94e9def64533827413e70c,40000000000000.0,EliteShipperToken,ESHIP,8,78,39382,1000000000,39382,4560826,deprecated,9138258
25,6070383,2018-08-01 18:12:31,0xb9b06fdce13b76bfb0149463b4196b7412b171f546a9c9490106bed593181385,19,0x7c3b99f683da06c608bf98f3d054da43a86beb1d6825e0e2ac3e9703ebd79e3a,0xc824c462c9d2ecb54f94e9def64533827413e70c,0xfbd0d1c77b501796a35d86cf91d65d9778eee695,0xf401fdfb0392734ace83400903a028597bdf80fb,432352000.0,Twinkle,TWNKL,3,79,90000,2000000000,21669,6937490,deprecated,9113804
26,6078796,2018-08-03 04:22:01,0x2234cbc285b134f1ccc642fc600c128749e2708674bcc4ea233c8177d5b2da95,4670,0x0341791f17863b9e6e48459a67a3bb11ea1601a82ae9be13015b810e0f5793de,0x324cc2c9fb379ea7a0d1c0862c3b48ca28d174a4,0xfbd0d1c77b501796a35d86cf91d65d9778eee695,0xc824c462c9d2ecb54f94e9def64533827413e70c,569846962.0,Twinkle,TWNKL,3,128,150000,2000000000,51733,7202724,deprecated,9105391
27,6082145,2018-08-03 18:07:07,0x9939462c3128e0844fd0a55e7e1941814d8d7f2c72c016d857b760160152bb1c,20,0xb7a8fd5535322b50a9407c9a8bfc104119e0a7364b6457943dac66992d650d9f,0xc824c462c9d2ecb54f94e9def64533827413e70c,0xfbd0d1c77b501796a35d86cf91d65d9778eee695,0xbd5a1b2298ab1894695ac0697a53fca44db7f739,432320000.0,Twinkle,TWNKL,3,90,90000,4000000000,51669,3971499,deprecated,9102042
28,6082186,2018-08-03 18:19:49,0x669bba6746ab03c2502747034ee974ab472c2ca9d7baf68645a44b7d02b69dfa,21,0x55c4a51c813c18dab388d5c81afdf61cd38cf9d12785ca88d825a8eda2f96bc6,0xc824c462c9d2ecb54f94e9def64533827413e70c,0xfbd0d1c77b501796a35d86cf91d65d9778eee695,0xf401fdfb0392734ace83400903a028597bdf80fb,137526962.0,Twinkle,TWNKL,3,32,90000,4000000000,21733,1937660,deprecated,9102001
29,6093505,2018-08-05 15:49:43,0x12cff394172dcb8f3a053858738dabb5a5680d1559df6580dc0d4db2a26450a0,123216,0x4b645b0af55d4882a0bd61816373c53b4dce3ad8f1ba3def7583f71a6c62e608,0x30d8ad7cbfaca59d423b2346b81dbbda36e4f1c3,0xf1ca9cb74685755965c7458528a36934df52a3ef,0xc824c462c9d2ecb54f94e9def64533827413e70c,3.575e+20,AVINOC Token,AVINOC,18,97,90000,1600000000,52440,4627472,deprecated,9090682
30,6126542,2018-08-11 05:31:38,0x08d934246bf2c2b4bd0970450003ed3388ec7571706d1dba04a85859ee302af9,20,0xe7e7a8b3d68a566e69a1412a36a4efae26090d5ec93d392e3698f74aee01edf0,0xa0179cda16e1fa99c1832c59b8fc770b4ec41552,0x3f8fd16e55cfee539b81cc47bb9682090988ebd4,0xc824c462c9d2ecb54f94e9def64533827413e70c,1e+22,CampingCoin,CAPC,18,26,3626210,5000000000,3626131,5762204,deprecated,9057645
31,6149611,2018-08-15 03:25:02,0xe5bf01ed389e3c9c7ad6c29c5fcdd71cddc7850599f50a9897c71f892969a0b9,196,0x2bb2b81dcf70e4b476bf5a76cdd10d6402bc4d74225d72185b9fdfb2e928791e,0x0000000000000000000000000000000000000000,0x41875c2332b0877cdfaa699b641402b7d4642c32,0xc824c462c9d2ecb54f94e9def64533827413e70c,4500000000000.0,FUTURAX,FTXT,8,8,6446452,5000000000,6446452,7121390,deprecated,9034576
32,6152892,2018-08-15 16:41:33,0x5b7a00e54cb51d8f3aa1a3e6b3fac574625acd99a3635119615dbedd570d9304,4116,0xf580b10e91fc543bad1bd9c1812506ae79685f7d6ce6591e3191093acf614c5e,0xbde1304a1f66bc655ae1b2c20710327dde043e50,0xe8780b48bdb05f928697a5e8155f672ed91462f7,0xc824c462c9d2ecb54f94e9def64533827413e70c,4e+16,Cashaa,CAS,18,126,200000,15000000000,37333,3208675,deprecated,9031295
33,6155609,2018-08-16 03:44:00,0xedc5e1fb893411eb550de35cde9cf37aeb52fc7b0a5f06fc36dac554083e35e9,8523,0xb5c30ef8b310ee9f9e0dffedc5e71205a14cdbb3441b865284fdf682c95fb71b,0xeb93f39ec3a953b66bdc96e5b8b92d174fcfbba0,0x737fa0372c8d001904ae6acaf0552d4015f9c947,0xc824c462c9d2ecb54f94e9def64533827413e70c,7.81e+21,MEDIBIT,MEDIBIT,18,209,200000,6000000000,52746,5492036,deprecated,9028578
34,6244719,2018-08-31 05:01:42,0x93d953acdc9ddbf42c7ce05a5a5fa38878340ceb8158e4b1133c75eacb9ce32a,33,0x13b322aba0f48e60da941c1a3edf1323d005b123ad1ad6e3bb58104d32d50309,0x0000000000000000000000000000000000000000,0x049e6eb92fc1ca6bc6eca9f34ab43a9ad28d014b,0xc824c462c9d2ecb54f94e9def64533827413e70c,40000000000000.0,Cryptrust,CTRT,8,58,100000,11000000000,51721,3304999,deprecated,8939468
35,6257780,2018-09-02 10:05:36,0xfea5c6c803424f708a008037a88d805cddb7d47e04a334e41faf1cf8a3bf8291,80,0xecd3f7579c32b0eed73ea63f118c42636cdca72815fe0cf6c3c9b9e371f297a6,0x0000000000000000000000000000000000000000,0x8606a8f28e1e2fd50b9074d65c01548b1f040b32,0xc824c462c9d2ecb54f94e9def64533827413e70c,40000000000000.0,Cryptrust,CTRT,8,49,81573,4000000000,54382,2707020,deprecated,8926407
36,6336873,2018-09-15 15:02:48,0x9472cee8dacdd7356a7bf21d5a110cbd38ca268ea137b32dac22a3275a5ded1d,4100,0x6cf40321776867a2a91922b8bf08981370e2748ab2654cc3ef48f1d652ba5f0b,0xdf1eec5f15608b1fc75751718955a372129e1e09,0xe8780b48bdb05f928697a5e8155f672ed91462f7,0xc824c462c9d2ecb54f94e9def64533827413e70c,4e+16,Cashaa,CAS,18,14,200000,13000000000,37333,689955,deprecated,8847314
37,6408217,2018-09-27 09:13:02,0x72a25ac0a4ebe8416aa1789d902b32d1ece2fa48abaa7426353a6d49679443f5,494,0xb4d31010739d0e00c9f6a565a51c5abad68575e7944fa6bfef0813d012420606,0x8e306b005773bee6ba6a6e8972bc79d766cc15c8,0x58b6a8a3302369daec383334672404ee733ab239,0xc824c462c9d2ecb54f94e9def64533827413e70c,2.0763031716069345e+18,Livepeer Token,LPT,18,71,1560854,9680000000,1195914,6343641,deprecated,8775970
38,6445815,2018-10-03 12:55:54,0x4898350010e1435f7c257de7ea3d665c1b93aeea4b100e1c154f6e32163a0496,155,0xc371520cbdefc4ddef7037716f02cd9f7d29b84a048b01c0364431be635a63ad,0x3546a62c8d37af7cf6bda3cd9f0a8781dfd2cbb7,0xd7a43cb1a8dcdd604f07341c88efa4a29cc70d52,0xc824c462c9d2ecb54f94e9def64533827413e70c,168000.0,KPR Coin,KPR,4,14,4000000,5500000000,3873842,4277174,deprecated,8738372
39,6466235,2018-10-06 20:37:06,0x5421c6301817bfa4aba48db41d41b74e0d9a89c993959977c30b40b726b469da,492,0x67f2b6750c8b3926c356c663eabdd75fbc168e37765b6d17f0c7869deac47e7f,0x643980c9fd7146185caf69a6f323e644f2379bfb,0x135bacd9261b9b5d2aae6645168fee45d8e57547,0xc824c462c9d2ecb54f94e9def64533827413e70c,1e+22,BitcoinMax,BMAX,18,23,4926103,5000000000,3283751,5997040,deprecated,8717952
40,6472792,2018-10-07 21:59:53,0x914daf0018e203ee9d2e021765e999e84c4623585eaa7088522a946ade0cab26,24,0xfeb192e02f0ce36a85c6ac2886bba826bf61ce528c2ab532424a42f42f0c1ebc,0xc0fc25ba6e693e23fea1d2b7e65e75a0cabe586d,0xc0fc25ba6e693e23fea1d2b7e65e75a0cabe586d,0xc824c462c9d2ecb54f94e9def64533827413e70c,4.179e+21,Innercore,CORES,18,53,1600000,2000000000,1527421,5267497,deprecated,8711395
41,6476927,2018-10-08 13:57:08,0xadc8a28e0b895104913bbad22b2618cbc6650bd72a7b07e70b5cec21866ff117,135,0xaab2960c4b73a225265564e7ba0560848a85fa067969f9055ea8acfcc783d765,0xc0fc25ba6e693e23fea1d2b7e65e75a0cabe586d,0xc0fc25ba6e693e23fea1d2b7e65e75a0cabe586d,0xc824c462c9d2ecb54f94e9def64533827413e70c,9e+23,Innercore,CORES,18,45,5500000,3500000000,1774177,3493807,deprecated,8707260
42,6480621,2018-10-09 04:14:19,0x62df4e41587974dad11682bc5cb86aab7ae67d7eb8e40d92ca7f0b377ec2ce99,92,0xce60487bed91b0a1c6def7dd8b7e64ffb0c3ceee6e7855032906ab1ec9da9022,0xf46d665966674a8793aed3109ccc65b2f638cf09,0x5d075d568621f868a6a6148cb925f883fedc236a,0xc824c462c9d2ecb54f94e9def64533827413e70c,1.5e+24,BitcoinBrand,BTCB,18,0,100000,65000000000,52918,52918,deprecated,8703566
43,6486044,2018-10-10 01:25:47,0x647cfafb0d2d4566c68897a2a9df992ae8b53e56ad7fd58fb2a7aad6c2f28d86,189,0x5607bf3332dcbfa703bcb0525533c376d2e252dbf03a457ef3f72ec0b103ad1b,0xc0fc25ba6e693e23fea1d2b7e65e75a0cabe586d,0xc0fc25ba6e693e23fea1d2b7e65e75a0cabe586d,0xc824c462c9d2ecb54f94e9def64533827413e70c,9e+23,Innercore,CORES,18,5,5500000,10000000000,1279177,1652797,deprecated,8698143
44,6486220,2018-10-10 02:10:55,0xf8faec34f9e971a329725bf2b63f0be4e0a52acdbe7e60d7fb4fc682371b2e96,190,0xa29359ebc07ba09b28404742327938f003406a0bb762d213a3795e161cda85da,0xc824c462c9d2ecb54f94e9def64533827413e70c,0xc0fc25ba6e693e23fea1d2b7e65e75a0cabe586d,0x0000000000000000000000000000000000000000,9e+23,Innercore,CORES,18,68,4500000,5000000000,1246408,4231666,deprecated,8697967
45,6505350,2018-10-13 04:49:19,0xe1414141c2b8a2680959ca63ad908364140068baa01a0340ce6bf9eab08d55a3,35,0xd984fd574297079fb19ad1b8c97f4dbe2763c06163850079ffd9591a82029c28,0xc824c462c9d2ecb54f94e9def64533827413e70c,0xde1e0ae6101b46520cf66fdc0b1059c5cc3d106c,0x8b737390c24173b19ce6e83c2e0265a494f0787c,1420000000000000.0,DeltaChain Token,DELTA,8,108,150000,11000000000,37278,2571407,deprecated,8678837
46,6539979,2018-10-18 20:04:40,0x519449f553b93dec60e5c1255ed4725498f76d3ecd2e01386dfa6eac87ba47d5,1744,0x6d71c1f8642ad1c3cf3cfe585ee9bfa8116e700c0116c389d154eb868cf6d3b5,0x31dfbedfdb712da29db8d98f7f20afa7b7f801e8,0x26eb39228eb4bb98c84ad821bb51464121b2276d,0xc824c462c9d2ecb54f94e9def64533827413e70c,2700000.0,eNAU,ENAU,4,27,4300000,11000000000,51697,1900172,deprecated,8644208
47,6549977,2018-10-20 11:31:47,0x11b401f7a7700a45654c995923137f0556388ba2df650ca4b0b4dfe05d29a994,3869,0x7805b9766571a9f56c9b924d8b6664c489beb7bdea3c52e5747df1a84571ddff,0x31dfbedfdb712da29db8d98f7f20afa7b7f801e8,0x26eb39228eb4bb98c84ad821bb51464121b2276d,0xc824c462c9d2ecb54f94e9def64533827413e70c,2700000.0,eNAU,ENAU,4,40,4300000,11000000000,36697,1760321,deprecated,8634210
48,6586189,2018-10-26 09:20:24,0xa780e2ab115a64c23add569e03a10c26e1c0cb59b0020651ec8263531cc83447,30,0xe78b9d23a9713c905f8cfc495be75fd530461d32f64e7114167a8c709ae38485,0x8cbc3b90a4f85cf63fbe3ee2ff339ff5a94ae68d,0x98f483cf521b5761172d73ef6081fb940fb2e115,0xc824c462c9d2ecb54f94e9def64533827413e70c,1.5e+24,BitcoinBrand,BTCB,18,4,100000,17000000000,53704,258675,deprecated,8597998
49,6647753,2018-11-05 11:31:48,0xc7a44c0ef33c014b6ea936118d8675ca52d14657f66686830b694a89c3c614dd,37,0x5881b485a888eacc2fbde1bafa3335dff90adcf5746f6bb7fac797fa87e316aa,0xc824c462c9d2ecb54f94e9def64533827413e70c,0x98f483cf521b5761172d73ef6081fb940fb2e115,0xe3e517c3e708739569edc8273ebadc4a029bca0e,1.5e+24,BitcoinBrand,BTCB,18,73,53704,11000000000,38704,3655197,deprecated,8536434
50,6813738,2018-12-02 17:41:38,0xdcc612c58c77892d3ef644b3e25548e86551c28432a150192d062a24daec1b6d,34,0xe0fc76ae9865c9226b34a2232bd1baddb38ea6f23763159b5d36d4d216f409f7,0x41fc7b36b563ef41dec440a2ce6d67555c616b12,0x5c872500c00565505f3624ab435c222e558e9ff8,0xc824c462c9d2ecb54f94e9def64533827413e70c,1.792e+24,CoTrader,COT,18,70,3243469,7500000000,3228193,7335050,deprecated,8370449
51,7219159,2019-02-14 11:24:52,0x9cc33a3c8e73fe251e02382e98b0f575553913374360e1c684914496a1bae1fc,3347,0x797accef03611e9f88ad2728ebc26600008933ef0a669743f62bc5f3382fe68f,0x52527f974a205e69f46c7e22f2b5f6fd99985c4c,0x919d3a363776b1ceec9352610c82dfaf80edc32d,0xc824c462c9d2ecb54f94e9def64533827413e70c,8e+22,GoldFund,GFUN,18,103,61791,11500000000,51493,4214903,deprecated,7965028
52,7220394,2019-02-14 18:36:16,0x9854e85acc0ef6d8be778360d1a4a6320fcdfe100823b02c93e3e2d9a841885d,38,0x34b352347abc0b179045bf4e569be538fbc4e9e384d5258399744295757d51f4,0xc824c462c9d2ecb54f94e9def64533827413e70c,0x919d3a363776b1ceec9352610c82dfaf80edc32d,0xffd36a36076b5b397c1a21e54e1f4ec260a369d0,8e+22,GoldFund,GFUN,18,204,51493,41000000000,36493,4471786,deprecated,7963793
53,7336449,2019-03-09 17:49:43,0x81c29730a314c3a6c9a31da7c654a38f344c85e6340f67d5c4fcbe569f1f0122,39,0x695d750a5455410eda21d429612c44002c6acc15486390073804aa9ff17f9f92,0xc824c462c9d2ecb54f94e9def64533827413e70c,0x5c872500c00565505f3624ab435c222e558e9ff8,0x8b737390c24173b19ce6e83c2e0265a494f0787c,1.792e+24,CoTrader,COT,18,145,152524,41000000000,37524,7509414,deprecated,7847738
54,7399953,2019-03-19 15:09:07,0x245f31d202dfae36e66e916da9902ea5748a406766b92db1f71846fcd2857fd1,1326,0xbdba656bdf69946a436823a447855ae2d77e463f1c6571f1b7c06d656ac548e8,0xcdbb5a2d305f179fcff384499cdef4d6265b3082,0x161a097dcd09f1d68197568d782ed9bba27bc5de,0xc824c462c9d2ecb54f94e9def64533827413e70c,3.1182330013e+20,SinghCoin,SINGH,18,52,4200000,6000000000,2609147,4371373,deprecated,7784234
55,7470759,2019-03-30 16:27:52,0xb6931bc91cea85d212e15b7c6f37b234b3c283e010562c9fa1f3c7d2674c08ea,289,0x707eb53391332cd1156e71ee1c630e527e9c14273ffb0ecb333522e62dbcc422,0xb935028babdb6cdbd9f583f1e45822e9d1a273de,0xa1a6f16d26aa53aec17e4001fd8cb6e6d5b17ff7,0xc824c462c9d2ecb54f94e9def64533827413e70c,5000000.0,1irst,FST,6,10,6925216,4485000000,6915216,7919098,deprecated,7713428
56,7470785,2019-03-30 16:33:32,0xf8c712eb0eb80ea14664aa6677f4e694ca6679d4573826be898b64da003e2377,290,0x1b0c9e7319f81f249b7e45483823be8e5366f4e711b6a58d259251193d627807,0xb935028babdb6cdbd9f583f1e45822e9d1a273de,0xa1a6f16d26aa53aec17e4001fd8cb6e6d5b17ff7,0xc824c462c9d2ecb54f94e9def64533827413e70c,5000000.0,1irst,FST,6,11,6925216,4485000000,4290216,4928812,deprecated,7713402
57,7546318,2019-04-11 10:55:59,0x73eecc67b5871dd5880af59f8821c9690f0544cd30c0c252efe00a152092698d,2527,0x527e0e1beef961168ddde8fe9646822f7090c5ccec6a0266f73c60af2d5b5631,0xcdbb5a2d305f179fcff384499cdef4d6265b3082,0x5fa34ce3d7d05e858b50bb38afa91c8b1a045688,0xc824c462c9d2ecb54f94e9def64533827413e70c,2.1657522379e+20,SmartCityCoinTestNet,SCCTN,18,3,4200000,6000000000,2602847,2671806,deprecated,7637869
58,7786378,2019-05-18 20:53:12,0xf6d45c04a6c0df8ec2098c05834fece234d883288d71b73e21ed9c0b1d9537f6,379,0x870f3b8da6878233d3837b9d57ffe2648d5a88e8b6a01703911fbf5115f15135,0xe44f7f028ceb9f35ba4fce622694314bf927c046,0xd0d87c21af72e320d62bed336e543a3938e89b6a,0xc824c462c9d2ecb54f94e9def64533827413e70c,3.1182330013e+20,SinghCoin,SINGH,18,1,7885214,6000000000,7884973,7905973,deprecated,7397809
59,7803295,2019-05-21 12:44:11,0x8aa92ebd4654914623856ffe1d9c660459c92118d8d5a72710dcbbbd5d964545,1496,0xbfdd8e5a97909a8aef122dddea958c2bb38c3504ba76d274b7834c903705c093,0x37533715a8dfb5c501ef6db6c75ac297eba75265,0x6ee10c4c566166135c8de574ce63f583afc6d2b2,0xc824c462c9d2ecb54f94e9def64533827413e70c,1e+20,Orientum Plus,ORTP,18,22,75144,10400000000,75144,929380,deprecated,7380892
60,7803318,2019-05-21 12:50:40,0x9e77a86071f210d27b2fe8059f0c1165c14425f2d6cf5df1c2cf03ec502dd927,1499,0x32a7665f13d434a39c04be0dca503f1ec34a1b262e53c771f7ec1af0c6da9c8d,0x37533715a8dfb5c501ef6db6c75ac297eba75265,0x6ee10c4c566166135c8de574ce63f583afc6d2b2,0xc824c462c9d2ecb54f94e9def64533827413e70c,8.648e+22,Orientum Plus,ORTP,18,93,45208,10000000000,45208,4028600,deprecated,7380869
61,7957191,2019-06-14 13:58:29,0x81ddd9e4f54df12d818cf83d326105a66c8701e2f5c7b0c211d4cae799612a79,3930,0xd657d911388c1eeaf19d16ecb6b05f2ce5dfed90650cb992eea6d064e1ed7107,0x37533715a8dfb5c501ef6db6c75ac297eba75265,0x6ee10c4c566166135c8de574ce63f583afc6d2b2,0xc824c462c9d2ecb54f94e9def64533827413e70c,1e+20,Orientum Plus,ORTP,18,70,45144,20000000000,45144,2370692,deprecated,7226996
62,7957202,2019-06-14 14:01:37,0xbec9715158f7ebd6a4fc4af3346e094f8a72c75b830fcad01bc0b675416c56b5,3933,0x52723930b9846f4dcff00f6b7751665d1a4b33e385b7d21802ed874ab0eeb29c,0x37533715a8dfb5c501ef6db6c75ac297eba75265,0x6ee10c4c566166135c8de574ce63f583afc6d2b2,0xc824c462c9d2ecb54f94e9def64533827413e70c,1.124e+23,Orientum Plus,ORTP,18,5,45208,20000000000,45208,214967,deprecated,7226985
63,7966549,2019-06-16 01:17:42,0x241700a4ff719c5cf2361605e269768d56e99a91de1b52e65518b5741a3fdf14,4224,0x4184121faccffa6bf3351560b5cc47021acc4f7aa7b267b3747a72ca65f2334e,0x37533715a8dfb5c501ef6db6c75ac297eba75265,0x6ee10c4c566166135c8de574ce63f583afc6d2b2,0xc824c462c9d2ecb54f94e9def64533827413e70c,1.125e+22,Orientum Plus,ORTP,18,226,45208,10000000000,45208,5795028,deprecated,7217638
64,7969127,2019-06-16 10:58:36,0xbf8f7020f368d31af7155317ab086ea255ae68d6f82d773a3aa381a85f6504a3,4281,0x3c90e731bee65a5b0a8b5d5f6e038321a215b4c16b9a4cd78e6b622bd9639de5,0x37533715a8dfb5c501ef6db6c75ac297eba75265,0x6ee10c4c566166135c8de574ce63f583afc6d2b2,0xc824c462c9d2ecb54f94e9def64533827413e70c,1.00025e+23,Orientum Plus,ORTP,18,42,45208,8000000000,45208,1724918,deprecated,7215060
65,7981570,2019-06-18 09:46:35,0xf0e17b67ad3fe90cb0eca8e444dcfddca8bec18d6588d3eafcd04fe2248fed25,6,0x7a34f9c1785605781ff3f4581015fd1252d85b1b4dda3bf43c51f39dbcd7d511,0xf002c5f02f64fdb6175867429887b1f357373468,0xc7c752aef02152af47aca5733e9f641e39e28016,0xc824c462c9d2ecb54f94e9def64533827413e70c,1.1904e+21,Orientum Token,ORT,18,59,2000308,11000000000,2000070,4025857,deprecated,7202617
66,8264961,2019-08-01 13:02:08,0x7e61797c02c51139df89df6ebcf29925e89aa5d7afb0b540837298379564df2f,49,0x2a0380ed14e7230406f95aedc294bff19cc0f442ffb9545e2374c744aca77a2b,0xf002c5f02f64fdb6175867429887b1f357373468,0xc7c752aef02152af47aca5733e9f641e39e28016,0xc824c462c9d2ecb54f94e9def64533827413e70c,1.1904e+21,Orientum Token,ORT,18,2,4952291,41000000000,4952291,4994291,deprecated,6919226
67,8353757,2019-08-15 07:25:07,0x7af42cb4f0189178f32ba8156cf3a9eaabff0e90ec5487efa03d7ed4dcc5e05a,313,0xeae47daf2de12e4d32d7cb9bea5f5762fbca90f343a9b6b3fad3577fd0f3b83b,0xc2a6e09c539d734c0f63fbfa70acb6adf414b810,0xa4ec83c8907888d006a37debf755ee39766f38ae,0xc824c462c9d2ecb54f94e9def64533827413e70c,2.5e+22,Global Currency Unit,GCU,18,15,4000000,20000000000,3680391,4139779,deprecated,6830430
68,8408209,2019-08-23 18:40:54,0xdae742c9fee49f44acab2d0462b3e476bba259411bd0a559bc59a633ca81e903,43,0xaf0c68fa8746939a0a5981d680b28dc30378d2c45a01a5d05e933b150886b637,0xc824c462c9d2ecb54f94e9def64533827413e70c,0xc7c752aef02152af47aca5733e9f641e39e28016,0x5995ca61d845e045cd1327a32707a66f7daccf6d,2.3808e+21,Orientum Token,ORT,18,50,77278,3000000000,47278,5890006,deprecated,6775978
69,8579669,2019-09-19 11:56:15,0x7ddbf5ed80ca1c854ab7ec4e71a603e748cb059a3e726b270ffb9af383dd17a5,31,0xf4db9fadc3639d8ea04ef7b7694bba7e05642aed2d92f4c3cf5e340f18b10d7d,0xa5025faba6e70b84f74e9b1113e5f7f4e7f4859f,0x310c93dfc1c5e34cdf51678103f63c41762089cd,0xc824c462c9d2ecb54f94e9def64533827413e70c,10000000.0,1irst,FST,6,66,1839102,30000000000,1698735,4812125,deprecated,6604518
70,8674719,2019-10-04 08:55:48,0x400c33843bb10ad17d12ab19d20e71f9594861c9cb14465dfcc5da4fb79f6e66,374,0x2d05463ebb642cd0da1534a38e2561ea73124d5d2cd46412f0d377a1e7a947ad,0xd9bc517d9b59f369dfa4c6513d4f06a21885d475,0x5c872500c00565505f3624ab435c222e558e9ff8,0xc824c462c9d2ecb54f94e9def64533827413e70c,5e+21,CoTrader,COT,18,35,6689195,2000000000,6689195,8934320,deprecated,6509468
71,8721662,2019-10-11 17:04:08,0xd115264b18ef53e1dee84904c9e309729df14d44d9907e64043646abdcddb4d4,53,0x265c968637e7eea482cb63d106f9c7e10178f8ddb41d1265e870b33605438bd0,0xc824c462c9d2ecb54f94e9def64533827413e70c,0x6ee10c4c566166135c8de574ce63f583afc6d2b2,0x5995ca61d845e045cd1327a32707a66f7daccf6d,3.10355e+23,Orientum Plus,ORTP,18,81,78206,8000000000,48206,3225954,deprecated,6462525
72,9402662,2020-02-02 11:02:23,0x9c16aa057e1421d0e92e58e9e51d786689e0c2f7d8ac36229f3c26208f8f3b91,62,0x59f1c32bbc3cf6c82122f84337bdd79098f983164004b905718440f5305fb624,0x5995ca61d845e045cd1327a32707a66f7daccf6d,0x6ee10c4c566166135c8de574ce63f583afc6d2b2,0xc824c462c9d2ecb54f94e9def64533827413e70c,1.5287277435483406e+23,Orientum Plus,ORTP,18,78,76072,8000000000,61072,3549744,deprecated,5781525
73,9402666,2020-02-02 11:02:51,0xf9e5db5fee2e821b76471ab05d207e60ab1102e861dfd1de660a850c5d56c849,63,0xe63d498c2ca0fedbb1385c57dbb95ea81e4bbf3fa64a0a8821d47db9748cfa78,0x5995ca61d845e045cd1327a32707a66f7daccf6d,0xc7c752aef02152af47aca5733e9f641e39e28016,0xc824c462c9d2ecb54f94e9def64533827413e70c,4.74375888e+21,Orientum Token,ORT,18,58,74152,8000000000,59152,2429724,deprecated,5781521
74,10653467,2020-08-13 19:18:55,0x91af1d382067afc8e940a778dcfd3ad693375fd75f45e3119e1b28862b090adc,66,0x01cb7bc4b9acdf9af0d4cd6ddc97f023a1061247516b4ab0a3d1af99747117e0,0x0000000000000000000000000000000000000000,0xc6306feca24c68947158620c50d77af124f1166a,0xc824c462c9d2ecb54f94e9def64533827413e70c,1e+20,ETHERZ,EZC,18,157,480139,120000000000,320093,11099617,deprecated,4530720
75,10653502,2020-08-13 19:26:25,0xe8b4879ca47d6f09e5dedcb79ffcda44da7abb88ae24afc414a3c32903c5fb51,67,0xd33d6d9d87f16ea247b9cfffd405eda29d6df4b1ed1c8dd289e5ea65e62baae5,0x0000000000000000000000000000000000000000,0xc6306feca24c68947158620c50d77af124f1166a,0xc824c462c9d2ecb54f94e9def64533827413e70c,1e+20,ETHERZ,EZC,18,112,895201,120000000000,596801,7199337,deprecated,4530685
76,10653505,2020-08-13 19:26:46,0x4600a3a09c0584efaf76f6a246f1556d2f02624bbf8feeb632d70d2367d76c9c,68,0x624fd48a918375c8c18263c4e40d3a76510651732b67631f6d1d7daaaedcf2a7,0x0000000000000000000000000000000000000000,0xc6306feca24c68947158620c50d77af124f1166a,0xc824c462c9d2ecb54f94e9def64533827413e70c,2e+20,ETHERZ,EZC,18,54,189729,120000000000,126486,4704960,deprecated,4530682
77,10658366,2020-08-14 13:23:13,0xc39fc3cda97e3bc6b6f0f86fe38e48ebcd139f48bcc9dffcd882713505073141,69,0x7037977b8f804699db0249f5e686aeb2b482ae0177b675692c36a679aff7b48b,0x0000000000000000000000000000000000000000,0xc6306feca24c68947158620c50d77af124f1166a,0xc824c462c9d2ecb54f94e9def64533827413e70c,1e+20,ETHERZ,EZC,18,173,665410,126000000000,443607,10761857,deprecated,4525821
78,10658411,2020-08-14 13:33:22,0x4bbc380820904fb9d42dc444c1f3d5c2ae09df6342b8722639d568a46f7eb8d2,70,0x4ed3acd975f31a66d0777dff31ac1a3903fe3785bd0dda2a63d5942e35a6a284,0x0000000000000000000000000000000000000000,0xc6306feca24c68947158620c50d77af124f1166a,0xc824c462c9d2ecb54f94e9def64533827413e70c,3e+20,ETHERZ,EZC,18,32,194086,164000000000,129391,3210943,deprecated,4525776
79,10658457,2020-08-14 13:45:25,0xa8f6a5ee55c44a9ad417fdad0baee1cd0a35a1da51f15ada1e55272037beafd5,71,0xd59042ef28e9e6922b4167497999fefb92c4938c491da0a9db86dcfe88886d48,0x0000000000000000000000000000000000000000,0xc6306feca24c68947158620c50d77af124f1166a,0xc824c462c9d2ecb54f94e9def64533827413e70c,1e+20,ETHERZ,EZC,18,105,663715,187062621489,442477,9163151,deprecated,4525730
80,10658473,2020-08-14 13:49:13,0xc2d61b23b3a2976ca73fb02125aab4b5982357f339bf87078e4d942d0eb05bda,72,0xf7421d1a52b987df8d4e98fe678a96cab1f19ed70de00c94df7cf3d74ea5b62f,0x0000000000000000000000000000000000000000,0xc6306feca24c68947158620c50d77af124f1166a,0xc824c462c9d2ecb54f94e9def64533827413e70c,4e+20,ETHERZ,EZC,18,95,198444,187062621489,132296,11183848,deprecated,4525714
81,10658552,2020-08-14 14:06:30,0x4bd2991286f5d7e9ff405bcb1f7e8a4c7aa4cd5394163fb6f6c50d036c080246,73,0xbe2226974bf906201239fd013268ff690622e5df32a966d3a043f7c1c7cca530,0x0000000000000000000000000000000000000000,0xc6306feca24c68947158620c50d77af124f1166a,0xc824c462c9d2ecb54f94e9def64533827413e70c,1e+20,ETHERZ,EZC,18,75,639975,182000000000,429765,5791521,deprecated,4525635
82,10658552,2020-08-14 14:06:30,0xb7f0537b274bd02841845ac5e6aa56a51f8a6b1f5a4634b5af57d2d93687fc62,74,0xbe2226974bf906201239fd013268ff690622e5df32a966d3a043f7c1c7cca530,0x0000000000000000000000000000000000000000,0xc6306feca24c68947158620c50d77af124f1166a,0xc824c462c9d2ecb54f94e9def64533827413e70c,5e+20,ETHERZ,EZC,18,76,204063,193065949461,136042,5927563,deprecated,4525635
83,10658615,2020-08-14 14:19:50,0x49e1e285bd45b1a9a6d59ed2e9c80519791812be5ff6cdba1d892e38a2edcf3e,75,0x7396157f821cd8e7e652cddab894e70ecd7b8e1897fc7532472c55cfe91a7e3a,0x0000000000000000000000000000000000000000,0xc6306feca24c68947158620c50d77af124f1166a,0xc824c462c9d2ecb54f94e9def64533827413e70c,1e+20,ETHERZ,EZC,18,173,731440,188531311362,487627,11724190,deprecated,4525572
84,10658620,2020-08-14 14:21:17,0xde9ca83cfbb94c581b49bdfcdae87cf6387c4fa302652ceb74df84676015e9d8,76,0x6ba86805870855b850cb67abaedd147e3f2955633c940bb6f679245eacee1281,0x0000000000000000000000000000000000000000,0xc6306feca24c68947158620c50d77af124f1166a,0xc824c462c9d2ecb54f94e9def64533827413e70c,6e+20,ETHERZ,EZC,18,173,205614,188000000000,137076,10931460,deprecated,4525567
85,10658627,2020-08-14 14:22:26,0x5f219132263de704d81d6c19ab7f844d701bbc6db32ff7aceb10e16dfe6a3bab,77,0x4e3cebdcc0c3a32f3b3caa7800caf11d9767aea9aaf2d217ff97eee8dd0b6ffc,0x0000000000000000000000000000000000000000,0xc6306feca24c68947158620c50d77af124f1166a,0xc824c462c9d2ecb54f94e9def64533827413e70c,1e+20,ETHERZ,EZC,18,69,547753,188000000000,365169,4604716,deprecated,4525560
86,10781439,2020-09-02 11:07:09,0x512f86bc21d9758f6412aebbfc2662376b7a2e375de96627620f4267a41f103f,79,0xdb9f04ef6a43e3172dea6e551b9f140e5620a21fe5bdbf84785e89ea1a12d097,0xc4da39e646e7f5d233b89ca0f7b75344e7ddb2cc,0x1e18821e69b9faa8e6e75dffe54e7e25754beda0,0xc824c462c9d2ecb54f94e9def64533827413e70c,1e+20,KIMCHI.finance,KIMCHI,18,98,160116,375000000000,120276,9923427,deprecated,4402748
87,10897587,2020-09-20 06:33:29,0x5f7fff3d9d2455c99812ef82446ad0f83cfe1e907794231dd52633e76a62f5f0,86,0x950f9352644c3b77949de298723eeed8f822bf09b485bb7e6039674406bd1faf,0x03f6bc90a94e9e4ccfee45d682e71f5c9104869e,0xf0a0f3a6fa6bed75345171a5ea18abcadf6453ba,0xc824c462c9d2ecb54f94e9def64533827413e70c,4.5e+18,Yearn Finance Bit,YFBT,18,225,173485,90917188053,120414,11733645,deprecated,4286600
88,10897602,2020-09-20 06:36:18,0x71dcebdfd39277728e29d8ba6e6a8fa1e4ba91f77355be42aac06e134f08e017,87,0xa3f3f56f66b3a2ac15d99d3fe46697584b6c7445ce20905faaa6e9066491b12e,0x03f6bc90a94e9e4ccfee45d682e71f5c9104869e,0xf0a0f3a6fa6bed75345171a5ea18abcadf6453ba,0xc824c462c9d2ecb54f94e9def64533827413e70c,7e+17,Yearn Finance Bit,YFBT,18,153,143767,90917188053,117430,10808126,deprecated,4286585
89,10897609,2020-09-20 06:38:34,0x43a2de77e02785ddd218a2126190966d866ce4ba5da695522d6f4999a171d265,88,0x2389400091c2b603a8462a41fc49aa52c0956f95bc00f55bee0c0deb5b1c6af1,0x03f6bc90a94e9e4ccfee45d682e71f5c9104869e,0xf0a0f3a6fa6bed75345171a5ea18abcadf6453ba,0xc824c462c9d2ecb54f94e9def64533827413e70c,1.2e+18,Yearn Finance Bit,YFBT,18,136,156985,90917188053,117430,11960809,deprecated,4286578
90,10897632,2020-09-20 06:43:01,0xa90f1c6fadf127fa7ad224ed0db7e0207bdcc9aa7a7d72507727b8c2a70dcfaa,90,0x00ad9ac32f67ba35e59e7f087eee99454fa82132faf3c74c0e8d7c13b2f35ee3,0x03f6bc90a94e9e4ccfee45d682e71f5c9104869e,0xf0a0f3a6fa6bed75345171a5ea18abcadf6453ba,0xc824c462c9d2ecb54f94e9def64533827413e70c,3.53648e+18,Yearn Finance Bit,YFBT,18,97,156985,89000000000,117430,9010111,deprecated,4286555
91,10897841,2020-09-20 07:28:34,0x15f53d6425b2ac35ef06669edea74be29e429b1585177a7c9d379e5451fc9207,91,0x0dc2b243d6d73649e10b322acf5156153d7fa9d3c4fa3ce5177642662befdeaa,0x03f6bc90a94e9e4ccfee45d682e71f5c9104869e,0xf0a0f3a6fa6bed75345171a5ea18abcadf6453ba,0xc824c462c9d2ecb54f94e9def64533827413e70c,4.55364e+18,Yearn Finance Bit,YFBT,18,146,156998,80400001750,117442,9266424,deprecated,4286346
92,10897866,2020-09-20 07:33:51,0xc8535f3845c9f462c329b73146b60a05ca404932cfe7c5ae14a8d05548b0f701,92,0x7073dd0a8a0a067f8eb60117a86cc49553c93bd389516dfa7734bea751f6be06,0x03f6bc90a94e9e4ccfee45d682e71f5c9104869e,0xf0a0f3a6fa6bed75345171a5ea18abcadf6453ba,0xc824c462c9d2ecb54f94e9def64533827413e70c,5e+17,Yearn Finance Bit,YFBT,18,168,156985,80400001750,117430,11072492,deprecated,4286321
93,10943902,2020-09-27 09:47:26,0xf6deba7f0030bf3aa00a97536911b2aaf46545f1446de73a3e27337192d97f8a,95,0xeff38ba2a068020ce6ade5f4068d1c5dd02c88012af1357736534c5a4cd3f3ef,0x82d5fb29c54c3dd762cff8a76f3bc3625abf6939,0x40b92fce37cefa03baf7603e7913c1d34dd1a4ec,0xc824c462c9d2ecb54f94e9def64533827413e70c,304897040.0,YeaFinance,YEA,8,54,166304,51000000000,125598,3671679,deprecated,4240285
94,10943945,2020-09-27 09:58:27,0xdb00422b264718ae643b5fed34b6e189ed9414d78898730e189d92a97f3a076b,96,0xd03eb5f41ae4937aed2f886718a7f4fd508eca2378c4ba709dea83e2e9dbd7c1,0x82d5fb29c54c3dd762cff8a76f3bc3625abf6939,0x40b92fce37cefa03baf7603e7913c1d34dd1a4ec,0xc824c462c9d2ecb54f94e9def64533827413e70c,551175937.0,YeaFinance,YEA,8,124,149542,54000000000,110598,10387839,deprecated,4240242
95,10946305,2020-09-27 18:50:45,0x82fb1f031663b11b72358685ff9a2fda6a39efa54e6a760946d0920266ae0588,97,0x505cbc105320967e54b2931d519172b5d84278c0c94b8db4c97861c295fea993,0x82d5fb29c54c3dd762cff8a76f3bc3625abf6939,0x40b92fce37cefa03baf7603e7913c1d34dd1a4ec,0xc824c462c9d2ecb54f94e9def64533827413e70c,538623177.0,YeaFinance,YEA,8,116,149542,64000000000,110598,7161896,deprecated,4237882
96,10981196,2020-10-03 05:54:53,0x6495d4122ce5a3265afdeaff39cd21774e23159a7d0dd7f5e5600624bd1f7b48,211,0x9e4b62117cedc7648ab5755a3037b646d10af9adcc5836b1e72ff7c63051458e,0xa5025faba6e70b84f74e9b1113e5f7f4e7f4859f,0x59e7b5db9be0bdd26fa048d39e01fee456ab674e,0xc824c462c9d2ecb54f94e9def64533827413e70c,7.495e+18,Yearn Finance Bit2,YFB2,18,151,5603510,46000000000,4969310,10371535,deprecated,4202991
97,10994344,2020-10-05 07:23:13,0xa5f51b7e35e65fce129c958d9149ce40e71396eef1c530390d8daa91a2845424,98,0x3cfacfbd82155f6908cb581a9b8f6a6f77537b5eac69fa5a475dd694c90960e6,0xc4ab0852473875bf7a44527db2d3cf1dc5350811,0x9b06d48e0529ecf05905ff52dd426ebec0ea3011,0xc824c462c9d2ecb54f94e9def64533827413e70c,3.32867e+23,XSwap,XSP,18,41,226740,85000000000,188731,2683076,deprecated,4189843
98,11002030,2020-10-06 11:48:38,0x0e81ae8f9d206bba1f68f424d09c7cee1040ac59e7de3382c94b311786f1ee66,101,0x6dd1e07d59031c471e559d84e75b9e78d8695bbd6fd7751b76f7e8a725c84c30,0xc824c462c9d2ecb54f94e9def64533827413e70c,0x9b06d48e0529ecf05905ff52dd426ebec0ea3011,0xc4ab0852473875bf7a44527db2d3cf1dc5350811,3.32867e+23,XSwap,XSP,18,198,221663,92999999999,169116,6317620,deprecated,4182157
99,11007616,2020-10-07 08:48:37,0x717c0bbb1e2dc87024ef5cdbdca91dd6dfae162e30623a4c451f6be3e3acac79,1,0x50c7e514c1c97dffbd3d13b292ffcabfddb749af35d619e58ba51615dbb89e62,0x83e08c55e3666732046ed4ffb2b7d4cc8ed68aca,0x5650ca3f0289c762f83dde1894faa9b6d0d89798,0xc824c462c9d2ecb54f94e9def64533827413e70c,10000000000000.0,Block X Token,BLKX,8,186,84231,40700000000,41154,10290700,deprecated,4176571
100,11015604,2020-10-08 15:02:05,0x25e445a8e6dbd33d0775fd24148fe0981e4a08812833a4a5d6e9af85725c3f88,102,0x652baffeb3269d69d2dae3dd1c553f606508a6a07ca00c3fa7bac9db60188580,0x7be4e9fc946f87178ab27d9c51afb68eaee43d07,0x4f58d36d525c1fa9b3521b84aedfcadda62404f0,0xc824c462c9d2ecb54f94e9def64533827413e70c,6e+19,yield cultivation finance,YFC,18,109,107067,82000000000,69116,10488981,deprecated,4168583
101,11017545,2020-10-08 22:28:56,0x63d7a65e809b053573c5d1f913242f8f9eeb3eae85abd8b9ed1fa66c55740459,103,0x973d033a2ee5053ed968b26d5c0b7f0aca7eaaec3132c8e95604bf0e19591e5b,0xe643781cc07e6085980aaf76e2323513d5c1251f,0x4f58d36d525c1fa9b3521b84aedfcadda62404f0,0xc824c462c9d2ecb54f94e9def64533827413e70c,3.053919609706069e+19,yield cultivation finance,YFC,18,125,149032,48000000000,110142,5965674,deprecated,4166642
102,11061053,2020-10-15 14:54:13,0x6fc3427ac78366d2a36686a921e9e305323370941aee5d7c62f4d610287390bd,104,0x3de17bb6675849f9468b462cec8ed531801d0198a6a74fcd4b6c7b786d1fd901,0xc824c462c9d2ecb54f94e9def64533827413e70c,0xf0a0f3a6fa6bed75345171a5ea18abcadf6453ba,0x8b737390c24173b19ce6e83c2e0265a494f0787c,1.499012e+19,Yearn Finance Bit,YFBT,18,26,76771,53000000000,36181,5039065,deprecated,4123134
103,11061053,2020-10-15 14:54:13,0x215be1d50ffd7e9babe4405f7beb56878b6e0888bfcd2429028a96e5a673198e,109,0x3de17bb6675849f9468b462cec8ed531801d0198a6a74fcd4b6c7b786d1fd901,0xc824c462c9d2ecb54f94e9def64533827413e70c,0x59e7b5db9be0bdd26fa048d39e01fee456ab674e,0x8b737390c24173b19ce6e83c2e0265a494f0787c,7.495e+18,Yearn Finance Bit2,YFB2,18,31,76771,140538235294,36181,5165309,deprecated,4123134
104,11068086,2020-10-16 16:43:18,0x9ce43fdf1701c0871e532b1419345e9e33450ad8f1cccf578c420efa0d87480c,113,0xc7fafbd9617701458e012f29f74ec35db4bf940f82d78713fc3413a879cfed0c,0xc824c462c9d2ecb54f94e9def64533827413e70c,0x4f58d36d525c1fa9b3521b84aedfcadda62404f0,0xe643781cc07e6085980aaf76e2323513d5c1251f,9.05391960970607e+19,yield cultivation finance,YFC,18,87,167492,58000000000,111984,6834235,deprecated,4116101
105,11068256,2020-10-16 17:19:12,0xe5403014b03acd514ae4828b1e85c6361115208e98aa0f24942be83ce47e8072,517013,0xbf0b7555537bafc414cff4521fcbe72645e684f0886c7c18b9702167b32fd967,0x274f3c32c90517975e29dfc209a23f315c1e5fc7,0xf0a0f3a6fa6bed75345171a5ea18abcadf6453ba,0xc824c462c9d2ecb54f94e9def64533827413e70c,1.498752e+19,Yearn Finance Bit,YFBT,18,44,73170,50000000000,51169,2920691,deprecated,4115931
106,11068491,2020-10-16 18:09:20,0x76856f8a5499817bc6a8bcbe32f6198f51a6393d5bc8cb58ff57736af2ba1aa5,115,0xcf0c9ecea8e111c6e7657365f0144d1e10698906ecc807df9256b4757614fbd2,0xc824c462c9d2ecb54f94e9def64533827413e70c,0xf0a0f3a6fa6bed75345171a5ea18abcadf6453ba,0x03f6bc90a94e9e4ccfee45d682e71f5c9104869e,9.98752e+18,Yearn Finance Bit,YFBT,18,149,166086,21189001472,125706,12120597,deprecated,4115696
107,11068506,2020-10-16 18:12:59,0x1e424310fc32fdaba2f43a7e7a7a5fe43943f354ae3f6429b7efc122d3e8313a,117,0x912ffb0461ece758917dd132ee915784d98a50aa6c77fbcd0374b63ba4b7f3cc,0xc824c462c9d2ecb54f94e9def64533827413e70c,0xf0a0f3a6fa6bed75345171a5ea18abcadf6453ba,0x03f6bc90a94e9e4ccfee45d682e71f5c9104869e,5e+18,Yearn Finance Bit,YFBT,18,71,166100,22000000000,110718,3820031,deprecated,4115681
108,11091342,2020-10-20 06:14:24,0x842651cafc9ef21cecebc303fe230fbae0834f271d58bb2602c4afed03dd4c2a,1,0xe89e2eecff22b7fd9085f9cfe4d85a8baa9ad5b6215462356c8eede0f21ffc70,0x72a0c680a3c23eb390fe93893b203d331065269c,0x5650ca3f0289c762f83dde1894faa9b6d0d89798,0xc824c462c9d2ecb54f94e9def64533827413e70c,10000000000000.0,Block X Token,BLKX,8,19,61731,24000000000,26154,1340718,deprecated,4092845
109,11091428,2020-10-20 06:36:32,0xbf61ebb4514b2dde223a1faae1d0d63a8f493facc1b7e97eaa59addc000b7eaf,6,0xac12806a0ced5e5198808070867abee558b63417029e5a297fe51bb6864eb06d,0x1e0bb25adf628b07e2d3f6544f94f6e41ad97749,0x5650ca3f0289c762f83dde1894faa9b6d0d89798,0xc824c462c9d2ecb54f94e9def64533827413e70c,100000000000.0,Block X Token,BLKX,8,202,61713,36000000000,41142,11735151,deprecated,4092759
110,11092014,2020-10-20 08:51:59,0xc9c526e984da967fa5206ffbc6cbdd2760b0bd3650b96ad217a717ddea94d66b,119,0xce3389af4bf0be26ca86fde26afdbd6331ae8bbbb432fb346597469051c73f11,0xedebe36b789519888590a2aabee2350ecb5e0bbd,0xedebe36b789519888590a2aabee2350ecb5e0bbd,0xc824c462c9d2ecb54f94e9def64533827413e70c,12000000000.0,LionRed,LION,8,252,76384,39000000000,75384,9947959,deprecated,4092173
111,11098622,2020-10-21 09:12:13,0x7db5fb010b6c6b5905023b58895b87c29a0045f70da74b6e7e88e378325c6bbe,7,0x48e9258539115192026c731a2f9ffb526bb0af16fd6d3c42a08f042c862fe012,0x1e0bb25adf628b07e2d3f6544f94f6e41ad97749,0x5650ca3f0289c762f83dde1894faa9b6d0d89798,0xc824c462c9d2ecb54f94e9def64533827413e70c,18100000000000.0,Block X Token,BLKX,8,152,61731,45000000000,41154,6152720,deprecated,4085565
112,11099750,2020-10-21 13:18:20,0xc6f7f5e475912913dfd50a8c40688417d72c8ebcd8f4a08bbb50a97dba8e1a43,121,0x34b32fd3b5568922f3500004c5d0bdf623a8eb358e637ae8abc3531ffb1a81d1,0xc824c462c9d2ecb54f94e9def64533827413e70c,0x40b92fce37cefa03baf7603e7913c1d34dd1a4ec,0x82d5fb29c54c3dd762cff8a76f3bc3625abf6939,1394696154.0,YeaFinance,YEA,8,179,168183,57200000000,112612,11485829,deprecated,4084437
113,11101119,2020-10-21 18:24:35,0xcdf058f8a0f9c6d993089060c59e050e853b49e7fe7fcfa80884e5ee3772bc6f,122,0x9dce1621302ad55d67bdd10c39f049df57527ed748945bb0a3ad77b8045b68da,0x7abe2a84368af480ffd4beb7676133c30f37dc05,0x7abe2a84368af480ffd4beb7676133c30f37dc05,0xc824c462c9d2ecb54f94e9def64533827413e70c,4.0,DTT Exchange,DTT,0,122,129000,81000000000,86000,9887428,deprecated,4083068
114,11104127,2020-10-22 05:31:14,0x7a9c4db21d7f90e122e577ed0ef2a9d1570ef5713be4fca099fb808b1896a3e7,2,0x4716141dd9c6894372203de151b309ecfe4a56a06f89e9f813c67771cc320d9d,0xeec282b4410d85151093543fea807f0e3426f059,0x5650ca3f0289c762f83dde1894faa9b6d0d89798,0xc824c462c9d2ecb54f94e9def64533827413e70c,18200000000000.0,Block X Token,BLKX,8,263,61731,45000000000,41154,11802367,deprecated,4080060
115,11111012,2020-10-23 06:44:07,0xf36e151f38587bd0e923b37f0c5f61ae415ee548949df4289e156d6150e7ad1a,2,0xaa87cce4e1d5cc517d0b7699ed018f0b2d2f4578a70484ad3b9a7e93d682f26b,0x7cca892971ea4c0139a9d3d4c10d812798292a9d,0x5650ca3f0289c762f83dde1894faa9b6d0d89798,0xc824c462c9d2ecb54f94e9def64533827413e70c,10000000000000.0,Block X Token,BLKX,8,203,61731,33000000000,26154,12005912,deprecated,4073175
116,11116509,2020-10-24 03:09:20,0xddd01dc69c225d0051343e928d7af3bbc99aac7a86e7b57c8b6d130471ebdb66,1,0xf7e12fb53a0de029acd3508d4e4ce1588328bf13904c5689bcc8384a6cf7f645,0xedd48ead13f0c2e593c659f206e55055c3f8dd2e,0x5650ca3f0289c762f83dde1894faa9b6d0d89798,0xc824c462c9d2ecb54f94e9def64533827413e70c,10000000000000.0,Block X Token,BLKX,8,85,61731,18100000000,26154,12104648,deprecated,4067678
117,11172622,2020-11-01 17:44:23,0x6ab24319e46b046aa13f9d0027c2aedb65c56c7994e38bd629dd724cbece3513,124,0xc4b03cd95c54235e79228704a55668de118ae9ca7fe87765f5e34c53d3c7f152,0x379646c747df75dd7aee834b39471f4e48c4ed64,0x730f3bb827b9a9ece07ed8ef6defdbe32e935a53,0xc824c462c9d2ecb54f94e9def64533827413e70c,8.1e+20,uSwapFX,UFX,18,143,126876,19500001604,78896,8133774,deprecated,4011565
118,11184761,2020-11-03 14:40:43,0xaf9dc2fe5b5554fcd353d7c29c831e32f8aaeb35a72abfc8c19f47489394828c,125,0x021bd90bbd11ce70ac06bb033f20a16ce1cb2eb9fb4e77e3cf97ea5b9e085fc2,0x8d0cec5d537dc470ffa2f45e58430c638224ebb8,0x8d0cec5d537dc470ffa2f45e58430c638224ebb8,0xc824c462c9d2ecb54f94e9def64533827413e70c,1890.0,Link Trade Token,LTT,0,134,256141,47000000000,193132,8518303,deprecated,3999426
119,11184812,2020-11-03 14:51:23,0xa974a724f4cbbf6ee33b712c7cda1cadd6d6bcee337c7feaf3df5cf7a88b61e9,126,0x6828e2eb1caf7040705a225781a69e88954c8183ff2a29af7d138e9867e8a7f0,0xc824c462c9d2ecb54f94e9def64533827413e70c,0x8d0cec5d537dc470ffa2f45e58430c638224ebb8,0x8d0cec5d537dc470ffa2f45e58430c638224ebb8,1000.0,Link Trade Token,LTT,0,125,233268,49000000000,155095,9209297,deprecated,3999375
120,11184830,2020-11-03 14:54:23,0x39625f0bee41624a7497769267b5acf8b6e1d7234dd9daf9e588a0f06983bc69,127,0xe63aacf27b9c6e0d56e35bcefa34eeafb1ca958ce512fdb5be0314006800a4aa,0xc824c462c9d2ecb54f94e9def64533827413e70c,0x8d0cec5d537dc470ffa2f45e58430c638224ebb8,0x8d0cec5d537dc470ffa2f45e58430c638224ebb8,890.0,Link Trade Token,LTT,0,141,233268,46000000000,140095,11269080,deprecated,3999357
121,11184930,2020-11-03 15:18:23,0x44ad8a4aa461887a56388bfd9d0456d4eb717b59b29e4b62a577a00cccff4e6f,128,0x75ec6a4e6fb7b1ee3ce431cd02fa19da1d05fe7fd4ab9bc1035896eeff4c804d,0x8d0cec5d537dc470ffa2f45e58430c638224ebb8,0x8d0cec5d537dc470ffa2f45e58430c638224ebb8,0xc824c462c9d2ecb54f94e9def64533827413e70c,1309.0,Link Trade Token,LTT,0,44,261369,57000000000,174246,3397289,deprecated,3999257
122,11185071,2020-11-03 15:46:32,0xb5a2df6b580340ac781025ed0074d3c4b5ef98f0e69e6383a0579b45f46403b7,129,0xa1cb09142d1e8a10def2753050a0f4725c8878c4c30437128f0814c2faee1fe3,0xc824c462c9d2ecb54f94e9def64533827413e70c,0x8d0cec5d537dc470ffa2f45e58430c638224ebb8,0x8d0cec5d537dc470ffa2f45e58430c638224ebb8,1309.0,Link Trade Token,LTT,0,57,233268,60000000000,140095,4008473,deprecated,3999116
123,11198383,2020-11-05 16:49:24,0x942d241be0bdf1ecf81930a2b03a6c9fa3cc3f6d8a7cede0bdce017195542fd3,1,0x775a84449c20a6f05feb1e214d213fde1ebd1af33cf4cdb7a386fb47471c9e51,0xd0d29dff924202101655795433465c05ce8ca675,0x5650ca3f0289c762f83dde1894faa9b6d0d89798,0xc824c462c9d2ecb54f94e9def64533827413e70c,10000000000000.0,Block X Token,BLKX,8,41,61731,123000000000,26154,2368029,deprecated,3985804
124,11202675,2020-11-06 08:21:04,0x956ba924295662c145d6b3ca7b23f645b0e7127c14df4b286b615a05e2f45a5d,130,0xbb3feb48cba17cbc4f2d60c1933be19136c41b79e63265acea2fa11b09f61554,0xc824c462c9d2ecb54f94e9def64533827413e70c,0x5650ca3f0289c762f83dde1894faa9b6d0d89798,0xc95c8c4f40acdf3016629add8e776d2d5f1c1874,10000000000000.0,Block X Token,BLKX,8,90,84231,26000000000,56154,6859170,deprecated,3981512
125,11205667,2020-11-06 19:26:39,0xd4b7e4d821dd9ac20b70a856b0917a9176692cdc412b99851b5f3aaa47f944e7,4,0x24d550268b578b16365352363d223143b69f55fe9e6c69a0f0b26e1fae46dea6,0x0077bd97e318a971e5eb269f1235820371e3d204,0x5650ca3f0289c762f83dde1894faa9b6d0d89798,0xc824c462c9d2ecb54f94e9def64533827413e70c,20000000000000.0,Block X Token,BLKX,8,134,61731,25000000000,26154,9020674,deprecated,3978520
126,11208644,2020-11-07 06:22:17,0xe61c52f2d92b396eb2480288a42334b36e31afbea7f6fca6b6f48a9cb4c5e6bf,131,0xe8bfc336f9eddfe75d46873ee8b804726fe4f1c1b955ba7ee3de31aa49ce8eab,0xc824c462c9d2ecb54f94e9def64533827413e70c,0x5650ca3f0289c762f83dde1894faa9b6d0d89798,0xbe23fb03395d6a333265367c0115e980d840976e,5000000000000.0,Block X Token,BLKX,8,182,84231,24600000000,56154,11639041,deprecated,3975543
127,11208791,2020-11-07 06:53:46,0x370888ff9decfde31832881be35ba1e4ff813a5db5916ce24d3e5e8c0eafe65d,132,0x6a5cd5138d63357988251061fe008f7f3d2c8aee8ff035b12cdcab9f1b681ef7,0xc824c462c9d2ecb54f94e9def64533827413e70c,0x5650ca3f0289c762f83dde1894faa9b6d0d89798,0x37ea775a2a8564f8e638013767603551497f88f4,5000000000000.0,Block X Token,BLKX,8,221,84231,24700000000,56154,12049970,deprecated,3975396
128,11209653,2020-11-07 09:59:17,0x5271ab9994c4ef6c96243399601245313140968855007007f73d5dc264af9c7a,41,0xdf5654c62930f4145010bc50db67f91f025f5b96487d4fcb54d2672620369061,0x03991ddfdda09d76566fa349f76fba6e4f7803f8,0x03991ddfdda09d76566fa349f76fba6e4f7803f8,0xc824c462c9d2ecb54f94e9def64533827413e70c,500.0,Digi Exchange,DIGIX,0,214,533825,33000000000,533825,10579541,deprecated,3974534
129,11210140,2020-11-07 11:49:21,0xa3a43c996a8bb90636ccfbba4fdc4dde89965cebf8c186c0cf7a0c8d219216c1,1,0xf606c2365b061e604b7990ef5837d250b21fead30314190639569f682eb302d0,0x3b856d6aa11b27aa7d5c9cc262a8c38b0f6a3aeb,0x5650ca3f0289c762f83dde1894faa9b6d0d89798,0xc824c462c9d2ecb54f94e9def64533827413e70c,10000000000000.0,Block X Token,BLKX,8,158,61731,27000000000,26154,9991399,deprecated,3974047
130,11210430,2020-11-07 12:52:00,0x91768946fb7a9b6a43810c65a14a60ca94fd220efb181ee8d9d2bea01a5c380c,3,0xa1cd856b8dec41ae71dce69967db4c6c9e8bebfa13a375ef82da863f1013fa3a,0x72a0c680a3c23eb390fe93893b203d331065269c,0x5650ca3f0289c762f83dde1894faa9b6d0d89798,0xc824c462c9d2ecb54f94e9def64533827413e70c,8200000000000.0,Block X Token,BLKX,8,109,61731,31000000000,41154,9959238,deprecated,3973757
131,11211223,2020-11-07 15:56:52,0xca96a0d4859afdce396867035ab9c7df53658c2e0072440834ca1004884b8833,4,0x06f06e79e50c0909511c06a95e2cb990e00980818adf29ca5c910222a5372828,0x0bc1e9770d4445fb49e3e474555cc15c667a5dd5,0x0bc1e9770d4445fb49e3e474555cc15c667a5dd5,0xc824c462c9d2ecb54f94e9def64533827413e70c,500.0,Digi Exchange,DIGIX,0,96,4790736,67500000000,4790736,10624647,deprecated,3972964
132,11212126,2020-11-07 19:11:43,0xd7bbd2559abc703eebc8625733098456dec10f12d1ab94c76c711fee25560165,134,0x2361f4434613399e62012854957785bb744c237a0fe052e71f66158db14a0b13,0xc824c462c9d2ecb54f94e9def64533827413e70c,0x0bc1e9770d4445fb49e3e474555cc15c667a5dd5,0x0bc1e9770d4445fb49e3e474555cc15c667a5dd5,500.0,Digi Exchange,DIGIX,0,196,99819,58000000000,82591,11338725,deprecated,3972061
133,11217566,2020-11-08 15:28:47,0x560f6b236bfb68abd749026b2f2045d6a6ca166ceadb9753a9616a93ab9b8582,135,0xa777eb0b80b69d0c8bf5aff6048ea5ee56dd963046ee5750177701286510f6c9,0xc824c462c9d2ecb54f94e9def64533827413e70c,0x5650ca3f0289c762f83dde1894faa9b6d0d89798,0x37ea775a2a8564f8e638013767603551497f88f4,10000000000000.0,Block X Token,BLKX,8,101,61731,24800000000,41154,7222942,deprecated,3966621
134,11221974,2020-11-09 07:38:14,0x4e8eefe873e7239a334b4c3b095435827fa5cdad13f814993cfad844b170dd45,4,0xb573e3b65d5940b74f1f66d8989cc573cebbecf2e7c2ff4eff73d7e2d92c3f24,0x7cca892971ea4c0139a9d3d4c10d812798292a9d,0x5650ca3f0289c762f83dde1894faa9b6d0d89798,0xc824c462c9d2ecb54f94e9def64533827413e70c,8200000000000.0,Block X Token,BLKX,8,229,61731,28000000000,41154,11413453,deprecated,3962213
135,11223421,2020-11-09 12:57:27,0x1d3a43468e3f5083ae0782bef152975a8f933d6c14ab77d157680904d70930bf,136,0x7b1d5fdc50b4cf924343df623dc728dd70fdfdc94e6f01d43120fc9b9d96eb80,0xc824c462c9d2ecb54f94e9def64533827413e70c,0x5650ca3f0289c762f83dde1894faa9b6d0d89798,0xbe23fb03395d6a333265367c0115e980d840976e,11000000000000.0,Block X Token,BLKX,8,55,61731,54000000000,41154,5579944,deprecated,3960766
136,11249472,2020-11-13 12:55:26,0x137ae4e8e3e79a726bbc498f4e85ff85a1c79cb28eca48a75e2b5f8c5762b497,151211,0x802791aec916abba5b3c981cee6bad29019c15520bb8486889d768e1964fbefa,0xfc573e8059e0cda91fa70866e34e94d77d0c78b0,0x51a4f65463597ca4609c9a90ea3d5ab219fbc85d,0xc824c462c9d2ecb54f94e9def64533827413e70c,9.5e+19,BITWINGS TOKEN,BWN,18,6,200000,93500000000,54122,576530,deprecated,3934715
137,11275704,2020-11-17 13:26:23,0x1929e47a64ba655a7b1d74b1ba18f62f0cc8781e858e62bfb420884c532732aa,144,0xc41a111ee7ff48d7e21892a65774b1049b3a9286cc391b821293ce52e7e2afc8,0xc824c462c9d2ecb54f94e9def64533827413e70c,0x0bc1e9770d4445fb49e3e474555cc15c667a5dd5,0x0bc1e9770d4445fb49e3e474555cc15c667a5dd5,209.0,Digi Exchange,DIGIX,0,140,99807,66503048973,82579,7555325,deprecated,3908483
138,11327090,2020-11-25 10:46:45,0x400d2a974820ff10d658b3ee99512789746a2a43de5571f7dabae25d3f36f96b,7,0x97b339811b0c252eaa3c76a83fd60fb75744ab4e842fbc7d2e5d6ad2769794a3,0x83e08c55e3666732046ed4ffb2b7d4cc8ed68aca,0x5650ca3f0289c762f83dde1894faa9b6d0d89798,0xc824c462c9d2ecb54f94e9def64533827413e70c,8200000000000.0,Block X Token,BLKX,8,121,61731,45000000000,41154,9876122,deprecated,3857097
139,11347769,2020-11-28 15:13:46,0xbc54a890c4681b26159efbbe29b798077efd723c36728f20c3354973c1c30cd8,3,0x58fc0973f323d50cb18e7578957be01bf0d859a6fb42a04db4ebffb574522b42,0x0752ed24cb7df2e036bc2c78ebe47dfe5c2344c0,0x5650ca3f0289c762f83dde1894faa9b6d0d89798,0xc824c462c9d2ecb54f94e9def64533827413e70c,18200000000000.0,Block X Token,BLKX,8,135,61731,22200000000,41154,7547391,deprecated,3836418
140,11347788,2020-11-28 15:18:14,0xa9cc516cacf9d325eba614d91804c66b03d21b1a8ab6dfb317007ed7c84443f2,4,0x7ee52cea08657e54dd218a870499a2763d3d4fdc8ce8d9fe6c984f396691013f,0x6cbe94c3e97ae18d3f6675e4bb1c0f008cfdf56e,0x5650ca3f0289c762f83dde1894faa9b6d0d89798,0xc824c462c9d2ecb54f94e9def64533827413e70c,18200000000000.0,Block X Token,BLKX,8,146,61731,21100000000,41154,12380058,deprecated,3836399
141,11386411,2020-12-04 13:22:30,0x2dcd1bb69c55f6bfba6a9e5cabc84b70d0407333d31d55620d72215f4072978b,4,0x7b90680de8dd18bfc8f1ca34d709f55b55040a5e12bfb06ee168c9435b3c76ea,0xedd48ead13f0c2e593c659f206e55055c3f8dd2e,0x5650ca3f0289c762f83dde1894faa9b6d0d89798,0xc824c462c9d2ecb54f94e9def64533827413e70c,8200000000000.0,Block X Token,BLKX,8,85,61731,27000000000,41154,5414248,deprecated,3797776
142,11391402,2020-12-05 07:54:21,0xe9b8e253314b0e0f4739ead01e643c45afc492d000e4eecec7de40e1795e0349,4,0x361d9b16e7edad4ad0707eeae8cf606927402f9776baaf59a6491f661ababeb8,0x3b856d6aa11b27aa7d5c9cc262a8c38b0f6a3aeb,0x5650ca3f0289c762f83dde1894faa9b6d0d89798,0xc824c462c9d2ecb54f94e9def64533827413e70c,8200000000000.0,Block X Token,BLKX,8,82,61731,18000000000,41154,12427932,deprecated,3792785
143,11407156,2020-12-07 17:55:11,0x1425eb1e3682dbd81432c1fe843a6794416b7af306bc6487fb0edb117dad50c4,1,0x130b5e0d663d2c281c4f8b3b4aea7761b3288d3619c63a44805247c30e5b1e25,0xa08d975437b71df25f8ca71682d8284f937e2a98,0x5650ca3f0289c762f83dde1894faa9b6d0d89798,0xc824c462c9d2ecb54f94e9def64533827413e70c,10000000000000.0,Block X Token,BLKX,8,99,61731,26000000000,26154,10403045,deprecated,3777031
144,11417317,2020-12-09 07:27:03,0x38323e3aca75fc39da0df7e923b8108a553349e5af9e4b49adfb18c8f1a2f15e,263,0xb80abd406ff0ffda7d0a30debf3fdc1dca711eebc988fee8a7617a95f30c4146,0xbf2d474c284c3651e426ac130579b2740b97e994,0xd0891923b66b9e51d44468be18abc50c7046be80,0xc824c462c9d2ecb54f94e9def64533827413e70c,57000000000.0,UniswapDefiToken,UNIT,8,97,76933,42600000233,51289,11392934,deprecated,3766870
145,11418597,2020-12-09 12:17:52,0x0d8c541bbc94bf66e008a3949b0a38cbfbacce752267952806303f3a5ce4385e,1,0x8654f49b411f505619c53dd510e3add49319f1e6ee2b6fee8314658f1fb1a39e,0x7d32d4c02dc43598223145f188060a2762f2b6d7,0x5650ca3f0289c762f83dde1894faa9b6d0d89798,0xc824c462c9d2ecb54f94e9def64533827413e70c,10000000000000.0,Block X Token,BLKX,8,114,61731,47000000000,26154,7673356,deprecated,3765590
146,11419555,2020-12-09 15:40:03,0x212485548499aace846f09040cedbe99f137f8ebaff2eaffea2881ea09852da8,148,0x89c0151ce84c91af320999b5e50a753dd996e49f68454c2683140e1e469bea26,0xc824c462c9d2ecb54f94e9def64533827413e70c,0x0bc1e9770d4445fb49e3e474555cc15c667a5dd5,0x0bc1e9770d4445fb49e3e474555cc15c667a5dd5,500.0,Digi Exchange,DIGIX,0,199,99819,68450000801,82591,10052622,deprecated,3764632
147,11422341,2020-12-10 01:53:25,0xadb2b04c8365d3a661844a8342dbe505bcd69637cc68d3878c86c2acc8d6e396,3,0xba226f883a724aecf683c33a49af7a2a36515d1f671e24e0a2762bf56903ad87,0xa08d975437b71df25f8ca71682d8284f937e2a98,0x5650ca3f0289c762f83dde1894faa9b6d0d89798,0xc824c462c9d2ecb54f94e9def64533827413e70c,8200000000000.0,Block X Token,BLKX,8,116,61731,35000000000,41154,8871328,deprecated,3761846
148,11429700,2020-12-11 05:17:46,0x9e4a7c9a3ae15e39df30911b3b881ebe2f1aa730660522fe264348fda99ca2c8,244,0x21714ff36488a0f657e2951fdfd682f6b9fcde9098740d41de7ee137e1ec8291,0xc226f9aa491406a40d12a70b198e70dafa91dab9,0xc226f9aa491406a40d12a70b198e70dafa91dab9,0xc824c462c9d2ecb54f94e9def64533827413e70c,4000.0,DTT Exchange V4,DTT,3,10,11391463,28000000000,7594309,8195223,deprecated,3754487
149,11582310,2021-01-03 15:22:18,0xbc4d5ac0af2836175aa8b0a17127333e42784277561498169ad4c040d7ccf301,5,0x51e6fd5433b10577bb4dd61a971296c5f16031265967c468525ee61b8b5919c6,0x10f648de160127c2ecaaf8057959d60c57f1f633,0x5650ca3f0289c762f83dde1894faa9b6d0d89798,0xc824c462c9d2ecb54f94e9def64533827413e70c,10000000000000.0,Block X Token,BLKX,8,238,61731,185000000000,26154,11314113,deprecated,3601877
150,11670458,2021-01-17 04:10:24,0x1a7a291f6d16dd1179ce1e29ae1a8d0d63bea7144290d8a91152dca6f0b5a7c1,16,0x9a775800aa8afc38f932dc373b00a016cd926b1837309bbaaffcbbda9548a1d9,0x4dbd2659ed6977d668e3249c0e789c675665490a,0x4dbd2659ed6977d668e3249c0e789c675665490a,0xc824c462c9d2ecb54f94e9def64533827413e70c,4000.0,DTT Exchange V5,DTT,3,23,10687249,38000000000,7124833,8835644,deprecated,3513729
151,11800469,2021-02-06 04:06:44,0x632217025e64fe6a37da92d8b578bea9038fc6489852c884b53a59e337739de1,155,0x7b02bc83679a54dffe928fbe682d4e4996e8819fb7e3ae96962d77ad80f443b2,0xbe55c87dff2a9f5c95cb5c07572c51fd91fe0732,0xad4f86a25bbc20ffb751f2fac312a0b4d8f88c64,0xc824c462c9d2ecb54f94e9def64533827413e70c,1.1124356886867784e+21,OptionRoom Token,ROOM,18,15,164885,129688516556,124329,9792424,deprecated,3383718
152,11801308,2021-02-06 07:06:55,0x0b2c069e12b0674b6412b7769e47b1227d7168a1a8f7514474b394d2a23350dc,157,0xde6eeb9a72b7a80e2d6143e0ef021f937525fe32897a28f3b48c56e08cf780f9,0xc824c462c9d2ecb54f94e9def64533827413e70c,0xad4f86a25bbc20ffb751f2fac312a0b4d8f88c64,0xbe55c87dff2a9f5c95cb5c07572c51fd91fe0732,1.1124356886867784e+21,OptionRoom Token,ROOM,18,183,168099,151000000000,100520,9717476,deprecated,3382879
153,11806647,2021-02-07 02:47:44,0x36baede982b9ab1952b1343b3d64e8fcf522593434b4bf947d0b8e02ce28f7c7,160,0xe1058ddf11edebd8af43bcfc91ec312d1c3597958913574fe4ca0cc26b187f72,0xbe55c87dff2a9f5c95cb5c07572c51fd91fe0732,0xad4f86a25bbc20ffb751f2fac312a0b4d8f88c64,0xc824c462c9d2ecb54f94e9def64533827413e70c,1.2792758883333775e+21,OptionRoom Token,ROOM,18,166,164885,137000000000,124329,9903537,deprecated,3377540
154,11814144,2021-02-08 06:24:40,0x4784aab319e69d24f1f2f09b597038806c5c9ac5b3c5166da6ee49eb78077646,164,0x8574faa4d4a9a2a20bd5e31b91158b0d4a028c4116ae27ddb23c77102a7b1e74,0xc824c462c9d2ecb54f94e9def64533827413e70c,0xad4f86a25bbc20ffb751f2fac312a0b4d8f88c64,0x8b737390c24173b19ce6e83c2e0265a494f0787c,1.2792758883333775e+21,OptionRoom Token,ROOM,18,18,76812,107000000000,36208,1105888,deprecated,3370043
155,11821992,2021-02-09 11:32:44,0xdf065e4773d2a9de12f6c2ae2021be2b4549084f0b9aeeb5156caad05d97eb45,165,0x112ca21e345620285d81d5391d5935bcecd57119c4268995c047c9c8dd02d04d,0x75e5852385fa856791d703e3f04da24f5bc13975,0x8c8687fc965593dfb2f0b4eaefd55e9d8df348df,0xc824c462c9d2ecb54f94e9def64533827413e70c,4.3501006077078464e+20,PAID Network,PAID,18,68,173655,150000000000,132177,6858210,deprecated,3362195
156,11822098,2021-02-09 11:55:20,0x66eacbd302b6e5c230289b195858934e02a36a5c88b1c7f5dee661af6d7faa2e,167,0x8547ee2fdce241e78f496ae4a38132d86b755f8271e06a3eb030cd57c40b6ee2,0xc824c462c9d2ecb54f94e9def64533827413e70c,0x8c8687fc965593dfb2f0b4eaefd55e9d8df348df,0x75e5852385fa856791d703e3f04da24f5bc13975,4.3501006077078464e+20,PAID Network,PAID,18,46,176938,137000000000,120571,5543700,deprecated,3362089
157,11822155,2021-02-09 12:11:16,0xe645e7bd34aa4d174c56e8032efe7426403cb4d56df941e6a4431154c5891c8c,168,0x8262c33d19ca41c6a397eddcd3f9e94096b98ccebf6f9fce7c7aee138f972a00,0x75e5852385fa856791d703e3f04da24f5bc13975,0x8c8687fc965593dfb2f0b4eaefd55e9d8df348df,0xc824c462c9d2ecb54f94e9def64533827413e70c,4.0543960145026626e+20,PAID Network,PAID,18,159,173655,150000000000,120161,7955836,deprecated,3362032
158,11854458,2021-02-14 11:09:09,0x820d539574198e47bd413d857fde062a822de014574594fc25ace2e14e9b1073,171,0xf8b7d4edfa5c819fc1b12e9c0a80b5a015cb2d792697f74a6ea6a84c2f3f3fb0,0xc824c462c9d2ecb54f94e9def64533827413e70c,0x8c8687fc965593dfb2f0b4eaefd55e9d8df348df,0x75e5852385fa856791d703e3f04da24f5bc13975,4.0543960145026626e+20,PAID Network,PAID,18,66,176938,112000000000,120571,11209099,deprecated,3329729
159,11856455,2021-02-14 18:29:24,0xbc97e108c87ad58dda41fa76dc922bd4892b7fc81151822dc5fc32f7760404ab,172,0x0755c7bf9bcfaa351c98f18a20d6e5587cf17dead0f25acbcfd39c4adc89c547,0x26aad2da94c59524ac0d93f6d6cbf9071d7086f2,0x111111111117dc0aa78b770fa6a738034120c302,0xc824c462c9d2ecb54f94e9def64533827413e70c,3.005276445090076e+20,1INCH Token,1INCH,18,107,164860,90000000000,112290,9793626,deprecated,3327732
160,11856686,2021-02-14 19:24:40,0xc866bf82b8a3af154e419325c2dac4ae063cd533e7604bc86464a73afc0dbd01,173,0xf80398ce69020eb041bb8cb62de03c11aa92d3273cf490daa98b778c27925f89,0x26aad2da94c59524ac0d93f6d6cbf9071d7086f2,0x111111111117dc0aa78b770fa6a738034120c302,0xc824c462c9d2ecb54f94e9def64533827413e70c,3.488542839094253e+20,1INCH Token,1INCH,18,113,148098,130000000000,109306,5552862,deprecated,3327501
161,11868316,2021-02-16 14:15:18,0x17d6fa62fad750f9e8162b16a66230b14bc0b838400d246e950ee584f4888845,175,0xa837703e7564cdacb4dfc9dfc2c769a023d6351bddcb094833a4626e6bc04fcf,0xc824c462c9d2ecb54f94e9def64533827413e70c,0x111111111117dc0aa78b770fa6a738034120c302,0x5bc7ea8a3a4299ee7efb99d298f6396b3f53018c,6.493819284184329e+20,1INCH Token,1INCH,18,198,76713,196000000000,36142,10528059,deprecated,3315871
162,12011697,2021-03-10 15:46:22,0xb4c4777a74dcf6da9a91e85b61a9f1e63ee85d328bb3b89a0688246b8b1e94be,177,0xf0bbd21c5ad41bcc6e7c9ef21fdceb0a9e76f9af239a72b3c98e494f6f96d17a,0xc824c462c9d2ecb54f94e9def64533827413e70c,0x5650ca3f0289c762f83dde1894faa9b6d0d89798,0x19c052590ef90b1fb3ada0555eb562e3f49453ed,100000000000.0,Block X Token,BLKX,8,75,84213,140000000000,56142,2664347,deprecated,3172490
163,12011706,2021-03-10 15:48:59,0xa95371d9afa3cd37aa3c621b260dbe1a220d2e7a402fb722910660c07175e92e,178,0x9fa95188f0b1088b6446d5acc1537e24716d61e3cec8c2e793c50cb10ec486a7,0xc824c462c9d2ecb54f94e9def64533827413e70c,0x5650ca3f0289c762f83dde1894faa9b6d0d89798,0x19c052590ef90b1fb3ada0555eb562e3f49453ed,190900000000000.0,Block X Token,BLKX,8,180,61731,139000000000,26154,9865287,deprecated,3172481
164,13729303,2021-12-02 20:02:05,0x65a898eb088a0560ac5cf61b75ac101a61935a7852eb63b8e1fbb2cf86b62d55,180,0x7ef07833f1c335bce377f9cae0f940754a8e37de4dc0e9e1bc097f3238371013,0xc824c462c9d2ecb54f94e9def64533827413e70c,0x58b6a8a3302369daec383334672404ee733ab239,0x13f58a0bf0fbb39c9b41645f12a02d819d556826,2.0763031716069345e+18,Livepeer Token,LPT,18,89,52681,104240546932,30321,6472896,deprecated,1454884
